R.vdc.u1.tdc.offsets=
   0.0    0.0    0.0    0.0    0.0    0.0    0.0    0.0 
   0.0    0.0    0.0    0.0    0.0    0.0    0.0    0.0 
2645.8 2645.8 2645.8 2645.8 2645.8 2645.8 2645.8 2645.8 
2645.8 2645.8 2645.8 2645.8 2645.8 2645.8 2645.8 2645.8 
2644.2 2644.2 2644.2 2644.2 2644.2 2644.2 2644.2 2644.2 
2644.2 2644.2 2644.2 2644.2 2644.2 2644.2 2644.2 2644.2 
2643.4 2643.4 2643.4 2643.4 2643.4 2643.4 2643.4 2643.4 
2643.4 2643.4 2643.4 2643.4 2643.4 2643.4 2643.4 2643.4 
2642.3 2642.3 2642.3 2642.3 2642.3 2642.3 2642.3 2642.3 
2642.3 2642.3 2642.3 2642.3 2642.3 2642.3 2642.3 2642.3 
2639.6 2639.6 2639.6 2639.6 2639.6 2639.6 2639.6 2639.6 
2639.6 2639.6 2639.6 2639.6 2639.6 2639.6 2639.6 2639.6 
2645.2 2645.2 2645.2 2645.2 2645.2 2645.2 2645.2 2645.2 
2645.2 2645.2 2645.2 2645.2 2645.2 2645.2 2645.2 2645.2 
2644.9 2644.9 2644.9 2644.9 2644.9 2644.9 2644.9 2644.9 
2644.9 2644.9 2644.9 2644.9 2644.9 2644.9 2644.9 2644.9 
2647.3 2647.3 2647.3 2647.3 2647.3 2647.3 2647.3 2647.3 
2647.3 2647.3 2647.3 2647.3 2647.3 2647.3 2647.3 2647.3 
2645.1 2645.1 2645.1 2645.1 2645.1 2645.1 2645.1 2645.1 
2645.1 2645.1 2645.1 2645.1 2645.1 2645.1 2645.1 2645.1 
2647.7 2647.7 2647.7 2647.7 2647.7 2647.7 2647.7 2647.7 
2647.7 2647.7 2647.7 2647.7 2647.7 2647.7 2647.7 2647.7 
2647.1 2647.1 2647.1 2647.1 2647.1 2647.1 2647.1 2647.1 
2647.1 2647.1 2647.1 2647.1 2647.1 2647.1 2647.1 2647.1 
2648.3 2648.3 2648.3 2648.3 2648.3 2648.3 2648.3 2648.3 
2648.3 2648.3 2648.3 2648.3 2648.3 2648.3 2648.3 2648.3 
2647.1 2647.1 2647.1 2647.1 2647.1 2647.1 2647.1 2647.1 
2647.1 2647.1 2647.1 2647.1 2647.1 2647.1 2647.1 2647.1 
2646.7 2646.7 2646.7 2646.7 2646.7 2646.7 2646.7 2646.7 
2646.7 2646.7 2646.7 2646.7 2646.7 2646.7 2646.7 2646.7 
2648.2 2648.2 2648.2 2648.2 2648.2 2648.2 2648.2 2648.2 
2648.2 2648.2 2648.2 2648.2 2648.2 2648.2 2648.2 2648.2 
2653.1 2653.1 2653.1 2653.1 2653.1 2653.1 2653.1 2653.1 
2653.1 2653.1 2653.1 2653.1 2653.1 2653.1 2653.1 2653.1 
2647.5 2647.5 2647.5 2647.5 2647.5 2647.5 2647.5 2647.5 
2647.5 2647.5 2647.5 2647.5 2647.5 2647.5 2647.5 2647.5 
2654.7 2654.7 2654.7 2654.7 2654.7 2654.7 2654.7 2654.7 
2654.7 2654.7 2654.7 2654.7 2654.7 2654.7 2654.7 2654.7 
2655.0 2655.0 2655.0 2655.0 2655.0 2655.0 2655.0 2655.0 
2655.0 2655.0 2655.0 2655.0 2655.0 2655.0 2655.0 2655.0 
2655.1 2655.1 2655.1 2655.1 2655.1 2655.1 2655.1 2655.1 
2655.1 2655.1 2655.1 2655.1 2655.1 2655.1 2655.1 2655.1 
   0.0    0.0    0.0    0.0    0.0    0.0    0.0    0.0 
   0.0    0.0    0.0    0.0    0.0    0.0    0.0    0.0 
   0.0    0.0    0.0    0.0    0.0    0.0    0.0    0.0 
   0.0    0.0    0.0    0.0    0.0    0.0    0.0    0.0 

R.vdc.v1.tdc.offsets=
   0.0    0.0    0.0    0.0    0.0    0.0    0.0    0.0 
   0.0    0.0    0.0    0.0    0.0    0.0    0.0    0.0 
2653.0 2653.0 2653.0 2653.0 2653.0 2653.0 2653.0 2653.0 
2653.0 2653.0 2653.0 2653.0 2653.0 2653.0 2653.0 2653.0 
2649.0 2649.0 2649.0 2649.0 2649.0 2649.0 2649.0 2649.0 
2649.0 2649.0 2649.0 2649.0 2649.0 2649.0 2649.0 2649.0 
2648.2 2648.2 2648.2 2648.2 2648.2 2648.2 2648.2 2648.2 
2648.2 2648.2 2648.2 2648.2 2648.2 2648.2 2648.2 2648.2 
2649.6 2649.6 2649.6 2649.6 2649.6 2649.6 2649.6 2649.6 
2649.6 2649.6 2649.6 2649.6 2649.6 2649.6 2649.6 2649.6 
2646.4 2646.4 2646.4 2646.4 2646.4 2646.4 2646.4 2646.4 
2646.4 2646.4 2646.4 2646.4 2646.4 2646.4 2646.4 2646.4 
2647.0 2647.0 2647.0 2647.0 2647.0 2647.0 2647.0 2647.0 
2647.0 2647.0 2647.0 2647.0 2647.0 2647.0 2647.0 2647.0 
2648.4 2648.4 2648.4 2648.4 2648.4 2648.4 2648.4 2648.4 
2648.4 2648.4 2648.4 2648.4 2648.4 2648.4 2648.4 2648.4 
2648.1 2648.1 2648.1 2648.1 2648.1 2648.1 2648.1 2648.1 
2648.1 2648.1 2648.1 2648.1 2648.1 2648.1 2648.1 2648.1 
2647.5 2647.5 2647.5 2647.5 2647.5 2647.5 2647.5 2647.5 
2647.5 2647.5 2647.5 2647.5 2647.5 2647.5 2647.5 2647.5 
2653.6 2653.6 2653.6 2653.6 2653.6 2653.6 2653.6 2653.6 
2653.6 2653.6 2653.6 2653.6 2653.6 2653.6 2653.6 2653.6 
2650.5 2650.5 2650.5 2650.5 2650.5 2650.5 2650.5 2650.5 
2650.5 2650.5 2650.5 2650.5 2650.5 2650.5 2650.5 2650.5 
2655.0 2655.0 2655.0 2655.0 2655.0 2655.0 2655.0 2655.0 
2655.0 2655.0 2655.0 2655.0 2655.0 2655.0 2655.0 2655.0 
2654.6 2654.6 2654.6 2654.6 2654.6 2654.6 2654.6 2654.6 
2654.6 2654.6 2654.6 2654.6 2654.6 2654.6 2654.6 2654.6 
2650.4 2650.4 2650.4 2650.4 2650.4 2650.4 2650.4 2650.4 
2650.4 2650.4 2650.4 2650.4 2650.4 2650.4 2650.4 2650.4 
2651.3 2651.3 2651.3 2651.3 2651.3 2651.3 2651.3 2651.3 
2651.3 2651.3 2651.3 2651.3 2651.3 2651.3 2651.3 2651.3 
2653.5 2653.5 2653.5 2653.5 2653.5 2653.5 2653.5 2653.5 
2653.5 2653.5 2653.5 2653.5 2653.5 2653.5 2653.5 2653.5 
2649.4 2649.4 2649.4 2649.4 2649.4 2649.4 2649.4 2649.4 
2649.4 2649.4 2649.4 2649.4 2649.4 2649.4 2649.4 2649.4 
2655.4 2655.4 2655.4 2655.4 2655.4 2655.4 2655.4 2655.4 
2655.4 2655.4 2655.4 2655.4 2655.4 2655.4 2655.4 2655.4 
2654.9 2654.9 2654.9 2654.9 2654.9 2654.9 2654.9 2654.9 
2654.9 2654.9 2654.9 2654.9 2654.9 2654.9 2654.9 2654.9 
2656.2 2656.2 2656.2 2656.2 2656.2 2656.2 2656.2 2656.2 
2656.2 2656.2 2656.2 2656.2 2656.2 2656.2 2656.2 2656.2 
   0.0    0.0    0.0    0.0    0.0    0.0    0.0    0.0 
   0.0    0.0    0.0    0.0    0.0    0.0    0.0    0.0 
   0.0    0.0    0.0    0.0    0.0    0.0    0.0    0.0 
   0.0    0.0    0.0    0.0    0.0    0.0    0.0    0.0 

R.vdc.u2.tdc.offsets=
   0.0    0.0    0.0    0.0    0.0    0.0    0.0    0.0 
   0.0    0.0    0.0    0.0    0.0    0.0    0.0    0.0 
2637.0 2637.0 2637.0 2637.0 2637.0 2637.0 2637.0 2637.0 
2637.0 2637.0 2637.0 2637.0 2637.0 2637.0 2637.0 2637.0 
2635.1 2635.1 2635.1 2635.1 2635.1 2635.1 2635.1 2635.1 
2635.1 2635.1 2635.1 2635.1 2635.1 2635.1 2635.1 2635.1 
2633.5 2633.5 2633.5 2633.5 2633.5 2633.5 2633.5 2633.5 
2633.5 2633.5 2633.5 2633.5 2633.5 2633.5 2633.5 2633.5 
2632.1 2632.1 2632.1 2632.1 2632.1 2632.1 2632.1 2632.1 
2632.1 2632.1 2632.1 2632.1 2632.1 2632.1 2632.1 2632.1 
2631.6 2631.6 2631.6 2631.6 2631.6 2631.6 2631.6 2631.6 
2631.6 2631.6 2631.6 2631.6 2631.6 2631.6 2631.6 2631.6 
2639.8 2639.8 2639.8 2639.8 2639.8 2639.8 2639.8 2639.8 
2639.8 2639.8 2639.8 2639.8 2639.8 2639.8 2639.8 2639.8 
2638.8 2638.8 2638.8 2638.8 2638.8 2638.8 2638.8 2638.8 
2638.8 2638.8 2638.8 2638.8 2638.8 2638.8 2638.8 2638.8 
2640.4 2640.4 2640.4 2640.4 2640.4 2640.4 2640.4 2640.4 
2640.4 2640.4 2640.4 2640.4 2640.4 2640.4 2640.4 2640.4 
2640.8 2640.8 2640.8 2640.8 2640.8 2640.8 2640.8 2640.8 
2640.8 2640.8 2640.8 2640.8 2640.8 2640.8 2640.8 2640.8 
2640.0 2640.0 2640.0 2640.0 2640.0 2640.0 2640.0 2640.0 
2640.0 2640.0 2640.0 2640.0 2640.0 2640.0 2640.0 2640.0 
2641.0 2641.0 2641.0 2641.0 2641.0 2641.0 2641.0 2641.0 
2641.0 2641.0 2641.0 2641.0 2641.0 2641.0 2641.0 2641.0 
2641.3 2641.3 2641.3 2641.3 2641.3 2641.3 2641.3 2641.3 
2641.3 2641.3 2641.3 2641.3 2641.3 2641.3 2641.3 2641.3 
2639.4 2639.4 2639.4 2639.4 2639.4 2639.4 2639.4 2639.4 
2639.4 2639.4 2639.4 2639.4 2639.4 2639.4 2639.4 2639.4 
2641.8 2641.8 2641.8 2641.8 2641.8 2641.8 2641.8 2641.8 
2641.8 2641.8 2641.8 2641.8 2641.8 2641.8 2641.8 2641.8 
2639.8 2639.8 2639.8 2639.8 2639.8 2639.8 2639.8 2639.8 
2639.8 2639.8 2639.8 2639.8 2639.8 2639.8 2639.8 2639.8 
2641.4 2641.4 2641.4 2641.4 2641.4 2641.4 2641.4 2641.4 
2641.4 2641.4 2641.4 2641.4 2641.4 2641.4 2641.4 2641.4 
2642.1 2642.1 2642.1 2642.1 2642.1 2642.1 2642.1 2642.1 
2642.1 2642.1 2642.1 2642.1 2642.1 2642.1 2642.1 2642.1 
2645.8 2645.8 2645.8 2645.8 2645.8 2645.8 2645.8 2645.8 
2645.8 2645.8 2645.8 2645.8 2645.8 2645.8 2645.8 2645.8 
2644.9 2644.9 2644.9 2644.9 2644.9 2644.9 2644.9 2644.9 
2644.9 2644.9 2644.9 2644.9 2644.9 2644.9 2644.9 2644.9 
2646.3 2646.3 2646.3 2646.3 2646.3 2646.3 2646.3 2646.3 
2646.3 2646.3 2646.3 2646.3 2646.3 2646.3 2646.3 2646.3 
2644.8 2644.8 2644.8 2644.8 2644.8 2644.8 2644.8 2644.8 
2644.8 2644.8 2644.8 2644.8 2644.8 2644.8 2644.8 2644.8 
   0.0    0.0    0.0    0.0    0.0    0.0    0.0    0.0 
   0.0    0.0    0.0    0.0    0.0    0.0    0.0    0.0 

R.vdc.v2.tdc.offsets=
2651.8 2651.8 2651.8 2651.8 2651.8 2651.8 2651.8 2651.8 
2651.8 2651.8 2651.8 2651.8 2651.8 2651.8 2651.8 2651.8 
2646.2 2646.2 2646.2 2646.2 2646.2 2646.2 2646.2 2646.2 
2646.2 2646.2 2646.2 2646.2 2646.2 2646.2 2646.2 2646.2 
2648.2 2648.2 2648.2 2648.2 2648.2 2648.2 2648.2 2648.2 
2648.2 2648.2 2648.2 2648.2 2648.2 2648.2 2648.2 2648.2 
2645.1 2645.1 2645.1 2645.1 2645.1 2645.1 2645.1 2645.1 
2645.1 2645.1 2645.1 2645.1 2645.1 2645.1 2645.1 2645.1 
2644.8 2644.8 2644.8 2644.8 2644.8 2644.8 2644.8 2644.8 
2644.8 2644.8 2644.8 2644.8 2644.8 2644.8 2644.8 2644.8 
2644.4 2644.4 2644.4 2644.4 2644.4 2644.4 2644.4 2644.4 
2644.4 2644.4 2644.4 2644.4 2644.4 2644.4 2644.4 2644.4 
2646.2 2646.2 2646.2 2646.2 2646.2 2646.2 2646.2 2646.2 
2646.2 2646.2 2646.2 2646.2 2646.2 2646.2 2646.2 2646.2 
2643.1 2643.1 2643.1 2643.1 2643.1 2643.1 2643.1 2643.1 
2643.1 2643.1 2643.1 2643.1 2643.1 2643.1 2643.1 2643.1 
2643.3 2643.3 2643.3 2643.3 2643.3 2643.3 2643.3 2643.3 
2643.3 2643.3 2643.3 2643.3 2643.3 2643.3 2643.3 2643.3 
2645.5 2645.5 2645.5 2645.5 2645.5 2645.5 2645.5 2645.5 
2645.5 2645.5 2645.5 2645.5 2645.5 2645.5 2645.5 2645.5 
2647.3 2647.3 2647.3 2647.3 2647.3 2647.3 2647.3 2647.3 
2647.3 2647.3 2647.3 2647.3 2647.3 2647.3 2647.3 2647.3 
2644.2 2644.2 2644.2 2644.2 2644.2 2644.2 2644.2 2644.2 
2644.2 2644.2 2644.2 2644.2 2644.2 2644.2 2644.2 2644.2 
2649.1 2649.1 2649.1 2649.1 2649.1 2649.1 2649.1 2649.1 
2649.1 2649.1 2649.1 2649.1 2649.1 2649.1 2649.1 2649.1 
2647.4 2647.4 2647.4 2647.4 2647.4 2647.4 2647.4 2647.4 
2647.4 2647.4 2647.4 2647.4 2647.4 2647.4 2647.4 2647.4 
2649.7 2649.7 2649.7 2649.7 2649.7 2649.7 2649.7 2649.7 
2649.7 2649.7 2649.7 2649.7 2649.7 2649.7 2649.7 2649.7 
2646.3 2646.3 2646.3 2646.3 2646.3 2646.3 2646.3 2646.3 
2646.3 2646.3 2646.3 2646.3 2646.3 2646.3 2646.3 2646.3 
2648.0 2648.0 2648.0 2648.0 2648.0 2648.0 2648.0 2648.0 
2648.0 2648.0 2648.0 2648.0 2648.0 2648.0 2648.0 2648.0 
2645.9 2645.9 2645.9 2645.9 2645.9 2645.9 2645.9 2645.9 
2645.9 2645.9 2645.9 2645.9 2645.9 2645.9 2645.9 2645.9 
2655.3 2655.3 2655.3 2655.3 2655.3 2655.3 2655.3 2655.3 
2655.3 2655.3 2655.3 2655.3 2655.3 2655.3 2655.3 2655.3 
2653.9 2653.9 2653.9 2653.9 2653.9 2653.9 2653.9 2653.9 
2653.9 2653.9 2653.9 2653.9 2653.9 2653.9 2653.9 2653.9 
2651.7 2651.7 2651.7 2651.7 2651.7 2651.7 2651.7 2651.7 
2651.7 2651.7 2651.7 2651.7 2651.7 2651.7 2651.7 2651.7 
2652.3 2652.3 2652.3 2652.3 2652.3 2652.3 2652.3 2652.3 
2652.3 2652.3 2652.3 2652.3 2652.3 2652.3 2652.3 2652.3 
   0.0    0.0    0.0    0.0    0.0    0.0    0.0    0.0 
   0.0    0.0    0.0    0.0    0.0    0.0    0.0    0.0 

