# RVDC U1 t0 parameters T0 Error 
0 0 0 0 0 0 0 0 
0 0 0 0 0 0 0 0 
0 100 0 0 100 100 100 100 
1.33333 100 100 100 2.31491 0 2.27422 2.07955 
2.63555 2.03175 2.39385 6.23317 1.18498 2.23071 3.68301 2.39385 
2.1435 1.65494 1.31737 3.46007 3.51061 3.33511 1.74911 1.91445 
3.85317 3.05585 2.52513 0.790318 5.55593 0.875334 0.87609 3.42032 
2.03882 1.9871 2.94013 4.1856 0.868982 2.24049 3.19409 1.80902 
5.56678 2.29091 0.438537 3.90964 4.82097 1.84979 2.68203 1.04722 
1.89973 2.51591 2.215 1.2444 1.09298 4.2949 2.8171 2.25759 
2.3216 1.8933 2.58966 7.84108 1.62266 4.10626 3.92409 2.54518 
4.64589 3.17417 2.87736 1.63149 4.19866 2.15471 3.50276 2.24238 
0.546767 3.17458 2.23991 3.07547 3.33942 2.07042 1.74725 2.20284 
1.07984 2.2837 2.59239 2.23755 4.57316 2.41628 2.12161 2.68917 
2.15916 1.62266 2.06232 3.4193 2.61977 1.75766 1.53429 1.4073 
2.29829 2.79502 4.73045 1.42227 2.56218 2.94444 2.50537 3.9317 
2.73864 1.15591 4.93956 2.32684 4.27838 3.26376 4.82415 4.91436 
2.00077 2.24866 1.7463 3.47952 1.27854 7.16805 5.37417 2.19841 
2.24607 3.99113 1.2591 1.81192 2.73214 4.01981 5.82466 4.19423 
3.34209 2.79126 2.25906 1.69173 0.890515 1.93409 1.92994 1.80893 
2.15916 3.87183 1.3444 1.75565 3.96623 2.03162 4.41844 4.10013 
5.19479 4.198 4.37976 1.26088 2.07197 3.95713 2.61801 4.52871 
1.8326 7.64784 1.25394 1.72077 0.978885 1.76601 0.721182 1.9818 
5.98073 4.51754 1.63058 1.53297 4.19629 3.81315 3.36097 1.61838 
2.41316 0.949035 6.15222 5.17032 4.95008 5.41349 2.32311 2.28973 
1.41478 5.47329 5.86223 1.23884 2.75346 5.4748 3.75006 3.1254 
1.69889 4.01201 3.77577 1.51312 5.47938 1.56701 2.34889 2.27866 
3.46219 4.64027 3.772 4.18711 2.88293 2.59843 2.46109 6.21637 
1.01416 3.51579 1.59271 4.19046 2.00201 1.22065 2.13172 2.46371 
4.75219 1.63373 6.30527 2.10678 3.15761 2.86532 1.02375 3.42395 
1.54072 3.00569 2.58697 2.34902 2.06854 4.11072 1.60818 5.18211 
5.95554 1.44162 3.11491 3.4471 4.58941 2.0683 3.80241 2.20387 
5.14381 3.12929 4.28823 3.96464 3.89337 4.43405 1.99607 3.24646 
2.7565 2.33463 3.97554 3.21829 7.92148 3.12053 2.23566 1.55727 
1.76014 1.25603 2.1249 1.65021 9.36624 2.7932 6.44927 3.50368 
1.99757 1.7975 7.22893 5.38589 2.89606 2.99138 1.39128 3.26184 
4.88148 2.81836 3.83565 1.84956 1.94225 1.77245 1.32233 3.54893 
1.05079 1.80115 1.4143 4.24409 9.32433 1.4678 0.306135 2.41853 
2.14642 2.69487 4.61132 2.23853 1.04425 2.74842 3.12603 2.26359 
2.37608 1.42374 4.28555 1.06184 1.32886 5.56701 6.23319 1.07205 
5.39228 2.46913 3.571 1.47683 2.27496 7.39058 5.63299 100 
100 0.982963 3.1547 100 100 100 4 3.14058 
0 100 100 0 0 0 0 0 
0 0 0 0 0 0 0 0 
0 0 0 0 0 0 0 0 
0 0 0 0 0 0 0 0 
# RVDC U2 t0 parameters T0 Error 
0 0 0 0 0 0 0 0 
0 0 0 100 100 100 0 100 
100 3.14058 100 2.07955 100 0.904508 2.29971 9.64194 
3.61803 7.81324 1.3705 1.03539 0.988209 3.61803 2.67062 4.70414 
5.04168 1.94243 1.77902 3.18165 1.87742 5.06692 1.64904 1.66813 
1.73659 1.73418 0.985892 1.82497 3.4353 4.54558 3.98592 3.41355 
8.64936 1.95374 2.15052 1.66813 100 4.57908 2.18193 4.45108 
5.33057 1.86397 3.25002 2.4873 2.00604 8.20233 4.68922 2.23511 
2.25055 1.18934 3.08629 2.57844 3.7644 6.13713 7.19046 7.14505 
2.27505 2.80299 2.7415 6.45542 1.69485 0.94319 4.56615 3.00104 
6.65941 1.95526 9.22548 3.41417 3.12498 1.68747 3.72297 4.53572 
0.678031 1.37129 5.56539 1.92915 2.23376 4.76414 1.55834 2.36392 
3.58286 2.13144 3.19388 2.89144 0.394272 3.83589 1.15482 4.30648 
4.88695 0.748432 1.23225 5.38299 7.62422 5.35961 3.60431 3.23264 
1.38966 4.25583 2.93108 2.00905 1.73874 1.16693 3.83117 1.38966 
4.65212 2.28244 1.60937 5.85607 2.44897 6.44442 1.94853 1.26863 
3.56466 3.66796 5.28073 2.68028 3.47636 3.04049 8.06147 2.055 
3.61896 4.36674 3.65793 1.95643 5.31018 5.2101 3.46938 3.87605 
3.79754 1.84653 1.89462 4.52871 6.08014 1.60695 0.902561 2.705 
1.78949 0.917272 6.32177 3.52218 1.32053 4.41258 1.46065 2.18334 
3.89683 3.75802 2.16569 0.873791 1.92628 1.40956 2.00127 5.77594 
3.26869 2.80377 3.55624 8.74426 3.07133 1.84959 5.23442 6.02419 
7.03225 2.1624 1.43827 2.12169 6.50519 6.2684 3.1819 1.79365 
1.28212 2.85832 6.98479 4.45441 2.7102 1.73236 2.94928 2.21734 
1.90602 2.41209 2.64093 2.52278 1.80818 3.51904 1.597 7.44138 
3.78101 3.42265 9.58639 3.17092 2.95544 1.21063 1.46607 2.41555 
3.4394 1.36394 1.14424 3.78273 1.94565 3.01658 7.58064 0.66574 
3.07475 5.89494 7.34756 2.79444 1.8099 3.44722 1.70049 3.35235 
3.1566 2.51601 5.58915 5.03241 3.67732 6.42705 2.65786 1.66013 
3.77917 1.41029 5.12165 1.95568 1.73988 5.08824 1.42168 3.73978 
4.76576 6.42773 3.81373 1.78928 2.9332 1.96608 3.06817 2.98885 
2.16896 1.22536 2.77385 2.68828 1.64994 2.6051 1.59999 4.0971 
3.51404 1.26224 3.31554 2.9076 5.47669 3.70954 2.77756 1.24873 
1.25568 4.58663 1.93409 4.6224 1.28091 1.88817 1.50563 2.22768 
4.98064 5.03705 3.58132 2.57017 0.56435 1.52759 3.62738 2.58317 
4.58469 8.86633 3.05137 3.70548 3.52682 1.96791 2.24851 4.39972 
7.92786 3.97449 2.91054 2.21557 2.49918 1.84716 3.6112 5.57407 
3.30969 2.09193 1.42374 2.64054 3.32487 6.69456 6.36873 3.0875 
5.53641 2.21754 3.12338 3.26834 2.7838 1.22375 6.39368 3.0269 
1.30242 4.048 1.00196 2.53225 3.40894 4.78558 2.22157 0.661909 
1.98676 3.86749 3.08684 3.62081 3.03742 3.23448 1.99947 4.7381 
3.51035 4.05177 1.79869 100 2.58863 0.74533 1.92387 6.16567 
5.8778 7.10273 5.43357 2.17932 8.59585 0.764838 2.71862 3.16883 
4.70362 100 100 100 100 0 0 100 
0 0 0 0 0 0 0 0 
0 0 0 0 0 0 0 0 
# RVDC V1 t0 parameters T0 Error 
0 0 0 0 0 0 0 0 
0 0 0 0 0 0 0 0 
100 100 100 100 100 0 100 0 
2.07955 100 2.03175 4.12252 1.75806 100 8.99056 11.2915 
2.54416 2.38455 2.27496 0.735333 3.9568 1.51152 2.06958 2.38988 
2.4421 2.26114 1.38336 2.01782 2.03934 5.75944 4.96812 0.563832 
3.9705 4.66187 3.68109 3.27071 1.44768 2.83587 1.80923 2.28148 
1.47177 2.08108 2.80515 3.59505 1.54957 2.41712 1.61259 4.05504 
2.08108 3.30166 1.65668 0.859899 2.19716 1.41183 3.13987 1.88755 
0.938179 3.5832 5.31399 1.51017 0.781061 4.93293 1.63952 2.37403 
1.37821 1.30637 2.59552 7.5997 2.00664 2.44132 2.05542 4.30728 
3.40894 3.39672 1.61074 2.5759 3.35358 1.59701 1.16748 5.05623 
2.61649 7.51446 1.09392 1.94318 1.96276 4.82565 1.83311 2.84556 
2.42913 3.77843 2.69724 5.48305 4.00375 2.9212 5.37791 2.04599 
7.8344 3.75849 1.56752 3.4342 0.750006 2.17325 2.73658 1.87321 
3.28322 2.40837 2.19482 1.86144 4.10254 3.17319 2.58553 3.73437 
1.54578 1.12027 9.00611 1.54922 4.01442 2.51005 2.25856 2.2887 
1.38195 2.6194 3.32514 1.56 1.86588 0.97549 1.56373 2.4176 
5.14853 3.68321 9.55994 1.61326 3.13492 4.91566 1.22926 3.10031 
1.43325 1.23248 2.53716 1.35931 2.08048 2.33812 8.22021 3.45746 
3.76178 6.12183 4.67131 1.09614 2.25246 2.69032 1.87094 1.33369 
2.48186 2.59552 2.90512 3.37344 2.64054 5.90651 2.07274 2.14431 
2.5504 2.16335 3.47507 4.53661 4.10013 0.94727 1.30352 1.0623 
1.26916 2.92907 1.91807 1.50892 3.24458 1.897 5.87764 0.969181 
4.58473 1.89266 2.25654 3.67223 3.60525 1.89639 1.01396 1.6397 
5.30588 6.7245 2.47727 1.39563 5.26423 3.22271 4.25005 3.50713 
0.491486 1.35468 1.40822 3.61218 3.56507 5.4748 4.02571 2.91716 
2.28504 1.1025 4.37891 2.79955 2.09148 3.25345 2.54265 1.50825 
2.89731 3.8641 3.41575 3.53022 3.04215 1.5743 1.56878 1.97227 
3.92927 3.76039 1.95095 1.44421 1.11324 4.39175 1.42465 1.96099 
1.23681 4.90302 3.02881 3.18599 3.06935 2.31348 6.57171 1.09232 
5.24417 2.79587 1.70224 2.04475 3.57279 2.67432 2.57352 1.01346 
5.99836 4.02618 6.36527 1.79045 6.50932 2.52084 4.76868 1.05826 
3.11965 5.67916 0.964173 5.56639 6.47787 2.35307 3.40403 0.929595 
1.3803 7.17131 2.72168 2.44576 2.96482 2.19482 1.26156 1.25057 
1.17107 3.26453 8.40613 4.46136 1.84114 2.27788 2.75172 1.73172 
0.962565 4.41525 1.12549 1.4939 1.78829 1.03526 1.83416 2.81115 
1.97119 2.90999 1.4143 3.37485 1.68613 3.36992 1.72727 3.19409 
2.70499 1.83773 1.15953 0.536279 0.980974 3.11973 1.82952 3.05944 
1.15953 7.67443 3.59692 3.12118 1.78089 1.57735 2.47869 2.08682 
100 3.07356 100 1.47046 4.39058 2.65506 4.65028 2.29971 
1.47683 100 2.07955 100 100 100 100 100 
0 100 0 0 0 0 0 0 
0 0 0 0 0 0 0 0 
0 0 0 0 0 0 0 0 
0 0 0 0 0 0 0 0 
# RVDC V2 t0 parameters T0 Error 
0 0 0 0 0 0 0 0 
0 0 2.27614 100 100 2.27614 2.07955 0.904508 
3.94239 4.82405 100 1.42019 6.24264 1.34787 1.3705 3.77635 
1.84977 3.77635 15.0149 1.81384 4.33942 3.64404 3.30133 4.11827 
3.67544 2.098 2.63442 2.75928 2.34793 2.30946 2.15247 3.22889 
3.54312 2.40958 3.3888 5.1084 1.09935 3.87713 2.06632 1.98043 
3.43729 1.36355 2.28717 0.90193 2.73098 1.76924 4.28338 2.91728 
2.70337 0.830072 2.54553 1.95819 2.87341 3.29773 2.34263 4.51098 
2.37179 3.59505 1.49755 2.60491 1.50877 1.38222 1.61579 4.07128 
1.8649 1.70413 1.38589 3.13936 2.47244 4.94165 6.43734 1.56 
1.46092 1.73182 3.61164 2.81309 1.53772 1.12299 1.77115 5.51144 
2.7905 2.93687 2.23139 2.9194 3.25903 2.45827 2.46183 1.90921 
3.23365 3.08975 3.14633 3.27579 3.54008 2.94602 2.50694 1.56136 
2.37403 3.58091 3.33786 1.65036 5.77972 2.58351 4.49281 3.34531 
4.30837 2.7266 2.15963 8.24975 1.30528 2.77442 1.31631 3.74829 
5.62619 3.85337 2.71679 1.85622 3.99525 1.02779 2.20163 3.47161 
1.6919 2.34881 1.33993 2.61378 6.07326 2.39185 4.68272 2.49904 
2.439 1.73427 3.44785 3.38806 1.98083 1.36541 3.64315 4.97682 
4.35974 5.41918 2.75014 4.46532 7.48109 1.639 2.08767 1.34525 
2.53897 4.04733 5.96977 2.59893 1.54473 3.65532 3.80588 2.53716 
2.39328 1.43237 1.64621 3.04215 2.21986 3.18415 2.22492 0.982345 
2.53488 2.33664 1.34882 1.83431 7.34697 2.44951 3.56453 3.10866 
1.73874 4.40924 1.26715 2.16211 1.69866 1.69563 1.97119 9.92678 
2.78548 5.40939 4.69722 2.33831 0.766981 1.66918 3.34974 3.0386 
1.44107 3.18444 2.9311 2.85849 1.79799 1.63487 2.73781 1.88644 
1.79905 1.74869 6.12506 2.96472 4.23957 3.36737 2.01533 2.16987 
1.4527 2.09703 2.1264 2.25071 1.77999 7.52346 1.27297 1.20182 
1.59358 0.794149 2.7142 2.48117 4.56416 2.32498 2.34451 2.50948 
4.80588 3.31855 6.25859 1.86814 1.29251 2.00844 5.17376 0.964598 
4.96504 4.5439 2.68098 2.61378 5.29749 2.46128 2.91223 3.2047 
4.01991 2.39113 2.71834 1.31175 3.69917 1.37183 2.16137 4.99351 
1.86272 5.37617 2.60975 1.38343 5.03141 2.22465 1.28212 6.27758 
2.68823 3.2607 5.79625 3.29773 7.98403 4.41844 3.92959 1.83349 
2.45842 8.085 1.78143 4.29422 1.70864 2.44758 3.29589 1.74368 
3.547 4.65765 1.25721 1.54868 1.77773 3.04648 2.44177 3.49509 
1.31691 0.600143 7.02323 5.22322 2.49007 3.66578 1.24781 3.1431 
5.1092 2.69949 3.29048 3.02881 2.15068 2.03219 0.870279 3.45605 
2.43247 1.66341 1.36737 2.18591 1.46413 5.99836 1.26316 3.33049 
3.80128 3.13269 4.52332 3.09234 1.59746 2.37155 2.28712 2.38068 
1.68747 1.60146 3.62081 2.00594 0.836871 1.5767 6.20304 2.93341 
3.0606 3.41355 6.82399 2.22002 4.55809 6.95403 2.55663 2.97535 
2.43679 1.29022 2.14833 0.866081 3.63878 2.26383 2.82951 0.297566 
3.9564 2.61803 1.80156 1.92387 2.23071 2.93185 100 100 
2.61803 0 100 3.1547 100 100 100 0 
0 0 0 0 0 0 0 0 
0 0 0 0 0 0 0 0 
# LVDC U1 t0 parameters T0 Error 
0 0 100 0 100 0 0 100 
100 0.904508 4.82405 100 3.58822 100 2.27422 1.66721 
5.05026 2.01713 2.92858 1.5207 0 100 0.675959 2.31491 
1.60948 4.57803 0.808013 1.67303 5.79202 3.68363 1.66721 2.25935 
1.71823 2.2495 0.963659 2.05981 3.41421 1.92387 1.28446 5.54775 
3.23715 6.41209 0.911688 1.13108 3.86285 2.25952 100 2.19994 
2.70606 2.28046 9.33292 4.82142 2.32915 3.40945 1.26137 1.49981 
6.66667 2.42014 1.81839 0.4791 2.09498 1.60864 2.54205 4.26599 
1.75783 2.59552 3.59872 2.19818 4.10721 2.4307 4.38738 5.94691 
3.5043 3.69639 1.30388 2.38781 7.59126 4.73725 0.811621 2.15715 
0.955901 1.56446 4.38713 4.35979 1.57304 0.503503 3.20599 8.95989 
4.98348 0.68216 2.48238 1.96315 3.1283 2.80009 1.5354 3.85317 
2.01548 1.77115 4.71803 1.15542 1.20182 5.1353 3.91597 3.87671 
2.10084 0.382746 2.05196 1.85937 0.836871 6.25185 1.1137 2.33508 
1.47038 3.91366 1.55681 2.88326 1.54002 4.87571 9.23842 2.38195 
1.45321 1.47313 2.99084 1.85427 3.13936 3.07071 3.85641 1.2314 
1.76837 0.955901 3.60314 5.98101 2.31653 2.63854 2.26791 2.21805 
1.19862 1.48171 1.33886 2.06632 2.23291 2.48504 6.81508 1.25643 
5.49191 3.97249 1.69758 1.92426 2.7838 3.23561 1.30454 1.99383 
2.38554 11.0482 1.59562 1.39276 1.20529 2.1486 3.83667 1.89741 
1.28163 0.734238 1.56077 100 2.38781 2.13144 2.46377 2.20038 
6.39479 2.28912 1.03764 3.29976 7.84777 4.7229 1.98574 2.47124 
2.80299 1.85841 2.13621 5.77131 3.37882 2.31952 1.73022 4.46357 
1.93363 2.14431 2.04623 2.72687 6.63172 1.54101 7.60865 3.43695 
3.54367 1.82018 3.65532 1.83391 1.0794 3.04565 3.06189 4.22481 
1.89462 4.44987 2.85849 5.70366 0.87953 3.19163 2.0137 1.01416 
1.59242 4.45108 5.37791 1.22418 4.74772 7.75413 1.34696 3.38654 
3.03742 2.11723 3.79059 4.90081 1.5986 2.13414 1.93539 1.60077 
0.45418 2.46012 3.79582 4.42022 2.61674 2.21238 2.62309 2.09523 
4.99317 1.92862 3.07063 2.25508 5.46153 1.86588 1.64298 2.31952 
4.34453 2.53893 10.3827 1.95133 5.1353 4.36077 3.79039 1.78638 
2.65192 3.89219 4.48999 1.64711 2.70863 1.2721 4.24742 3.07547 
1.86272 1.22016 1.87094 3.68302 1.95819 0.996293 3.30256 1.44046 
2.12255 1.39641 4.01864 3.96 3.02064 1.58687 5.19385 4.33315 
1.24345 1.06931 1.42356 2.79284 5.70179 3.30686 1.44021 2.5756 
1.28261 1.61055 0.86995 5.14692 3.50391 2.11861 1.20769 7.1043 
2.03169 3.15368 6.69762 5.09823 3.12554 2.35638 2.99663 1.50433 
1.56136 3.0445 4.03159 3.87605 2.84484 8.88209 1.98852 1.99947 
3.78216 1.97972 7.595 1.69998 2.26524 3.64404 3.87303 1.43827 
0.997553 1.10802 1.31413 2.1493 4.11535 3.90964 1.29212 1.76091 
1.74479 2.39296 2.36061 1.87742 2.00307 2.05822 3.37495 1.19648 
1.559 2.90119 2.15431 0.639584 6.92111 7.39058 7.11793 2.71862 
2.63555 3.571 100 4.1358 9.30056 100 100 7.82733 
1.1176 100 100 5.05026 0 3.1547 4.57803 4 
100 0.904508 100 100 100 0 0 0 
0 0 0 0 0 0 0 0 
# LVDC U2 t0 parameters T0 Error 
0 0 100 100 100 100 100 100 
100 100 2.27614 100 100 100 0.535875 100 
100 1.1176 6.50004 2.93185 3.53285 4.84607 3.94239 4.33137 
1.5207 1.18498 100 2.82843 1.28446 1.27409 2.52747 1.3705 
1.47046 2.07313 1.91234 2.36828 1.02138 1.33886 1.69706 0.801991 
2.12336 1.81002 1.27641 2.96011 1.43684 3.50687 4.22781 2.83067 
4.83776 2.73522 3.33511 3.13915 1.80902 0.899246 1.38336 1.94128 
1.80443 2.83067 1.96949 0.648273 6.74829 6.9856 3.70028 3.75018 
3.69922 4.92578 7.595 2.76657 5.05697 2.54129 1.80218 2.31974 
1.9597 2.27856 1.289 2.91206 2.99882 4.10108 5.38863 4.69402 
1.22319 2.23291 0.773706 2.50188 2.35638 3.10153 0.607514 1.04548 
2.47751 2.03798 1.75095 1.17115 4.06431 2.34091 3.15365 1.2421 
3.38245 4.78555 1.90334 3.3337 1.79804 3.0327 3.05944 2.73127 
100 1.57277 2.64765 8.40002 2.20103 1.92426 1.89962 5.28905 
2.68358 0.625623 0.977822 3.81488 3.84329 1.40249 3.87536 4.55809 
1.46842 2.57046 2.08043 2.63254 0.913664 1.23605 1.07205 2.25268 
3.75496 4.12423 2.74449 1.41071 2.02761 0.984439 8.81581 3.13016 
6.74888 2.09117 3.11659 2.22759 3.04574 4.09311 1.63721 1.84984 
1.31776 3.15153 1.68562 0.820643 2.93108 2.65686 2.41765 5.98038 
1.01784 1.16485 6.88694 1.1137 5.21205 2.28765 4.51098 2.44758 
4.03159 1.46593 2.55663 1.31257 2.23536 1.31391 3.53701 1.94024 
1.98852 2.18939 1.6335 3.70763 2.7266 3.55024 1.86565 1.05682 
2.45545 2.84226 2.18193 2.35821 2.51312 5.54003 2.58123 1.57773 
2.86103 4.05411 3.45766 4.35979 2.77735 3.59716 0.68141 0.827634 
1.35955 1.19862 2.94013 3.11659 2.29586 2.25759 4.91719 1.31839 
1.2591 3.34474 1.67757 1.9712 4.42958 2.12109 9.01044 5.02905 
2.76165 2.31763 3.93409 2.60078 2.40418 0.87953 3.04565 1.98583 
2.8039 4.41395 2.72448 2.50537 1.01626 3.25667 4.64589 1.979 
1.85911 2.06731 2.01837 2.22326 1.1409 1.62293 3.27567 1.59717 
1.58604 0.694959 2.17798 3.51053 1.28973 2.2887 5.24828 2.18334 
1.74337 1.7962 1.70921 4.45353 1.9597 5.34733 2.27111 3.33942 
1.68433 100 1.76642 3.04565 6.09882 5.98038 2.65403 4.09691 
3.62846 1.57039 4.0994 1.88799 1.5049 3.18438 4.07001 4.47538 
2.18866 2.11405 2.83025 1.17003 3.03689 2.65461 3.84543 2.197 
2.32519 1.52203 1.83416 1.13637 2.45066 1.27513 1.91908 2.60336 
0.805019 2.88585 2.67404 3.28286 4.35149 2.94773 2.66777 1.48611 
4.33504 2.04526 5.64559 2.78934 3.35763 1.289 1.22884 1.61259 
1.42612 3.83954 2.33439 1.6177 1.1611 4.07567 2.63698 3.34474 
2.63814 4.79266 3.56185 1.47151 2.19668 2.82083 3.81783 3.01866 
0.710867 1.35053 3.40111 2.55104 2.52361 1.07205 2.00929 1.83137 
1.6335 2.62805 1.69963 1.16323 2.6694 3.27071 1.97 0.544245 
3.87303 2.45424 4.47982 1.92486 100 1.37097 1.92235 1.875 
0.764405 0.775938 5.1518 100 1.2452 3.12132 3.41421 1.0753 
3.33466 2.07955 0.963659 0.675959 4.8 10.2408 2.23071 3.16883 
100 7.82733 7.20838 0 2.27422 2.07955 100 2.27614 
2.61803 0 0 0 0 0 0 0 
# LVDC V1 t0 parameters T0 Error 
0 0 100 100 100 100 100 100 
1.47784 2.56516 5.05026 100 1.5207 100 100 100 
1.18498 4.5081 3.14058 100 3.1889 100 0 2.27422 
3.16883 1.80156 1.92387 2.71862 1.66721 100 1.33333 3.92202 
5.08681 2.27614 1.76584 2.39385 1.29536 1.559 1.81384 2.2635 
100 0.963343 1.71354 4.96464 3.90964 1.02138 9.85989 1.92235 
0.985892 3.0413 4.16631 3.08712 1.39655 1.09158 3.92285 1.79473 
6.76304 0.846038 3.31055 0.583064 4.94879 2.57705 2.48788 1.92235 
1.40467 1.66247 3.81488 1.60214 5.15419 2.92944 1.37714 2.48238 
1.96382 6.99832 2.27494 2.80852 4.51098 5.31927 2.88326 3.31517 
2.1708 1.13541 5.40423 1.5803 2.46943 3.13567 1.43684 3.99624 
1.62537 2.86246 1.5976 3.99675 3.1706 7.34415 2.13464 1.29085 
2.79757 2.59169 5.45411 4.03159 3.08684 2.47529 5.30032 3.54591 
3.01398 4.94281 1.81741 4.4131 5.12289 1.61759 1.99491 0.708406 
1.54032 0.773949 2.10097 3.2255 1.92741 3.54333 4.19866 2.8169 
1.5 4.14542 2.80348 2.2829 4.53878 3.86697 2.4267 5.24603 
4.44987 0.853553 5.50577 4.44949 4.02525 4.63313 1.07648 3.19413 
3.20354 5.02206 2.83997 1.21456 8.79935 1.39655 3.23935 3.1684 
4.08781 2.49246 6.46129 4.41915 0.913843 2.78358 2.4267 8.83585 
1.38068 4.18642 1.33369 4.62213 2.75966 1.87741 10.1846 1.61579 
8.45802 3.12422 2.33469 1.73576 2.03969 0.884393 2.14366 1.59162 
1.54032 2.59117 1.96509 1.20125 1.24659 1.13066 1.91347 4.84203 
2.04211 0.913843 2.10464 1.02375 3.00608 2.0924 3.76718 3.60991 
1.73022 0.950471 1.19862 3.70202 1.63467 1.13013 1.01288 2.89109 
4.16631 1.17117 4.80635 2.26185 1.41071 2.58403 2.95222 5.89494 
4.29887 4.89803 1.60642 2.73608 1.80608 4.73432 3.39251 1.48292 
1.46281 4.53786 3.00358 2.06637 1.60368 3.9328 3.42869 1.81463 
5.28739 4.97365 2.43679 1.79869 4.0994 1.84262 3.62352 3.59639 
1.35049 2.83786 2.01865 2.61649 4.57958 2.18965 2.45387 4.31201 
1.71359 2.35591 4.41011 1.37921 1.84175 8.26027 3.65904 7.03741 
3.96306 2.00929 3.40894 2.98952 1.19495 1.93761 1.53867 2.21529 
5.04338 2.841 0.996917 4.47538 7.42681 2.83999 3.42265 3.53456 
1.82675 6.90511 3.02064 3.10762 1.88914 2.57865 4.01082 2.06854 
1.50372 4.62004 4.43444 4.62412 3.10284 2.29691 2.4267 5.58684 
7.30039 2.78122 5.04898 1.91329 2.64175 3.63586 1.85794 1.44439 
5.22213 1.92654 1.76143 7.95511 2.65178 2.42775 8.4263 4.30837 
4.19399 2.26067 1.03192 1.1298 1.54215 2.47865 2.08673 3.68763 
2.02598 2.20284 3.18877 3.40945 2.60263 3.2817 2.25856 1.24659 
3.83954 4.02525 5.35466 1.21211 3.565 2.41916 4.67945 5.48899 
3.63402 1.21211 1.41912 3.81542 3.32259 1.73581 7.25956 1.76584 
1.90981 2.82951 3.17643 3.58114 1.36603 1.82137 0.803598 1.66255 
6.53995 3.94239 1.98842 0.441977 2.15431 3.04594 3.72975 3.33904 
1.28446 2.05822 2.25935 5.46289 4.12252 3.94239 3.53285 100 
1.1176 1.51612 3.58822 4.12252 100 4 100 0 
100 100 100 0 0 0 0 0 
0 0 0 0 0 0 0 0 
# LVDC V2 t0 parameters T0 Error 
0 0 100 100 100 100 100 100 
100 3.1547 3.58822 100 0 6.65266 100 100 
0.675959 0 1.66721 3.61217 6.13687 100 0.675959 6.13687 
2.67669 1.03539 1.28446 1.36603 100 2.54416 5.71668 1.36569 
1.41468 0.716586 3.12132 4.16176 0.837904 2.45887 2.70337 2.21962 
1.12471 2.17871 4.28555 4.51911 3.93657 2.61608 3.64287 3.22095 
2.5179 2.01877 6.07952 0.976658 2.00732 3.154 6.19241 4.0227 
2.04944 0.888083 1.46944 2.36526 0.906797 3.2011 3.69224 1.62507 
3.15769 3.03742 4.77141 2.33375 1.51568 3.73718 2.16137 8.08632 
2.26361 0.733881 1.88755 1.29085 1.79473 3.23448 2.7557 1.13827 
0.959737 1.20648 3.53784 1.17584 2.90879 3.14909 1.90981 4.36365 
1.00422 8.66395 2.215 7.32123 1.29085 1.39849 1.77902 2.77597 
1.30242 5.21585 1.03484 1.59012 3.73947 3.18438 5.701 1.95529 
6.02717 1.47602 2.00853 2.11191 2.10084 2.12336 3.51353 1.4091 
5.49398 5.03856 0.639109 2.73214 3.38656 1.88833 1.4803 3.16727 
2.4321 2.53008 1.45651 1.8845 1.33462 1.44002 1.19852 1.05682 
2.23511 5.7868 2.77329 1.98623 3.60434 1.27649 3.04861 1.50826 
2.15052 3.34262 2.17779 1.59191 6.05186 1.63733 0.423072 3.55232 
5.70366 1.44327 2.39197 1.84452 1.75385 9.57372 1.62852 5.37812 
0.401492 3.87605 1.61272 1.62958 2.36058 2.03798 2.22986 2.04053 
1.54313 2.35942 3.96326 6.46129 1.51571 2.64379 1.27854 4.98136 
0.928229 1.78248 9.93907 3.01866 1.73494 6.07818 0.371689 3.27493 
3.464 1.29333 1.75249 1.48658 4.97361 4.24083 1.66813 4.46281 
2.72448 1.95114 1.84111 1.39433 2.18117 2.33469 2.53972 2.73127 
2.27008 2.44257 1.89205 2.9887 1.66092 11.7498 1.04129 4.47617 
2.66328 2.89109 2.73098 8.05868 1.1042 1.26787 1.57974 1.35961 
1.65027 3.84042 1.41148 6.6799 2.50575 3.37221 2.50631 3.07628 
6.80803 1.07601 1.21309 5.04452 1.77727 2.86727 1.8933 2.3177 
1.41071 2.14436 1.66813 3.72429 1.92457 1.49497 2.7976 1.67883 
0.734238 4.02597 2.44758 0.952721 3.15276 2.8439 1.22078 6.20543 
3.52409 0.792234 1.87515 2.68253 1.98574 2.81309 2.03698 0.739766 
3.13016 3.50945 5.57653 0.843177 1.54589 3.29773 3.59716 1.40367 
4.63159 3.4394 2.73125 6.26534 1.70705 3.29299 1.63256 0.859899 
2.72312 2.75183 2.59893 8.02234 1.70711 3.60957 3.30329 1.69965 
3.35483 1.63828 3.90639 1.63055 4.59141 2.26648 2.78131 6.97688 
4.09572 1.57773 4.18642 5.37439 2.0679 1.22926 2.88208 2.05423 
5.14692 1.78248 4.61513 2.28717 1.50281 1.79013 1.84452 0.744881 
1.15746 3.53657 0.554897 1.92924 3.97575 0.904722 1.91524 2.48238 
5.29902 2.21805 1.28332 1.11075 3.04001 1.71017 4.97361 3.39355 
2.3458 2.13464 1.75095 2.43514 3.48305 2.30657 3.95637 2.48297 
4.10108 4.16631 5.09058 6.11452 2.34365 1.43666 1.79411 2.48101 
7.50366 1.78944 5.03314 2.6694 2.15247 1.23631 2.15431 0.589197 
1.19852 4.52704 4.12252 2.82767 1.43773 1.69998 5.8778 1.15451 
0.942809 1.90384 0.569036 4.25187 1.5207 4.84607 5.54775 100 
3.14058 100 100 3.1547 100 100 1.33333 2.27614 
3.1547 100 0 0 0 0 0 0 
