# RVDC U1 t0 parameters 
2644 2947.1 2947.1 2947.1 2947.1 2947.1 2947.1 2947.1 
2947.1 2947.1 2947.1 2947.1 2947.1 2947.1 2947.1 2947.1 
2947.1 2944 2944 2944 2533.17 2944 2352.17 2076.17 
2426.83 2516.83 2611.5 2506.5 2609.5 2619.3 2625.83 2641 
2440 2550.36 2181.1 2634.83 2553.5 2634.83 2639.83 2643.5 
2640.07 2638.83 2637.5 2637.04 2638.17 2635.07 2632.04 2635.75 
2643 2639.83 2640.05 2639 2638.35 2637.3 2640.17 2641.23 
2637.41 2637.05 2642.25 2637.28 2637.5 2638.5 2634.62 2634.64 
2640.35 2637.77 2639.42 2638.5 2639.5 2637.24 2640.97 2640.33 
2643.39 2640.3 2640.21 2642.72 2638.41 2640.9 2638.62 2638.19 
2639.21 2635.03 2634.56 2636.06 2635.42 2634.21 2638.95 2638.37 
2636.07 2631.44 2634.5 2635.81 2635.7 2630.88 2634.83 2630.88 
2641.68 2642.5 2643.17 2638.17 2639.13 2637.92 2641.33 2641.36 
2640.07 2640.65 2640.21 2640.03 2639.37 2638.44 2640.24 2640.7 
2641.07 2640.04 2643.58 2639.79 2641.45 2640.33 2647.3 2643.79 
2642.5 2638.75 2642.04 2641.25 2639.5 2638.23 2639.08 2637.39 
2645.38 2644.21 2644.92 2641.4 2646.42 2645.5 2642.42 2643.85 
2646.58 2642.57 2647.12 2646.39 2641.15 2641.03 2643.39 2644.12 
2642.55 2643.9 2642.5 2640.83 2641.18 2640.62 2643.1 2645.32 
2643.29 2642.42 2641.08 2642.68 2641.74 2640.2 2642 2640.83 
2645.32 2642.79 2643.08 2642.55 2646.35 2642.2 2646.94 2643.64 
2645.57 2646.42 2647.5 2643.29 2646.72 2642.7 2646.64 2643.74 
2648.43 2645.17 2648.33 2644.25 2649.64 2645.64 2649.72 2643.87 
2643.33 2643.75 2646.17 2643.1 2640.62 2641 2641.42 2640.21 
2648.93 2645.19 2642.73 2643.29 2646.42 2642.54 2643.69 2647.5 
2646.25 2645.63 2644.79 2645.59 2644.57 2642.94 2643.61 2642.83 
2644.8 2648.7 2646.23 2645.57 2644.74 2643.29 2649.3 2644.2 
2642.83 2644.19 2643.5 2644.6 2641.92 2645.5 2643.58 2641.94 
2645.94 2641.38 2645.67 2639.87 2639.88 2641.77 2643.26 2648.04 
2640.61 2640 2643.75 2642.86 2642.39 2644.79 2645.19 2640.83 
2643.03 2638.97 2641.83 2641.32 2638.5 2646.5 2643.5 2640.64 
2638.64 2647.3 2642.04 2644.17 2641.02 2644.83 2640.2 2641.72 
2648 2644.3 2649.5 2644.5 2647.56 2651.9 2649.64 2646 
2649.1 2648.72 2645.56 2644.96 2649.1 2646.33 2646.28 2643.07 
2644.43 2641.71 2647.32 2641.98 2644.65 2640.33 2644.87 2645.06 
2640.72 2640.28 2644.74 2639.7 2643.12 2644.67 2641.5 2639.61 
2645.72 2647.44 2647.33 2649.39 2650.21 2646.5 2645.17 2646.8 
2648.82 2649.83 2645.02 2641.86 2644.17 2651.23 2643 2645.94 
2651.93 2649.7 2648.67 2645.38 2647.72 2648.06 2651.23 2647.06 
2647.71 2645.3 2648.67 2642.5 2642.73 2644.5 2643.17 2641.28 
2657.9 2643.75 2637 2647.17 2631.83 2647.5 2645.5 2639.5 
2643.7 2650.83 2633.83 2135 2603.17 2542.83 2617.5 2945.8 
2552.83 2945 2945 2945 2945 2945 2945 2945 
2945 2945 2945 2945 2945 2945 2945 2945 
2945 2945 2945 2945 2945 2945 2945 2945 
2945 2945 2945 2945 2945 2945 2945 2945 
# RVDC U2 t0 parameters 
2634.6 2934.9 2934.9 2934.9 2934.9 2934.9 2934.9 2934.9 
2934.9 2934.9 2934.9 2934.9 2934.9 2296.17 2553.17 2482.5 
2623.83 2595.17 2625.5 2623.5 2397.9 2609.5 2386.5 2383.36 
2596.83 2625.7 2621.9 2623.17 2623.94 2628.17 2624.07 2623.83 
2636.5 2625.79 2632 2628.25 2630.36 2629.5 2631.7 2633.5 
2629.95 2628.33 2630.67 2628.17 2629 2627.9 2630.35 2628.33 
2629.9 2629.1 2629.68 2626.41 2627.64 2627.39 2628.21 2629.04 
2632.14 2626.9 2628.83 2635.21 2627.5 2627.25 2630.33 2625.17 
2633.59 2624.9 2626.87 2625.68 2627.5 2630.9 2627.5 2631.23 
2629.64 2628.12 2625.21 2629.26 2627.77 2626.17 2626.83 2623.2 
2632.88 2628.03 2630 2629.88 2628.5 2630.38 2628.9 2627.77 
2630.33 2624.44 2627.04 2624.34 2625.79 2627 2628.36 2623.3 
2635.9 2632.33 2633.5 2630.38 2637.5 2638.5 2633.39 2635.21 
2633.93 2630.61 2635.37 2634.8 2632.83 2632.5 2636.79 2634.21 
2639.25 2636.14 2636.28 2633.83 2636.59 2635.81 2632.61 2636.85 
2631.39 2630.62 2631.5 2631.05 2632.61 2636.21 2633.81 2628.93 
2633.23 2632.88 2632.93 2631.3 2635.63 2635.97 2635.07 2633.33 
2633.42 2635.5 2634.74 2634.32 2638.25 2631.7 2631.34 2632.61 
2636.28 2630.71 2636.8 2633.6 2634.63 2634.29 2637.96 2636.26 
2633.73 2632.07 2634.17 2630.21 2631.83 2629.68 2634.5 2629.36 
2632.45 2632.61 2634.79 2635.2 2639.96 2633.18 2637.56 2638.25 
2633.07 2635.1 2635.17 2638.37 2636.7 2635.32 2636.43 2638.07 
2638.28 2632.3 2638.09 2633.82 2638.6 2635.36 2636.5 2639.12 
2631.6 2631.68 2635.39 2631.26 2634.94 2632.61 2632.28 2631.15 
2640.38 2637.5 2636.32 2632.08 2638.65 2633.5 2635.88 2640.42 
2633.5 2631.36 2630.78 2634.97 2630.79 2630.83 2629.97 2633 
2634.3 2634.12 2632.9 2634.94 2636.5 2628.8 2633.9 2636.9 
2633.68 2632.24 2633.93 2632.08 2633.06 2633.5 2634.27 2636.26 
2637.43 2635.06 2636.93 2640.94 2641.42 2637.17 2638.03 2632.61 
2634.59 2637.83 2638.39 2637.85 2639.1 2634.57 2635.5 2633.82 
2634.33 2631.15 2630.78 2632.25 2630.14 2629.17 2639 2634.64 
2633.42 2633 2629.96 2636.08 2634.5 2635.85 2634.6 2634.5 
2638.5 2635.34 2640.5 2635.5 2637.86 2635.19 2638.77 2638.39 
2636.41 2636.34 2640.94 2637.5 2636.5 2635.9 2639.28 2633.6 
2635.88 2639.76 2633.77 2640.29 2640.62 2631.54 2642.33 2640.38 
2633.8 2633.4 2636.5 2634.5 2634.41 2630.6 2632.61 2631.32 
2644.79 2641.23 2645.3 2638.83 2639.35 2642.25 2640.32 2643.6 
2638.33 2639.62 2639.58 2642.73 2640.5 2644.17 2637.9 2640.07 
2644.83 2640.5 2643.96 2642.41 2639.77 2640.62 2641.97 2639.26 
2640.93 2645 2637.74 2640.86 2640.5 2639.39 2642.44 2640.67 
2636.21 2638.7 2638.95 2633.59 2632.67 2640.41 2639.5 2646.64 
2635.35 2640.9 2644.07 2644.25 2641.93 2638.83 2641.5 2639.17 
2639.06 2638.5 2639.25 2642.3 2639.1 2642.7 2623.5 2641 
2633.5 2630 2628 2634.17 2374.83 2583.83 2943.2 2943.2 
2943.2 2943.2 2943.2 2943.2 2943.2 2943.2 2943.2 2943.2 
2943.2 2943.2 2943.2 2943.2 2943.2 2943.2 2943.2 2943.2 
# RVDC V1 t0 parameters 
2649.3 2943.8 2943.8 2943.8 2943.8 2943.8 2943.8 2943.8 
2943.8 2943.8 2943.8 2943.8 2943.8 2943.8 2943.8 2943.8 
2943.8 2943.4 2448.17 2528.17 2194.5 2433.5 2397.83 2571.17 
2632.5 2409.5 2609.5 2500.5 2644.5 2631.9 2642.17 2527.17 
2649.64 2084.5 2643.17 2644.06 2650.17 2645.17 2645.17 2644.93 
2645.93 2650.1 2647.5 2628.79 2645.9 2646 2646.17 2647.39 
2647.95 2646.39 2645.77 2644.61 2645.81 2644.83 2643.96 2641.73 
2646.21 2643.5 2644.67 2643.12 2648.33 2644.03 2642.21 2641.77 
2645.83 2641.64 2644.5 2642.17 2646.68 2641.81 2644.5 2644.72 
2643.87 2647.83 2645.81 2648.75 2643.5 2642.18 2643.19 2643.21 
2644.5 2643.81 2645.28 2644.33 2647.5 2647.04 2644.5 2645.7 
2642.44 2641.64 2640.97 2644.81 2648 2642.67 2641.07 2637.81 
2646.83 2644.32 2643.42 2644.83 2644.32 2642.2 2644.77 2644.79 
2645.2 2644.1 2646.32 2644.88 2648.35 2643.88 2642.13 2645.9 
2649 2644.55 2645.59 2643.23 2651.04 2644.42 2642.44 2649.83 
2643.88 2640.5 2646.67 2646.36 2651.5 2648.28 2644.1 2644.03 
2646.68 2645.39 2644.06 2642.25 2646.86 2647.75 2645.5 2646.83 
2649.59 2644.02 2645.73 2646.5 2643.55 2645.13 2642.72 2642.33 
2647.33 2642.5 2643.05 2647.1 2645.31 2647.14 2645.5 2647.5 
2642.88 2648.7 2643.36 2645.03 2642.5 2643.38 2644.13 2644 
2648.03 2646.7 2648.17 2647.61 2645.42 2645.83 2647.9 2644.31 
2649.03 2650.17 2650.13 2648.66 2647.5 2645.7 2646.02 2649.12 
2650.54 2644.76 2649.61 2647.06 2647.8 2647.1 2647.83 2650.64 
2642.02 2643.39 2646.34 2642.85 2645.7 2644.64 2645.57 2640.5 
2650.5 2647.5 2651.36 2649.3 2649.7 2649.4 2648.94 2648.24 
2650.73 2648.5 2653.36 2649.54 2650.5 2644.67 2650.64 2648.26 
2648.75 2650.12 2651.33 2647.6 2649.72 2647.64 2649.39 2648.6 
2649.77 2646.66 2647.92 2646 2647.1 2645.06 2647.55 2641.17 
2651.06 2646.23 2646.5 2651 2650.45 2646.83 2646.9 2646.98 
2648.55 2647.41 2648.25 2648.19 2651.5 2647.79 2648.5 2645.77 
2652.12 2647.19 2644.27 2645.21 2647.68 2648.6 2647.23 2651.13 
2646.79 2646.69 2646.17 2645.67 2643.78 2646.12 2647.1 2645.97 
2647.61 2648.21 2646.5 2651.5 2647.07 2649.08 2647.88 2649.55 
2651.02 2648.25 2646.98 2652.94 2647.97 2644.2 2648.5 2645.17 
2650.6 2644.76 2642.74 2647.28 2648.09 2645.67 2645.35 2646.62 
2643.02 2648.5 2645.5 2645.58 2645.45 2646 2643.83 2646.17 
2654.24 2638.86 2645 2652.31 2648.8 2654 2654.83 2652.42 
2652.33 2649.64 2651.25 2652.38 2641.33 2646.15 2654.26 2652.05 
2652.9 2647.17 2652.5 2649.57 2647.21 2649.9 2649.58 2647.05 
2648.86 2650.72 2642.9 2651.17 2645.32 2646.14 2648.17 2643.1 
2648 2651.3 2647.5 2646.3 2638.5 2648 2647.17 2641.93 
2954.4 2553.7 2648.9 2649 2954.4 2625.5 2469.5 2638.5 
2954.4 2952.5 2952.5 2952.5 2952.5 2952.5 2952.5 2952.5 
2952.5 2952.5 2952.5 2952.5 2952.5 2952.5 2952.5 2952.5 
2952.5 2952.5 2952.5 2952.5 2952.5 2952.5 2952.5 2952.5 
2952.5 2952.5 2952.5 2952.5 2952.5 2952.5 2952.5 2952.5 
# RVDC V2 t0 parameters 
2652.7 2945.8 2945.8 2945.8 2945.8 2945.8 2945.8 2945.8 
2945.8 2945.8 2945.8 2945.8 2641.83 2203.5 2180.17 2319 
2367.5 2372.3 2631.9 2629.7 2457.7 2640.1 2643.5 2644 
2604.83 2339.5 2647.75 2644.5 2643.25 2638.5 2639.61 2639.83 
2643.28 2639.94 2643.83 2644.17 2641.88 2645.75 2644.64 2647.1 
2645.07 2645.07 2642.05 2643.65 2646.1 2645.28 2642.77 2640.1 
2643.5 2640.61 2643.14 2641.5 2645 2642.21 2642.5 2643.64 
2643.32 2643.41 2639.2 2640.5 2640.07 2640.35 2641.12 2641.17 
2641.96 2638.69 2641 2641.5 2643.17 2644.72 2647.5 2645.1 
2639.83 2641.9 2643.77 2641.75 2640.56 2640.86 2644.33 2639.83 
2642.71 2641.42 2642.17 2639.67 2643.33 2643.17 2642.05 2643.58 
2641.23 2637.77 2641.28 2638.5 2639.21 2637.17 2636.26 2636.97 
2644.04 2644.5 2641.2 2642.9 2642.83 2641.38 2643.97 2640.12 
2645.67 2645.33 2643.82 2645.27 2643.42 2643.03 2646.61 2643.12 
2643.25 2638.7 2642.23 2643.64 2642.35 2640.33 2641.58 2639.23 
2642.7 2638.88 2641.5 2639.02 2640.83 2641.33 2640.96 2636.93 
2641.77 2637.64 2637.88 2639.67 2639 2637.68 2642.65 2639.88 
2639.12 2640.93 2639.5 2639.5 2637.9 2641.64 2644.32 2639.3 
2644.34 2640.68 2643.77 2645 2645.21 2644.73 2644.32 2643.75 
2642.24 2639.75 2643.06 2639.62 2642.06 2643.1 2643.5 2638.8 
2644.73 2642.5 2644.12 2644.58 2646.72 2642.5 2644.19 2642.64 
2644.62 2644.64 2643.83 2648.25 2640.43 2642.41 2641.5 2645.28 
2644.83 2642.38 2644.67 2642.42 2641.9 2640.24 2644.04 2641.17 
2639.83 2636.88 2640.18 2642.9 2643.39 2642.1 2637.38 2638.07 
2648.25 2647.7 2645.03 2642.72 2648.67 2644.38 2646.5 2643.83 
2647 2645.44 2646.33 2644.12 2645.97 2645.75 2646.66 2640.83 
2643.8 2643.57 2647.12 2646.36 2647.37 2643.13 2642.93 2645.04 
2644.06 2644.79 2641.9 2644.1 2642.1 2644.42 2643.26 2645.75 
2649.38 2644.94 2652.36 2644.03 2648.23 2647.61 2643.92 2648.5 
2645.54 2643.72 2644.23 2643.09 2645.88 2641.43 2643.93 2644.5 
2642.94 2639.94 2640.29 2644.06 2645.03 2643.75 2646.39 2644.5 
2640.5 2640.96 2641.39 2646.03 2646.44 2642.36 2645.09 2642.97 
2644.45 2645.85 2646.88 2648.17 2645.95 2648.35 2643.87 2644.61 
2646.07 2644.46 2644.9 2644.2 2643.64 2644.27 2642.17 2642.61 
2649.25 2645.36 2645.9 2642.74 2643.39 2643.65 2641.23 2641.11 
2640.95 2643.68 2641.74 2643.08 2644.67 2643 2640.41 2642.72 
2650.28 2652.07 2653.07 2650.5 2652.55 2651.68 2650.88 2650.65 
2650.83 2652.67 2649.15 2650.75 2649.56 2646.07 2652.42 2649.58 
2654.73 2646.88 2648.12 2647.86 2648.5 2648.07 2647.29 2649.9 
2652.57 2648.7 2647.32 2649.94 2648.12 2643.19 2651.58 2649.5 
2647.59 2638.5 2646.5 2641.65 2641.25 2642.23 2648.17 2640.1 
2646.17 2646.5 2643.5 2642.17 2643.83 2640.5 2643.36 2636.36 
2644.25 2649.36 2623.17 2641 2645.5 2638.5 2646.5 2649 
2639 2546 2623.83 2635.3 2635.5 2622.5 2952.3 2952.3 
2952.3 2942.4 2942.4 2942.4 2942.4 2942.4 2942.4 2942.4 
2942.4 2942.4 2942.4 2942.4 2942.4 2942.4 2942.4 2942.4 
# LVDC U1 t0 parameters 
2947.1 2947.1 2947.1 2947.1 2707.5 2574.5 2900.5 2891.5 
2546.5 2923.7 2937 2868.5 2927.5 2935 2947.1 2936.17 
2938.7 2938.5 2931.83 2937.5 2936.17 2937 2937.83 2932.5 
2937.3 2935 2933.3 2926.93 2934.5 2919 2778.36 2933.5 
2777.83 2927.5 2932.17 2933.93 2938.5 2931.5 2937.9 2937.5 
2936.7 2932.9 2935.3 2939.5 2936.17 2924.36 2935.06 2933.9 
2940.39 2933.95 2938.7 2939.93 2939.68 2938.28 2938.7 2936.83 
2933.5 2933.17 2934.7 2937.93 2937.25 2939.06 2934.17 2933.5 
2937.5 2934.44 2939.7 2937.5 2941.1 2938.58 2939.67 2939.37 
2939.39 2942.17 2937.57 2939.5 2939.72 2934.5 2936.5 2936.5 
2941.77 2939.38 2943.75 2941.65 2940.38 2941.35 2942.5 2942.83 
2938.64 2936.21 2937.83 2937.61 2937.68 2939.5 2936.86 2938.41 
2945.93 2944 2945.64 2944.32 2942.5 2945.59 2943.65 2944.7 
2943.75 2941.83 2943.5 2941.19 2943.83 2946.9 2943.37 2945.95 
2942.93 2942.95 2941.5 2939.72 2944.27 2942.35 2943.32 2945.83 
2939.83 2939.59 2942.43 2940.12 2941.42 2939.9 2935.15 2937.61 
2944.65 2941.88 2944.33 2937.72 2945.59 2942.3 2943.86 2941.3 
2941.63 2942.5 2939.81 2939.35 2940.38 2935.93 2938.17 2936 
2942.12 2940.86 2939.93 2939.25 2938.83 2941.64 2940 2940.17 
2939.07 2938.15 2939.21 2937.23 2939.5 2940.72 2935.83 2936.77 
2937.93 2938.94 2938.42 2938.23 2937.75 2938.3 2937.38 2934.97 
2936.5 2936.21 2940.06 2939.77 2936.38 2937.23 2933.07 2937.67 
2940.21 2938.5 2938.79 2936.33 2941.06 2937.36 2935.64 2938.5 
2933.07 2933.34 2939.75 2934.17 2935.5 2934.93 2935.5 2937.04 
2946.17 2944.36 2947.5 2943.7 2944.25 2946.79 2942.83 2943.5 
2944.5 2945.62 2945.5 2941.23 2941.65 2944.81 2943.58 2939.21 
2945.36 2942.77 2943.23 2941.9 2942.5 2941.94 2942.5 2940.77 
2938.75 2941.72 2941 2939 2939.44 2939.77 2938.95 2934.93 
2946.85 2942.5 2944.64 2941.57 2941.62 2944.1 2941.9 2945.86 
2945.93 2943.83 2945.09 2941 2946.03 2941.7 2943.1 2944.81 
2941.7 2941.12 2943.7 2941.03 2941.97 2943.12 2939.79 2943.12 
2938.5 2936.62 2936.5 2937.7 2937.5 2938.93 2939.12 2936.28 
2942.17 2944.27 2943.85 2943.93 2946.5 2948.33 2947.23 2945.12 
2944.09 2945.36 2944.5 2949.75 2942.28 2943.42 2943.34 2942.62 
2943.7 2943.55 2945.07 2944.88 2943.9 2945.45 2945.21 2944.4 
2940.41 2940.06 2943.61 2941.12 2943.68 2943.27 2939.24 2941.83 
2949.5 2946.1 2945.3 2944.77 2944.32 2944 2942.83 2944.76 
2948.88 2943.83 2946.9 2947.14 2943.12 2944.21 2944.61 2941.62 
2943 2940.1 2942.94 2939.38 2941.5 2938.28 2939.73 2942.7 
2940.25 2939.5 2940.5 2943.3 2940.93 2942.17 2943.5 2941.25 
2946.17 2945.93 2942.64 2939.75 2940.07 2947.5 2941.61 2943.83 
2943.17 2941.83 2939.7 2938.25 2942.5 2941.17 2941 2943 
2938.5 2937.7 2905.17 2945.5 2933.5 2932.5 2931.5 2930 
2940.3 2942.5 2945 2929.5 2920.83 2935.5 2945 2912.83 
2943.5 2945 2945 2945 2945 2945 2945 2945 
2945 2945 2945 2945 2945 2945 2945 2644 
# LVDC U2 t0 parameters 
2934.9 2934.9 2934.9 2916.17 2746.17 2934.9 2490.83 2927 
2433.5 2710 2528.5 2934.9 2910.5 2934.9 2842.17 2597.3 
2903 2625.3 2921.9 2924.3 2705.5 2925.83 2929 2853.17 
2787.17 2796.17 2923.5 2699.5 2912.5 2921.5 2839.17 2924.25 
2930.07 2929.5 2930.83 2925.83 2928.5 2926.83 2930.25 2928.61 
2927.5 2927.79 2929.39 2928.28 2928.1 2928.61 2928 2926.1 
2925.59 2928.25 2927.14 2931 2929.5 2927.5 2930.3 2927.33 
2926.1 2928.41 2927.05 2931.5 2930.21 2929.83 2927.32 2927.14 
2932.27 2931.07 2928.5 2929.05 2930.5 2929.39 2933.9 2933.83 
2927.32 2930.33 2930.33 2929.81 2930 2933.1 2930.5 2928.41 
2925.79 2927 2929.5 2926.7 2927.5 2928.36 2930.86 2926.73 
2928.39 2923.44 2924.25 2927.93 2928 2928.26 2924.5 2926 
2939.9 2943 2937.12 2941.25 2940.5 2938.75 2940.12 2940.25 
2941 2939.29 2938.83 2938.83 2941.94 2939.5 2942.32 2941.75 
2938.33 2936.07 2938.3 2937.25 2938.81 2941.06 2938.5 2938.38 
2937.06 2935.83 2939.95 2935.21 2938.25 2936 2936.5 2932.61 
2939.93 2932 2935.77 2932.83 2936.58 2935.62 2934.9 2934.03 
2936.72 2936.3 2935.38 2934.32 2934.5 2931.93 2934.39 2932.94 
2936.95 2926.9 2933.9 2931.27 2932.93 2931.07 2930.5 2933.9 
2931.5 2930.13 2931.5 2927.91 2929.93 2930.5 2931 2929.75 
2930.5 2937 2936.94 2937.5 2934.96 2934.97 2937.3 2935.5 
2935.5 2933.74 2935.73 2935.33 2934.23 2933.93 2932.81 2930.5 
2935.61 2937.32 2930.75 2933.36 2937.7 2934.91 2934.5 2936.06 
2932.27 2933.9 2930.77 2933.36 2931.38 2934.1 2932.83 2932.83 
2936.06 2934.68 2936.15 2938.94 2937.64 2938.5 2936.67 2935.62 
2935.75 2935.85 2937.3 2935.2 2936.74 2936.5 2936.77 2936.88 
2939.5 2938.83 2937.95 2937.75 2936.3 2938.59 2939.5 2936.83 
2938.5 2936.9 2933 2932.79 2934.65 2935.61 2933.5 2932.86 
2934.8 2938.95 2938.14 2936.17 2937 2939 2936.88 2941.12 
2940.7 2939.67 2942.12 2939.3 2936.65 2944 2938.64 2940.9 
2938.28 2938.83 2936.34 2940.1 2940 2939 2939.21 2937.14 
2936.5 2934.89 2936.26 2934.61 2934.91 2935.33 2936.33 2936.5 
2939.5 2934.6 2938.75 2936.23 2935.5 2935 2934.28 2935.12 
2936.57 2937.67 2938.05 2937 2937.73 2936.43 2935.61 2937.43 
2939.07 2934.15 2935.88 2935.86 2937.95 2939.21 2936 2937.3 
2933 2933.73 2938.96 2935.5 2940.5 2933.61 2931.61 2932.83 
2942.23 2943.12 2946.19 2946 2944.5 2941.83 2945.83 2948.75 
2945.14 2948 2944.93 2946.7 2942.5 2944.38 2941.81 2943.08 
2944.36 2938.33 2939.4 2939.63 2940.64 2943.1 2941.33 2945.5 
2940.5 2939.3 2939.5 2939.33 2939.1 2934.5 2936.88 2936.05 
2940.5 2938.17 2942.07 2941.27 2939.25 2940.64 2942.17 2938.28 
2938.64 2940.39 2945 2941.79 2941.5 2935.75 2940.5 2938.21 
2941.5 2941.1 2941.25 2938.5 2941.3 2938 2939.25 2937.83 
2934.5 2941 2936.7 2935.93 2938 2939 2938.5 2734.17 
2935 2935.83 2903.5 2939 2892.17 2679 2936.17 2933.83 
2931.17 2943.2 2943.2 2943.2 2943.2 2943.2 2943.2 2947.1 
# LVDC V1 t0 parameters 
2943.8 2943.8 2943.8 2943.8 2889.5 2943.8 2838 2943.8 
2921.83 2894.5 2930.5 2912.1 2945.5 2936.5 2928.5 2941.5 
2764 2938.9 2938 2909 2942.5 2936.5 2936.79 2936.17 
2745.5 2933.9 2843.5 2936.83 2935.7 2939.5 2932.36 2933.7 
2940.83 2711.7 2775.07 2939.5 2938.21 2936.25 2940.83 2938.17 
2946.5 2936.75 2935.5 2941.23 2941.79 2941 2942.95 2933.59 
2940.95 2941.7 2944.5 2941.93 2942.93 2940.5 2943.5 2939.86 
2939.5 2935.88 2942.77 2940.39 2939.39 2941.5 2938.7 2937.3 
2942.75 2940.3 2944.9 2946.3 2945.1 2941.32 2941.77 2942.86 
2941.27 2939.97 2943.67 2941.83 2944.35 2946.83 2940.19 2941.79 
2943.17 2942.64 2942.5 2944.32 2945.03 2943.77 2943.72 2941.58 
2939.74 2937.27 2945.35 2944.3 2939.21 2939.97 2941.1 2936.58 
2949 2948.97 2949.65 2949.06 2949.14 2950 2947.57 2950.05 
2950.5 2947.64 2947.32 2949.58 2949.12 2949.9 2946.25 2950.64 
2950.94 2946.83 2945.5 2951.05 2949.14 2947.57 2951.83 2950.67 
2950.68 2944.72 2947.39 2947.73 2948.41 2943.64 2947.58 2941.5 
2947.5 2947.14 2954.41 2945.83 2948.5 2946.1 2949.83 2951 
2948.19 2945.75 2947.94 2945.83 2944 2943.96 2942.5 2941.5 
2942.74 2942.88 2944.33 2945.83 2945.75 2947 2943.75 2946.17 
2945.58 2942.33 2941.79 2944.68 2942.2 2944.23 2942.75 2938.17 
2951.5 2944.79 2946.38 2942.5 2946.26 2950.07 2948.9 2945.5 
2944.9 2946.7 2942.03 2946.93 2942.9 2944.85 2945.58 2942.95 
2947.5 2944 2944.24 2945.07 2945.64 2941.56 2949.07 2941.67 
2942.17 2939.65 2946.42 2940.79 2940.17 2939.83 2940.68 2935.5 
2949.37 2949.67 2944.98 2945.17 2948.17 2946.75 2948.07 2945.93 
2948.97 2944.61 2948.64 2946.93 2946.68 2947.06 2945.25 2943.97 
2946.17 2944.17 2948.19 2946.93 2945.7 2944.81 2943.31 2948.88 
2945 2946.27 2945.14 2943.75 2948.07 2943.36 2943.88 2942.88 
2948.32 2942.9 2944.88 2947 2946.5 2946.94 2946.36 2950.88 
2949.64 2949.44 2952.3 2947.32 2944.5 2945.19 2945.55 2944.85 
2951.38 2947.88 2949.96 2945.07 2950.7 2950.79 2950.3 2947.88 
2945.88 2948.07 2944.88 2944.77 2945.5 2945.19 2945.83 2944.71 
2950.21 2947.55 2945.67 2947.64 2951.5 2948.64 2948.5 2951.62 
2948.64 2948.71 2947 2949.09 2948.96 2948.42 2947.56 2948.24 
2948 2948.71 2950.43 2951.83 2950 2951.67 2955.5 2955.77 
2950.97 2951.2 2949.34 2948.5 2948.38 2949.65 2947.35 2947.67 
2954.64 2953.39 2958.9 2954.12 2950.1 2959.17 2953.65 2951.79 
2953.5 2952.42 2950.83 2950.58 2951.83 2957.41 2948.57 2953 
2954.3 2949.79 2951.75 2946.67 2952.28 2946.95 2946.5 2945.5 
2948.75 2949.32 2948.1 2945.9 2945.5 2947.61 2948.5 2939.06 
2952.25 2946.5 2951.5 2947.5 2949.3 2945.5 2942.5 2944.5 
2945.83 2947.5 2943.7 2951.9 2949.1 2927.83 2948 2938 
2935.1 2914.83 2945.5 2947.7 2897.83 2946.5 2942.5 2954.17 
2934.17 2905.17 2900.17 2923.5 2952.5 2938.83 2902 2933.5 
2952.5 2952.5 2952.5 2952.5 2952.5 2952.5 2952.5 2952.5 
2952.5 2952.5 2952.5 2952.5 2952.5 2952.5 2952.5 2947.1 
# LVDC V2 t0 parameters 
2945.8 2945.8 2945.8 2945.8 2945.8 2933.17 2809.83 2881 
2688.17 2915.17 2803.5 2629 2900.5 2935.5 2811 2684 
2868 2485.3 2925.83 2835.5 2935.5 2924 2898.5 2937.17 
2937.83 2934 2910.83 2934.17 2898.79 2932.5 2935.79 2930.5 
2937.75 2936.07 2941.5 2935.5 2939.28 2940.7 2932.88 2936 
2937 2931.41 2938.25 2935.06 2944.07 2934.33 2937.72 2936.1 
2935.5 2935.5 2934.96 2933.61 2934.5 2934.97 2940 2935.5 
2936.05 2935.7 2934.75 2935.17 2935.83 2937.5 2937.72 2937.93 
2941.17 2934.35 2938 2938.77 2937 2938.67 2942.1 2945.93 
2940.5 2940.9 2940.7 2937.94 2936.86 2938.07 2939.32 2936.95 
2936.94 2936.9 2937.42 2938.5 2941.39 2937.88 2941.72 2937.63 
2938.61 2939.79 2938.96 2935.17 2943.14 2937 2944.25 2937.94 
2945.64 2941.67 2947.21 2946.17 2945.5 2945.5 2945.5 2946.04 
2942.1 2940.5 2946.64 2942.39 2946.83 2943.88 2943.62 2946.95 
2948.06 2945.5 2943.75 2942.5 2942.88 2941.5 2943.62 2945.17 
2938.75 2940.67 2940.94 2939.5 2938.67 2936.93 2945.9 2939.06 
2941.14 2936.9 2938.25 2940.23 2935.17 2937.17 2937.05 2939.41 
2933.38 2935 2936.61 2932.94 2935.33 2935.72 2933.17 2932.64 
2937.93 2938.33 2942.05 2940.23 2940.36 2940 2942.17 2940.36 
2939.04 2936.07 2942.36 2935.3 2939.7 2938.3 2936.64 2934.17 
2939.62 2935.12 2941 2938.77 2941.5 2938.68 2938.83 2935.39 
2941.83 2937.55 2941.62 2936.73 2940.77 2943.17 2938.83 2937.5 
2939.35 2936.65 2939.14 2935.85 2939.3 2936.5 2939.9 2938.35 
2933.58 2935.5 2934 2936.1 2935.83 2932.5 2935.72 2931.82 
2945.04 2938.23 2944.19 2939.34 2942.1 2943.86 2939.85 2942.91 
2943.19 2940.5 2943.42 2942.17 2940.23 2943.93 2940.87 2938.72 
2941.77 2936.39 2940.18 2938.93 2938.81 2938.73 2942.36 2942.17 
2938.05 2937.77 2939.28 2938.27 2939.7 2941 2936.9 2935.43 
2941.5 2940.9 2944.77 2942.26 2942.57 2942.7 2940.79 2940.25 
2943.63 2944.3 2942.77 2940.79 2939.88 2942.7 2943.14 2937.76 
2943.19 2941.74 2943.5 2939.27 2940.25 2940.23 2942.86 2941.61 
2936.37 2943.17 2938.79 2942.41 2940.1 2940.96 2939.88 2936.66 
2945.81 2939.17 2944 2940.95 2943.19 2941.35 2939.21 2942.64 
2941.03 2940 2940.96 2939.5 2946.5 2940.21 2937.34 2941.32 
2942.23 2941.79 2939.77 2940.5 2940.5 2941.92 2942.94 2941.5 
2938.94 2938.38 2943.7 2937.02 2938.93 2939.62 2941.25 2935.68 
2949.5 2944.9 2952.28 2945.75 2949.07 2951.23 2945.36 2951.79 
2949.14 2949.7 2948 2948.19 2948.5 2947.61 2946.5 2939.93 
2946.9 2943.75 2943.09 2945 2948.42 2943.74 2945.27 2942.39 
2943.23 2941.86 2946 2943.83 2943.68 2940.94 2943.5 2938.94 
2950.05 2942.23 2946.7 2943.5 2937.5 2945.5 2945.83 2945.83 
2947.5 2943.9 2944.58 2943.28 2940.5 2942.14 2947.83 2939.07 
2943.83 2937.25 2947.9 2935.5 2940.36 2944.7 2948.17 2944.5 
2941.3 2938.5 2941.7 2939.7 2946 2623.5 2938.17 2932.7 
2935.5 2937.5 2929.5 2930.83 2926.5 2932.5 2673.5 2928.5 
2906.5 2928.5 2942.4 2942.4 2942.4 2942.4 2942.4 2947.1 
