# RVDC U1 t0 parameters 
2644 2947.1 2947.1 2947.1 2947.1 2947.1 2947.1 2947.1 
2947.1 2947.1 2947.1 2947.1 2947.1 2947.1 2947.1 2947.1 
2947.1 2944 2944 2944 2944 2944 2944 2944 
2944 2387.17 2944 2477.5 2329.17 2597.5 2606.83 2632.83 
2642.17 2631 2633.5 2298.1 2621.83 2639.83 2635.7 2637.5 
2637.21 2637.17 2635.72 2637.9 2639.17 2639.83 2638.9 2635.9 
2641.07 2637.73 2641.25 2639.36 2638.64 2637.9 2640.94 2639.7 
2636.36 2632.9 2638 2638.59 2639.72 2632.1 2637.75 2634.25 
2643.17 2638.1 2641.79 2637.23 2636.3 2639.91 2637.12 2638.75 
2640.25 2640.59 2643 2640.68 2641.83 2637.67 2639.59 2637.5 
2637.83 2633.1 2638 2635.56 2639.94 2635.68 2635.09 2636.96 
2632.96 2633.33 2633.23 2636.75 2635.21 2634.83 2631.5 2630.62 
2641.65 2643.17 2638.17 2637.35 2642.79 2642 2638.83 2641.75 
2635.32 2639.04 2640.21 2643.67 2638.83 2635.72 2639.03 2641 
2645.23 2639.44 2639.83 2639.95 2645.21 2640.67 2641.63 2643.03 
2640.05 2639.72 2643.5 2639.42 2641.39 2639.61 2640.61 2642.06 
2647 2643.86 2644.83 2642.5 2645 2646.1 2646.95 2642.77 
2637.58 2642.62 2648.83 2646.21 2644.03 2641.64 2641.5 2641.86 
2645.72 2643.17 2640.72 2641.27 2643.81 2641.64 2645.57 2641.23 
2640.83 2641.42 2644.17 2641.5 2638.85 2640.56 2638.79 2638.5 
2642.97 2643.26 2642.74 2640.41 2647.3 2648.5 2646.77 2643.17 
2644.5 2645.04 2648.5 2642.57 2642.1 2647.5 2644.59 2642.38 
2649.62 2645.83 2644.5 2646.21 2650.1 2644.77 2644.32 2644.61 
2642.68 2639.24 2642.88 2645.03 2639.58 2639.21 2643.1 2639.6 
2650.68 2641 2646.67 2643.65 2646.9 2646.5 2643.62 2646.17 
2648.83 2641.7 2646.26 2643.23 2642.39 2649.1 2644.59 2639.72 
2646.93 2647.07 2643.36 2647 2641.68 2642.72 2644.35 2647.07 
2646.14 2642.43 2641.94 2644.5 2646.43 2641.28 2642.88 2641.12 
2649.67 2641.62 2644.35 2642.79 2643.4 2646.17 2644.17 2643.1 
2643.06 2642.39 2643.25 2643.68 2642.36 2640.72 2642.5 2646.5 
2645.3 2644.62 2639.5 2641.21 2647.5 2641.62 2643.55 2646.88 
2638.82 2642.21 2640.79 2639.17 2640.07 2641.97 2640.83 2638 
2652.61 2647.56 2647.11 2646.93 2645.13 2645.37 2646.21 2648.7 
2647.67 2645.25 2646.94 2648 2647.62 2645.5 2645.79 2644.38 
2645.23 2643.33 2643.5 2645 2641.77 2642.6 2641.43 2644.23 
2643.17 2643.62 2642.56 2640.6 2643.58 2640.83 2643.38 2639.31 
2646.83 2645.02 2646.04 2647.88 2648.24 2647.05 2649.33 2651.12 
2644.83 2647.73 2646.5 2647.32 2650.32 2646.07 2641.5 2651.5 
2647.1 2645.05 2647.28 2643.93 2648.5 2652.17 2644.5 2646.94 
2639.23 2642.83 2646 2644.5 2645.83 2645.83 2643.7 2635.83 
2644.5 2645.5 2648.17 2653 2622.17 2624.5 2640 2945.8 
2603 2619.5 2945.8 2456.83 2650.5 2945.8 2945.8 2945.8 
2945.8 2945 2945 2945 2945 2945 2945 2945 
2945 2945 2945 2945 2945 2945 2945 2945 
2945 2945 2945 2945 2945 2945 2945 2945 
2945 2945 2945 2945 2945 2945 2945 2945 
# RVDC U2 t0 parameters 
2634.6 2934.9 2934.9 2934.9 2934.9 2934.9 2934.9 2934.9 
2934.9 2934.9 2934.9 2934.9 2934.9 2934.9 2934.9 2123.5 
2618.5 2189.83 2930.4 2623.17 2168.5 2399.5 2598.5 2627.9 
2628.9 2627.3 2524.5 2398 2627.5 2624 2631.3 2624.21 
2633.93 2628.93 2628.17 2625.5 2631.5 2626.3 2628.9 2633.17 
2629.5 2632.3 2633.07 2630.79 2630 2633.64 2633.21 2631.79 
2629.93 2628.75 2625.67 2631.67 2627.23 2631 2631.05 2630.28 
2626.3 2630.83 2630.21 2631.17 2628.3 2627.5 2627.17 2627.79 
2628.21 2626.5 2628.5 2624.21 2626.9 2632.9 2632 2631.3 
2627.5 2625.95 2632.72 2626.67 2631.9 2627 2626.33 2625.23 
2633.5 2629.5 2631.32 2629.5 2627.65 2628.59 2634.3 2628.3 
2630.86 2628.36 2626.75 2626.7 2626.5 2626.19 2628.25 2622.9 
2635.56 2630.87 2636.5 2634 2640.17 2633.3 2636.28 2635.67 
2632.97 2635.3 2634.9 2635.3 2636.25 2636.41 2637.5 2631.59 
2634.88 2634.27 2637.94 2632.77 2634.62 2632.73 2633.5 2636.5 
2632.95 2630 2632.83 2632.94 2634.3 2629.83 2630.3 2632.83 
2634.32 2629.39 2635.41 2628.7 2637.41 2632.79 2636.5 2635.3 
2638.5 2629.79 2633.95 2633.38 2631.88 2633.5 2631.17 2635.25 
2636.83 2630.5 2635.83 2630.94 2637.83 2632.7 2633.55 2634.5 
2635.9 2631.93 2633.5 2632.87 2632.4 2633.5 2633.5 2636.06 
2635.21 2633.64 2636.1 2632.19 2630.38 2637.39 2635.12 2638.5 
2632.21 2636.61 2634.62 2639.07 2634.6 2634.07 2637.3 2635.88 
2638.21 2633.71 2637.36 2635.64 2639.19 2634.9 2637.65 2638.1 
2635.67 2634.27 2632.21 2628.79 2633.57 2635.95 2630.55 2630.38 
2639.33 2634.1 2635.72 2634.1 2636.04 2635.06 2634.1 2637.88 
2632.3 2635.5 2634.9 2631.83 2630.58 2630.45 2634.83 2631.12 
2639.12 2635.17 2634.5 2634.85 2632.74 2633.21 2636.12 2637.68 
2634.3 2631.5 2632.5 2632.02 2635.33 2633.9 2630.39 2632.5 
2637.03 2636.63 2636.88 2635.62 2635.72 2633.83 2638.64 2636.17 
2634.58 2635.03 2636.5 2636.95 2637.5 2633.1 2637.14 2631.5 
2635.39 2634.41 2632.5 2627.43 2631.5 2633.77 2634.35 2631.38 
2632.57 2634.75 2628.88 2631.1 2630.44 2627.86 2633.63 2634.12 
2638.3 2638.3 2638.83 2635.92 2637.9 2636.95 2641.21 2633.95 
2635.7 2635.59 2639.86 2638.67 2640.77 2637.27 2634.39 2633.21 
2637.5 2637.07 2635.72 2640.97 2636.5 2636.77 2642.5 2637.1 
2631.75 2637.83 2636.03 2637.3 2634.5 2629.77 2635.83 2632.61 
2640.28 2642.17 2637.38 2637.13 2639.17 2639.44 2641 2642.88 
2642.94 2640.5 2639.75 2641.23 2641.36 2639.21 2639.95 2640.86 
2643.36 2639.19 2640.93 2643.04 2640.61 2637.83 2644.64 2642.32 
2639.1 2645.42 2639.65 2642.5 2642.86 2638.5 2638.5 2636.72 
2643.25 2644.25 2638.94 2640.07 2640.5 2639.5 2640.61 2638.95 
2644.5 2638 2644.36 2642.64 2636.75 2634.9 2642.64 2641.5 
2641 2632.17 2639.83 2646 2649 2645 2634 2943.2 
2640.17 2375.5 2943.2 2943.2 2943.2 2943.2 2943.2 2943.2 
2943.2 2943.2 2943.2 2943.2 2943.2 2943.2 2943.2 2943.2 
2943.2 2943.2 2943.2 2943.2 2943.2 2943.2 2943.2 2943.2 
# RVDC V1 t0 parameters 
2649.3 2943.8 2943.8 2943.8 2943.8 2943.8 2943.8 2943.8 
2943.8 2943.8 2943.8 2943.8 2943.8 2943.8 2943.8 2943.8 
2943.8 2943.4 2943.4 2943.4 2943.4 2943.4 2378.17 2381.17 
2600 2334 2566 2463.7 2438.5 2639.5 2497.5 2430.17 
2621.3 2639.1 2646.3 2639.75 2645.3 2644.9 2640.5 2645.7 
2645.61 2641.5 2648.64 2543.61 2646.17 2645.83 2647.75 2643.95 
2644.06 2647.1 2647.7 2647.83 2642.5 2646.5 2644.83 2643.5 
2645 2641.59 2642.75 2643.07 2643.86 2642.25 2643.7 2647.17 
2648.5 2643.32 2647.5 2644.06 2644.12 2645.25 2648.14 2647.17 
2644.28 2645.5 2644.56 2645.94 2641.77 2642.88 2644.33 2640.3 
2648.67 2647 2645.21 2643.64 2645.14 2643.64 2647.83 2643.95 
2640.33 2638.88 2641.9 2643 2641.5 2639.5 2638.75 2645.36 
2650 2644.5 2642.93 2643.1 2645.9 2641.36 2644.5 2644.5 
2642.97 2645.1 2643.9 2646.3 2643.68 2646.41 2647.1 2649.58 
2650.5 2642.32 2650.5 2643.73 2649.35 2646.93 2645.61 2646.25 
2643.83 2645.23 2646.63 2640.36 2644.67 2644.7 2646.68 2640.5 
2651.95 2647.06 2646.21 2643.77 2643.39 2646.37 2648.37 2648.32 
2643.38 2645.96 2646.75 2646.5 2645.07 2643.5 2649.5 2644.27 
2642.05 2643.5 2643.66 2646.61 2647.86 2644.13 2646.37 2641.88 
2641.5 2643.25 2643.5 2643.23 2643.25 2645.5 2644.19 2643.08 
2650.04 2644.87 2649.9 2649.61 2648.17 2649.21 2646.21 2650.23 
2650.58 2646.04 2646.05 2650.19 2647.83 2645.23 2647.38 2644.23 
2650.45 2648.23 2651.07 2646.59 2646.32 2642.75 2648.59 2643.9 
2642.77 2645.63 2646.17 2644.18 2643.5 2647 2645.1 2643.42 
2649.5 2650.5 2649.64 2648.64 2649.04 2646.23 2646.85 2648.38 
2653.67 2652.1 2651.17 2648 2648.14 2648.5 2650.04 2645.7 
2648.5 2648.5 2649.3 2648.04 2648.14 2648.37 2646.75 2649.67 
2646.21 2644.5 2651.5 2646.07 2646.96 2644.61 2644.31 2644.81 
2647.05 2644.63 2647.17 2647.5 2647.3 2645.57 2647.3 2647.07 
2650.04 2644.19 2645.5 2650.32 2647.94 2644.68 2647.68 2645.17 
2649.07 2645.77 2647.17 2649.88 2646.79 2646.44 2647.38 2652.17 
2648.15 2647.85 2646.37 2649.97 2644.83 2645.75 2646.12 2646.36 
2649.3 2648.97 2644.9 2650.21 2647.5 2647.38 2648.83 2646.68 
2649.83 2654 2648.21 2647.97 2646 2646.93 2644.76 2644.02 
2647.66 2643.58 2643.63 2647.06 2648.39 2644.93 2644.25 2645.62 
2648.32 2646.23 2645.12 2650.63 2648.07 2643.65 2647.3 2644.77 
2656.88 2641.64 2649.5 2653.93 2650.3 2654.5 2651.21 2647.36 
2650.72 2649.17 2650.12 2652 2648.5 2637.5 2650.33 2652.7 
2647.64 2647.7 2651.21 2650.77 2650.39 2646.3 2651.41 2647.5 
2650.9 2647 2646.1 2644.75 2644 2639.75 2645 2647 
2426.93 2635.5 2641.7 2644.17 2643.5 2608.5 2638.5 2646 
2588.5 2632.17 2334.5 2607.5 2954.4 2954.4 2954.4 2954.4 
2954.4 2952.5 2952.5 2952.5 2952.5 2952.5 2952.5 2952.5 
2952.5 2952.5 2952.5 2952.5 2952.5 2952.5 2952.5 2952.5 
2952.5 2952.5 2952.5 2952.5 2952.5 2952.5 2952.5 2952.5 
2952.5 2952.5 2952.5 2952.5 2952.5 2952.5 2952.5 2952.5 
# RVDC V2 t0 parameters 
2652.7 2945.8 2945.8 2945.8 2945.8 2945.8 2945.8 2945.8 
2945.8 2945.8 2945.8 2945.8 2945.8 2945.8 2157.83 2303.5 
2606.5 2378 2254.5 2488.9 2503 2633.5 2222.17 2641.93 
2639.17 2635.17 2643 2642.83 2635 2639.5 2641.7 2642.1 
2641.25 2643.5 2642 2641.93 2641.5 2642.07 2643.17 2646.3 
2643.5 2640.7 2646 2647 2643.75 2643.12 2644.93 2641.9 
2644.14 2642.75 2640.68 2643.5 2640.5 2640.3 2642.19 2640.86 
2642.07 2641.12 2642 2641.5 2639.41 2641.7 2640.67 2639.59 
2642.83 2642.17 2644.5 2646.75 2644.39 2642.17 2642.5 2640.38 
2642.5 2641.9 2641.58 2642.5 2643.41 2639.95 2642.17 2639.44 
2643.05 2641.5 2641.38 2642.1 2642 2643 2642.38 2642.93 
2638.35 2640.72 2640.23 2640.39 2641.04 2636.5 2637.59 2636.17 
2646.33 2643.06 2645.5 2641.57 2642.06 2641.25 2642.3 2643.3 
2645.14 2647.7 2645.5 2643.5 2641.33 2645.72 2646.5 2647.5 
2638.5 2641.17 2639.5 2635.38 2639.9 2641.06 2641.61 2640.3 
2641.77 2638.19 2644.77 2642.1 2641.05 2642.3 2637.61 2639.58 
2643.1 2639.9 2642.5 2641 2640.83 2643.1 2642.86 2637.07 
2639.62 2639.17 2637.88 2639.9 2645 2640.42 2634.45 2637.5 
2645.1 2644.83 2644.94 2640.58 2645.1 2642.21 2643.06 2643.5 
2639.25 2638.3 2641.74 2644.06 2641.97 2638.62 2640.88 2641.33 
2640.5 2638.59 2645.3 2643.05 2646.05 2643.64 2646.12 2640.93 
2642.5 2646.19 2646.67 2643.17 2644.86 2646.5 2644.83 2640.88 
2646.06 2644.61 2641.07 2641.5 2643.68 2639.62 2642.62 2642.81 
2639.23 2637.93 2640 2638.57 2636.79 2635.79 2637.5 2635.15 
2650.25 2642.68 2646.5 2645.5 2644.24 2644.03 2646.27 2643.94 
2644.5 2644.21 2643.88 2642.29 2643.38 2644 2650.39 2644.79 
2645.8 2642.5 2647.05 2644.38 2642.21 2646.83 2646.65 2644.25 
2642.5 2640.88 2642.12 2642.87 2642.38 2640.5 2643.39 2642.5 
2647.5 2649.86 2646.64 2644.23 2647.04 2647.58 2645.21 2650.3 
2641.26 2643.62 2644.61 2644.64 2643.79 2647.23 2644.17 2646.35 
2648.05 2644.72 2643.5 2643.37 2643.3 2644.3 2645.5 2643.61 
2641.37 2639.17 2641.75 2644.3 2643.61 2638.95 2641.83 2641.98 
2643.83 2645.62 2643.65 2645.12 2646.12 2641.91 2644.76 2647.21 
2644.75 2646.09 2645.03 2643.41 2643.63 2645.1 2645.64 2642.05 
2646.88 2641.8 2643.69 2642.37 2643.83 2642.97 2646.5 2647.86 
2641.17 2641.93 2642.33 2642.72 2640.64 2639.97 2639.6 2640.93 
2653.79 2651.19 2655.7 2651.79 2650.42 2648.36 2649.5 2651.62 
2652.5 2651 2648.5 2649.65 2650.86 2650.33 2654.3 2647.93 
2648 2647.65 2647.61 2646.79 2649.58 2647.36 2646.54 2647.5 
2651.41 2644.83 2649.1 2646.95 2649.39 2650.27 2650 2651.21 
2640.33 2640 2644.83 2640.72 2642.17 2646.94 2648.75 2646.3 
2641 2649.1 2648.36 2639 2646 2636.5 2644.17 2642.17 
2648.1 2638.3 2649.17 2646.5 2626.5 2648 2642.17 2952.3 
2526.17 2610.1 2609.5 2621.83 2952.3 2952.3 2952.3 2952.3 
2952.3 2942.4 2942.4 2942.4 2942.4 2942.4 2942.4 2942.4 
2942.4 2942.4 2942.4 2942.4 2942.4 2942.4 2942.4 2942.4 
# LVDC U1 t0 parameters 
2947.1 2947.1 2947.1 2947.1 2947.1 2947.1 2947.1 2937.5 
2884 2819.17 2915.5 2687 2941.5 2900 2938.83 2923.5 
2944 2886.5 2896.5 2911.5 2935.5 2920 2939 2862.3 
2938.17 2934.3 2931.1 2683.9 2628.7 2934.5 2896.83 2934.5 
2779.5 2857.5 2937.7 2940.5 2935.5 2940.5 2939.93 2940.83 
2935.1 2936 2935.07 2938.5 2936.5 2937.36 2933.28 2934.5 
2940.5 2940.21 2937.7 2937.5 2942.17 2940.1 2939.17 2940.61 
2935.06 2930 2932.5 2936.33 2933 2940.5 2935.5 2932.5 
2939.5 2935.58 2940.5 2937.75 2939.06 2937.33 2935.61 2938.7 
2940.83 2940.25 2939.67 2940.5 2940.17 2935.7 2937.77 2936.83 
2940.72 2942.07 2943.5 2944.5 2940.14 2944.5 2940.96 2943.1 
2939.17 2938.5 2937.05 2936.41 2939.5 2942.64 2937.88 2936.7 
2944.83 2943.21 2941.3 2945.75 2946.7 2942.79 2948.93 2948.94 
2943.23 2943.67 2941.68 2945.88 2945 2946.9 2941.67 2944.3 
2943.41 2943.64 2943.5 2942.7 2942.72 2943.36 2943.9 2943.1 
2944.28 2942.21 2942.25 2938.33 2939.9 2942.94 2940.72 2802.25 
2945.83 2941.73 2947.27 2941.79 2941.64 2940.86 2940.67 2943.06 
2943.5 2938.91 2944.5 2939.65 2940.75 2941.41 2936.38 2937.38 
2940.73 2937.73 2944.61 2938.25 2937.21 2941.03 2942.25 2943.5 
2939.83 2939.77 2938.5 2936.21 2939.17 2939.83 2935.75 2938.21 
2939.67 2936.5 2937.33 2936.56 2938.41 2936.07 2938.25 2941.88 
2935.12 2934.5 2939.38 2939.59 2937.05 2937.5 2938.23 2934.5 
2937.36 2938.17 2939.7 2936.67 2937.83 2938.75 2938.25 2940.3 
2936 2937.5 2938.1 2932.68 2936.5 2939.32 2935.83 2932.44 
2944.79 2945.41 2941.96 2948.5 2948.36 2942.61 2942.97 2942.77 
2944.3 2941.83 2942.5 2945.25 2941.35 2942.08 2939.35 2942.73 
2944.77 2938.23 2944.83 2937.72 2942.17 2943 2938.83 2945.94 
2938.97 2942.17 2941.7 2939.1 2939.5 2939.5 2937 2939.15 
2943.64 2942.21 2943.7 2942.33 2943.38 2943.65 2945.33 2942.27 
2942.41 2944.21 2943.94 2946.3 2942.62 2942.1 2943.28 2941.59 
2945.75 2940.77 2939.9 2937.5 2943.94 2939.42 2944.5 2941.5 
2939.06 2940.5 2940.5 2940.67 2938.19 2936.97 2940.81 2937.07 
2943.97 2944.28 2941.42 2943.5 2945.5 2947.41 2942.27 2943.5 
2941.8 2944.1 2944.75 2947.3 2944.33 2943.81 2942.62 2941.62 
2944.65 2946.33 2942.1 2945.64 2941.02 2944.3 2944.5 2944.06 
2942.33 2940.03 2939.9 2945.04 2941.19 2947.61 2942.3 2941.17 
2951.3 2943.17 2946.9 2943.88 2947.3 2948.06 2944.37 2943.04 
2940.17 2943.81 2947 2948.77 2946.14 2941.03 2944.14 2941.5 
2942.94 2941.5 2941.3 2939 2941.83 2942.17 2948.75 2942.93 
2943.21 2942.21 2945.17 2944.17 2941 2943.17 2942.93 2936 
2945 2944 2943.75 2939.25 2932.17 2935.93 2944.5 2942 
2942.5 2942.5 2942.5 2941.1 2942 2931.5 2942.17 2938.75 
2945 2916.3 2879.5 2943.5 2929.5 2938 2902.5 2945 
2930.17 2918.83 2945 2924.5 2916 2883.83 2945 2945 
2945 2945 2945 2945 2945 2945 2945 2945 
2945 2945 2945 2945 2945 2945 2945 2644 
# LVDC U2 t0 parameters 
2934.9 2934.9 2934.9 2934.9 2934.9 2934.9 2387.17 2934.9 
2389.5 2898.17 2691.17 2447.1 2887.5 2738 2592 2724 
2836.5 2695.1 2901 2731.3 2929 2924.83 2415.1 2676.1 
2924.3 2910.64 2701.5 2750.1 2512.83 2925.1 2923.5 2925.5 
2925.5 2931.6 2930 2930.5 2927.5 2925.5 2927.1 2926.5 
2931.9 2926.7 2926 2931.5 2927.25 2926.17 2929.25 2930.36 
2928.86 2930.07 2926.5 2927.7 2925.39 2928.5 2930.17 2931.21 
2928.83 2925.9 2926.5 2933.3 2928.17 2928.5 2928.25 2927 
2932.79 2928.73 2929.39 2927.17 2928.5 2929 2929.94 2931.7 
2818 2933 2930.5 2930.5 2933.17 2929.03 2928.94 2929 
2930.25 2930.9 2926.93 2924.28 2927.75 2929.25 2931.21 2927.59 
2923.5 2926.17 2928 2929.5 2926.83 2925.25 2927 2925.72 
2936.33 2939.5 2936.77 2942.07 2939.25 2938.9 2941.5 2942 
2942.79 2939.75 2941.5 2938.64 2938.83 2939.9 2939.3 2936.64 
2941 2935.5 2938 2937.42 2937.32 2938.83 2938.77 2941.25 
2936.33 2938.93 2941.39 2934.88 2937.07 2936.21 2934.25 2933.17 
2940.75 2935.77 2939.5 2933.68 2937.06 2933.63 2935 2930.68 
2931.5 2937.39 2934.88 2932.3 2933.83 2934.83 2931.94 2932.5 
2938 2927.43 2933 2931.04 2930.17 2930.88 2932.25 2933.17 
2929.33 2932.75 2929.86 2933.07 2932.39 2930 2930.7 2930.75 
2938 2933.75 2934.32 2935.83 2935.5 2934.17 2938.83 2936.88 
2937.28 2935.83 2934.83 2937.25 2933.7 2934.12 2935.79 2928.5 
2933.7 2931.17 2931.33 2937.1 2936.07 2932.75 2933.5 2933.67 
2931.5 2929.5 2930.7 2930.27 2930.73 2931.17 2928.5 2927.83 
2939.7 2936.7 2936.17 2932.7 2937 2936.07 2935.5 2937 
2936.83 2937.75 2935.88 2932.5 2935.64 2936.17 2937.7 2936.21 
2937.17 2937.23 2937.32 2937 2937.14 2938.94 2938.64 2939 
2935.5 2935.55 2931.26 2938.7 2933.1 2936.57 2933.81 2932.1 
2937.77 2937.63 2938.3 2939.17 2940.1 2938.17 2939.7 2943.17 
2939.95 2942.7 2939.3 2938.83 2941.28 2937.83 2940.5 2935.77 
2938.33 2936.33 2936 2937.72 2938.93 2935.5 2938.9 2939.5 
2934.17 2935.12 2937.33 2936.86 2932.35 2935 2935.9 2934.27 
2939.67 2934.7 2938.06 2936.83 2935.65 2936.42 2932.5 2938.5 
2939.5 2940.7 2939.5 2937.83 2937.19 2933.5 2935.5 2936.06 
2938.38 2934.64 2935.83 2934.43 2936.33 2939.23 2938.7 2941.28 
2935.59 2935.36 2940.5 2931.93 2935.19 2935.07 2936.9 2934.36 
2943.83 2946 2945.3 2941.33 2942.32 2945.1 2942.88 2943.83 
2941.36 2947.79 2942.77 2943.75 2942.43 2943.81 2943.61 2939.3 
2943.77 2939.5 2941.88 2939.21 2943.5 2939.1 2939.5 2942.1 
2940.5 2939.5 2936.72 2934.1 2936.5 2935.14 2937 2934.5 
2940.17 2943.75 2942.3 2942.1 2941.61 2941.5 2943.36 2936.94 
2939.5 2935.93 2940.5 2935.79 2939.07 2941.17 2937.17 2937.61 
2939.5 2939 2939.7 2912.1 2922.1 2923.83 2938 2945.5 
2935.17 2941 2936.3 2924.17 2933.83 2933.7 2933.9 2924.83 
2944.5 2928 2918.17 2943.17 2927 2920.17 2927.5 2943.2 
2943.2 2943.2 2943.2 2943.2 2943.2 2943.2 2943.2 2947.1 
# LVDC V1 t0 parameters 
2943.8 2943.8 2943.8 2943.8 2943.8 2452.5 2563.17 2497.83 
2925.5 2914.7 2943.8 2943.8 2837.5 2865.5 2651.5 2849.83 
2935.5 2713.5 2563.5 2935.5 2921.3 2730.9 2938.5 2943.4 
2937.3 2937.83 2925.5 2933.83 2944.5 2936 2933.17 2791.1 
2941 2900.5 2937.5 2931.7 2938.5 2940.07 2943.64 2912.7 
2945.7 2940.83 2941.17 2942.5 2939.61 2942.5 2942.28 2937.07 
2943.61 2938.77 2941.5 2942.7 2942.7 2943.25 2941.75 2936.64 
2938.7 2941.79 2938.36 2943.33 2939.75 2936.61 2937.17 2939.17 
2947.17 2937.36 2940.72 2942.83 2948.5 2944.25 2942.1 2941.33 
2941.25 2943.17 2943.83 2941.5 2942.9 2941.83 2939.3 2940.7 
2944.5 2939.83 2948.21 2941.77 2942.59 2945.93 2943.3 2946 
2941.21 2939.5 2943.59 2940.59 2940.83 2938.5 2942.39 2935.5 
2951.23 2945.5 2948.3 2949.95 2944.62 2952.5 2950.5 2949.07 
2952.21 2945.41 2952.9 2952.1 2950.21 2835.1 2949.79 2947.88 
2948.17 2946.63 2945.5 2946.3 2951.06 2953.07 2949.04 2952.06 
2947.36 2945.3 2949.06 2943.25 2946.73 2947.33 2949.07 2946.64 
2947.32 2953.72 2950 2949.5 2952.41 2947 2947.06 2949.83 
2948.33 2944.5 2949.5 2942.9 2944.23 2941.59 2941.17 2941.88 
2945.61 2943.28 2946.67 2942.5 2948.75 2940.64 2944.23 2945.94 
2941.61 2943.5 2943.3 2940.79 2941.21 2942.61 2942.94 2940.17 
2946.5 2943.81 2943.93 2947.36 2945.57 2949.5 2949.32 2950.17 
2943.83 2948.25 2946.59 2945.57 2946.61 2946.17 2939.67 2944.61 
2946.35 2946.7 2944.17 2944.62 2943.5 2939.41 2944.5 2947.3 
2942 2941.5 2943.36 2945.96 2940.5 2941.17 2944.93 2938.62 
2945.77 2945.12 2946.04 2947.5 2947.83 2950.68 2947 2947.83 
2945.97 2947.67 2948.94 2950.1 2948.05 2947.43 2949.83 2945.85 
2944.91 2947.7 2951.27 2944.83 2946.32 2944.9 2948.32 2945.5 
2946.94 2942.33 2946.9 2944.5 2941.67 2942.9 2946.95 2941.67 
2949.9 2943.21 2950.77 2947.95 2945.14 2943 2946.79 2943.23 
2949.9 2945.73 2945.5 2948.68 2946.88 2942.96 2946.17 2947.67 
2951.9 2947.88 2951.17 2946.74 2948.68 2950.5 2948.3 2951.1 
2949.79 2946.64 2947.59 2945.3 2943.12 2944.5 2946.1 2945.5 
2948.5 2948.88 2945.94 2952.3 2948.74 2952.19 2953.7 2951.3 
2948.5 2950.1 2945.57 2951.05 2948.12 2949.73 2948.21 2947.83 
2947.23 2951.93 2949.79 2950.17 2950.93 2954.83 2953.68 2952.83 
2951.1 2948.07 2952.93 2949.19 2945.3 2946.5 2946.07 2948.9 
2953.83 2956.23 2955.59 2955.5 2953.96 2955.9 2954.1 2957.75 
2955.94 2954 2956.5 2955.04 2949.64 2953.33 2950.59 2951.04 
2952.19 2949.61 2947.17 2946.81 2953.21 2951.75 2951.28 2947.21 
2948.17 2950.5 2950.3 2947.83 2948.9 2947.5 2950.5 2947.1 
2951.3 2949.79 2950.9 2949.9 2951 2947.5 2948.1 2946.21 
2938.9 2951.36 2947.9 2944.1 2943.83 2947.83 2947.17 2918.3 
2951.5 2950 2853.5 2945 2941.5 2952.5 2939.1 2924.5 
2933.83 2921.5 2931.83 2918.83 2924 2952.5 2952.5 2952.5 
2952.5 2952.5 2952.5 2952.5 2952.5 2952.5 2952.5 2952.5 
2952.5 2952.5 2952.5 2952.5 2952.5 2952.5 2952.5 2947.1 
# LVDC V2 t0 parameters 
2945.8 2945.8 2945.8 2945.8 2945.8 2945.8 2945.8 2533.17 
2695.17 2930.17 2887.5 2923.5 2854.5 2940 2870.17 2923.5 
2933.5 2554.5 2941.5 2879 2804.5 2915 2939.7 2937.7 
2928.5 2661.5 2928.7 2762.5 2635.83 2934.83 2932.64 2932.5 
2942.1 2936.5 2742.5 2937.17 2939.61 2937.21 2937.9 2937.17 
2727.36 2932.59 2939.25 2937.5 2932.68 2942.5 2938.17 2938.39 
2939.5 2935.5 2938.75 2936.7 2941.32 2936.83 2936.83 2939.17 
2931.33 2934.21 2930.95 2937.7 2938.17 2936.5 2936.27 2933.3 
2943.25 2936.28 2942.75 2939.75 2938.67 2936.41 2942.5 2939.95 
2935.77 2938.83 2941.1 2936.5 2941.75 2937.83 2942.79 2938.3 
2938.3 2938.25 2938.5 2935.75 2940.5 2939.81 2943.5 2941.75 
2938.75 2937.75 2938 2939.83 2937.61 2938.64 2937.7 2939.17 
2948.7 2941.14 2948.63 2944.93 2948.5 2941.61 2940.36 2943.59 
2945.14 2947.5 2943.65 2948.59 2946.28 2941.1 2949 2945.42 
2945.96 2944.19 2947.68 2942.67 2947.33 2942.68 2944.94 2944.79 
2941.5 2939.33 2940.59 2938.94 2939.59 2937.7 2941.1 2936.59 
2940.33 2942.25 2935.21 2935 2938.33 2937.32 2938.5 2934.5 
2936.64 2933.79 2939.17 2934.83 2931.5 2934.1 2936.03 2935.5 
2942.25 2937.5 2937.7 2935.62 2943.5 2938.95 2937.83 2940.25 
2936.39 2939.61 2938.7 2935.59 2936.25 2937.67 2936.79 2935.94 
2941.93 2937.04 2943.1 2937 2940.9 2939.5 2939.94 2942.5 
2942.83 2939.5 2940.93 2939.7 2936.7 2936.5 2938.41 2937.5 
2939.67 2936.75 2937.83 2939.5 2944.5 2935.68 2939.5 2942.93 
2938.05 2933.32 2936.5 2934.68 2939 2933.17 2935.5 2932.23 
2944.7 2944.75 2945.39 2939.23 2941.42 2941.86 2940.5 2943.9 
2942.1 2940 2946.7 2942.79 2945.39 2939.64 2940.5 2937.88 
2942.36 2938.21 2942.25 2942.61 2941.5 2940.65 2941.72 2945.1 
2937.96 2936.5 2941.07 2939.91 2938.21 2939.25 2936.41 2938.9 
2942.67 2940.79 2940.5 2942.04 2943.5 2939.5 2940.67 2939.5 
2941.75 2941.64 2947.17 2940.88 2941.72 2942.83 2944.75 2940.83 
2944.5 2938.88 2942.5 2938.5 2947 2945.7 2941.3 2942.5 
2945.83 2942.1 2940.5 2942.05 2940.37 2939.41 2938.28 2938.5 
2943.1 2937.94 2943 2941.5 2942.75 2944.3 2939.93 2944.06 
2942.09 2941.96 2942.79 2941.28 2946.83 2940.5 2940.38 2943.75 
2944.83 2939.41 2941.17 2943.5 2942.5 2941.95 2943.5 2941.12 
2941.5 2937.9 2938.36 2937.39 2940.9 2936.33 2938.15 2936.32 
2951.23 2945 2951 2949.33 2945.5 2948.9 2946.58 2951.21 
2948.32 2947.21 2945.73 2951.86 2948.94 2943.64 2945.61 2944 
2944.75 2943.05 2945.32 2944.67 2944.5 2943.39 2944.1 2946.07 
2942.12 2943.3 2945.5 2942.5 2940.39 2943.06 2940.7 2935.36 
2946.83 2940.5 2940.9 2942.9 2949.25 2943.83 2945.17 2946.5 
2945.7 2942.83 2942.64 2944.25 2940.83 2944.28 2946.3 2943 
2941.17 2935.5 2945.5 2941.64 2939.83 2947.5 2932.5 2945.9 
2942.5 2944 2718.7 2938.21 2923.7 2952.3 2938 2934.5 
2931 2888.17 2941.17 2913.5 2885.5 2942.4 2919.17 2942.4 
2942.4 2942.4 2942.4 2942.4 2942.4 2942.4 2942.4 2947.1 
