3.25989 0 0 0 0 0
2.25577 1 0 0 0 0
-2.43006 0 1 0 0 0
-0.186587 0 0 1 0 0
0.750105 0 0 0 1 0
0.579463 0 0 0 0 1
1.00645 2 0 0 0 0
-1.18133 1 1 0 0 0
-0.11901 0 2 0 0 0
0.533237 1 0 1 0 0
0.590897 0 1 1 0 0
-0.298206 0 0 2 0 0
0.19844 1 0 0 1 0
-1.04785 0 1 0 1 0
-0.553165 0 0 1 1 0
-0.883104 0 0 0 2 0
0.130959 1 0 0 0 1
-0.438594 0 1 0 0 1
-0.213292 0 0 1 0 1
-0.0214258 0 0 0 1 1
-0.301167 0 0 0 0 2
-1.44004 3 0 0 0 0
0.140904 2 1 0 0 0
0.0358322 1 2 0 0 0
1.08021 0 3 0 0 0
-0.413019 2 0 1 0 0
0.340315 1 1 1 0 0
0.782138 0 2 1 0 0
-0.530547 1 0 2 0 0
-0.915824 0 1 2 0 0
-1.78935 0 0 3 0 0
0.331298 2 0 0 1 0
-1.32655 1 1 0 1 0
0.85168 0 2 0 1 0
-0.464983 1 0 1 1 0
1.6165 0 1 1 1 0
-0.234157 0 0 2 1 0
-0.68114 1 0 0 2 0
1.15721 0 1 0 2 0
0.26383 0 0 1 2 0
0.0741191 0 0 0 3 0
-0.868664 2 0 0 0 1
0.45803 1 1 0 0 1
0.251689 0 2 0 0 1
-0.548351 1 0 1 0 1
-0.286369 0 1 1 0 1
0.594423 0 0 2 0 1
0.363548 1 0 0 1 1
0.579857 0 1 0 1 1
0.141737 0 0 1 1 1
0.0724827 0 0 0 2 1
-0.592408 1 0 0 0 2
0.817306 0 1 0 0 2
0.150233 0 0 1 0 2
-0.066183 0 0 0 1 2
2.09569 0 0 0 0 3
-0.412005 4 0 0 0 0
0.805174 3 1 0 0 0
-0.540224 2 2 0 0 0
-0.627446 1 3 0 0 0
0.456337 0 4 0 0 0
2.53894 3 0 1 0 0
-0.146922 2 1 1 0 0
-2.14324 1 2 1 0 0
-0.583861 0 3 1 0 0
2.21058 2 0 2 0 0
-2.72792 1 1 2 0 0
3.55105 0 2 2 0 0
2.99559 1 0 3 0 0
-1.98041 0 1 3 0 0
0.312456 0 0 4 0 0
-0.0427329 3 0 0 1 0
0.699685 2 1 0 1 0
-0.234696 1 2 0 1 0
0.158177 0 3 0 1 0
-2.11127 2 0 1 1 0
2.00664 1 1 1 1 0
-0.964822 0 2 1 1 0
-0.849933 1 0 2 1 0
0.848223 0 1 2 1 0
1.2224 0 0 3 1 0
0.0852652 2 0 0 2 0
0.189879 1 1 0 2 0
-0.0732267 0 2 0 2 0
-0.276752 1 0 1 2 0
-0.370218 0 1 1 2 0
0.102084 0 0 2 2 0
0.0935832 1 0 0 3 0
-0.173682 0 1 0 3 0
-0.0823757 0 0 1 3 0
0.03348 0 0 0 4 0
-0.98328 3 0 0 0 1
1.37765 2 1 0 0 1
0.507466 1 2 0 0 1
-1.38586 0 3 0 0 1
1.88132 2 0 1 0 1
-1.75399 1 1 1 0 1
-0.728266 0 2 1 0 1
3.3699 1 0 2 0 1
-6.23929 0 1 2 0 1
-1.84215 0 0 3 0 1
0.238712 2 0 0 1 1
0.0437495 1 1 0 1 1
-0.862834 0 2 0 1 1
-0.000663014 1 0 1 1 1
0.421589 0 1 1 1 1
-0.248225 0 0 2 1 1
-0.267638 1 0 0 2 1
0.104152 0 1 0 2 1
0.138985 0 0 1 2 1
-0.0016951 0 0 0 3 1
0.897574 2 0 0 0 2
1.76737 1 1 0 0 2
-1.0642 0 2 0 0 2
0.0114182 1 0 1 0 2
4.58903 0 1 1 0 2
1.24376 0 0 2 0 2
-0.55297 1 0 0 1 2
0.125197 0 1 0 1 2
0.424496 0 0 1 1 2
-0.101692 0 0 0 2 2
-0.477952 1 0 0 0 3
-1.31956 0 1 0 0 3
-3.1038 0 0 1 0 3
-0.327773 0 0 0 1 3
0.300081 0 0 0 0 4
0 5 0 0 0 0
-0.195483 4 1 0 0 0
0.104779 3 2 0 0 0
0.11758 2 3 0 0 0
0.0488837 1 4 0 0 0
0.0542557 0 5 0 0 0
-0.048845 4 0 1 0 0
0.258825 3 1 1 0 0
0.16284 2 2 1 0 0
-0.0536764 1 3 1 0 0
-0.183646 0 4 1 0 0
-0.0777652 3 0 2 0 0
-0.150837 2 1 2 0 0
-0.185402 1 2 2 0 0
0.0224059 0 3 2 0 0
-0.185322 2 0 3 0 0
0.317414 1 1 3 0 0
0.74975 0 2 3 0 0
0.168681 1 0 4 0 0
0.0868485 0 1 4 0 0
0.0518595 0 0 5 0 0
-0.00524756 4 0 0 1 0
0.0269351 3 1 0 1 0
-0.0289308 2 2 0 1 0
-0.0898053 1 3 0 1 0
-0.0894097 0 4 0 1 0
0.081435 3 0 1 1 0
0.0260363 2 1 1 1 0
-0.040977 1 2 1 1 0
-0.0524598 0 3 1 1 0
-0.20145 2 0 2 1 0
-0.129549 1 1 2 1 0
-0.0103182 0 2 2 1 0
-0.0507255 1 0 3 1 0
0.015636 0 1 3 1 0
-0.0368491 0 0 4 1 0
0.015279 3 0 0 2 0
0.00995256 2 1 0 2 0
0.00601386 1 2 0 2 0
0.0288819 0 3 0 2 0
0.0204384 2 0 1 2 0
0.0162893 1 1 1 2 0
0.0244058 0 2 1 2 0
-0.0496933 1 0 2 2 0
-0.0261864 0 1 2 2 0
-0.00657336 0 0 3 2 0
-0.00866788 2 0 0 3 0
0.00322684 1 1 0 3 0
0.0213092 0 2 0 3 0
0.0110496 1 0 1 3 0
0.0106119 0 1 1 3 0
-0.0174606 0 0 2 3 0
-0.00928596 1 0 0 4 0
-0.000659567 0 1 0 4 0
0.00399762 0 0 1 4 0
-0.00250949 0 0 0 5 0
0.0946857 4 0 0 0 1
0.0357056 3 1 0 0 1
-0.0423719 2 2 0 0 1
-0.0104163 1 3 0 0 1
0.224773 0 4 0 0 1
-0.595451 3 0 1 0 1
0.189172 2 1 1 0 1
0.450702 1 2 1 0 1
0.254163 0 3 1 0 1
1.56722 2 0 2 0 1
-0.104423 1 1 2 0 1
-1.92139 0 2 2 0 1
-0.948484 1 0 3 0 1
-1.11226 0 1 3 0 1
-0.454487 0 0 4 0 1
-0.0596007 3 0 0 1 1
-0.0600718 2 1 0 1 1
-0.0725394 1 2 0 1 1
-0.0551611 0 3 0 1 1
0.14076 2 0 1 1 1
0.0230747 1 1 1 1 1
-0.323935 0 2 1 1 1
0.668432 1 0 2 1 1
0.208086 0 1 2 1 1
0.402495 0 0 3 1 1
-0.0156829 2 0 0 2 1
-0.00794122 1 1 0 2 1
-0.0184928 0 2 0 2 1
0.138992 1 0 1 2 1
0.041056 0 1 1 2 1
0.0773996 0 0 2 2 1
-0.00934752 1 0 0 3 1
0.00708566 0 1 0 3 1
0.0540456 0 0 1 3 1
0.0111853 0 0 0 4 1
0.0140753 3 0 0 0 2
-0.138032 2 1 0 0 2
-0.142705 1 2 0 0 2
0.00933077 0 3 0 0 2
-1.30838 2 0 1 0 2
0.644951 1 1 1 0 2
0.951344 0 2 1 0 2
0.442032 1 0 2 0 2
0.597456 0 1 2 0 2
0.907569 0 0 3 0 2
0.0939309 2 0 0 1 2
0.102283 1 1 0 1 2
0.0471466 0 2 0 1 2
-0.779641 1 0 1 1 2
-0.616127 0 1 1 1 2
-1.07901 0 0 2 1 2
-0.0233854 1 0 0 2 2
0.0054276 0 1 0 2 2
-0.25975 0 0 1 2 2
0.00103166 0 0 0 3 2
0.379439 2 0 0 0 3
0.0316572 1 1 0 0 3
-0.261179 0 2 0 0 3
-0.228293 1 0 1 0 3
1.27898 0 1 1 0 3
1.22401 0 0 2 0 3
0.35763 1 0 0 1 3
0.253552 0 1 0 1 3
-0.315732 0 0 1 1 3
0.0485227 0 0 0 2 3
-0.115217 1 0 0 0 4
-1.09259 0 1 0 0 4
1.67234 0 0 1 0 4
-0.202483 0 0 0 1 4
0 0 0 0 0 5
