3.25989 0 0 0 0 0
2.25577 1 0 0 0 0
-2.43006 0 1 0 0 0
-0.186587 0 0 1 0 0
0.750105 0 0 0 1 0
0.579463 0 0 0 0 1
1.00645 2 0 0 0 0
-1.18133 1 1 0 0 0
-0.11901 0 2 0 0 0
0.533237 1 0 1 0 0
0.590897 0 1 1 0 0
-0.298206 0 0 2 0 0
0.19844 1 0 0 1 0
-1.04785 0 1 0 1 0
-0.553165 0 0 1 1 0
-0.883104 0 0 0 2 0
0.130959 1 0 0 0 1
-0.438594 0 1 0 0 1
-0.213292 0 0 1 0 1
-0.0214258 0 0 0 1 1
-0.301167 0 0 0 0 2
-1.44004 3 0 0 0 0
0.140904 2 1 0 0 0
0.0358322 1 2 0 0 0
1.08021 0 3 0 0 0
-0.413019 2 0 1 0 0
0.340315 1 1 1 0 0
0.782138 0 2 1 0 0
-0.530547 1 0 2 0 0
-0.915824 0 1 2 0 0
-1.78935 0 0 3 0 0
0.331298 2 0 0 1 0
-1.32655 1 1 0 1 0
0.85168 0 2 0 1 0
-0.464983 1 0 1 1 0
1.6165 0 1 1 1 0
-0.234157 0 0 2 1 0
-0.68114 1 0 0 2 0
1.15721 0 1 0 2 0
0.26383 0 0 1 2 0
0.0741191 0 0 0 3 0
-0.868664 2 0 0 0 1
0.45803 1 1 0 0 1
0.251689 0 2 0 0 1
-0.548351 1 0 1 0 1
-0.286369 0 1 1 0 1
0.594423 0 0 2 0 1
0.363548 1 0 0 1 1
0.579857 0 1 0 1 1
0.141737 0 0 1 1 1
0.0724827 0 0 0 2 1
-0.592408 1 0 0 0 2
0.817306 0 1 0 0 2
0.150233 0 0 1 0 2
-0.066183 0 0 0 1 2
2.09569 0 0 0 0 3
-0.412005 4 0 0 0 0
0.805174 3 1 0 0 0
-0.540224 2 2 0 0 0
-0.627446 1 3 0 0 0
0.456337 0 4 0 0 0
2.53894 3 0 1 0 0
-0.146922 2 1 1 0 0
-2.14324 1 2 1 0 0
-0.583861 0 3 1 0 0
2.21058 2 0 2 0 0
-2.72792 1 1 2 0 0
3.55105 0 2 2 0 0
2.99559 1 0 3 0 0
-1.98041 0 1 3 0 0
0.312456 0 0 4 0 0
-0.0427329 3 0 0 1 0
0.699685 2 1 0 1 0
-0.234696 1 2 0 1 0
0.158177 0 3 0 1 0
-2.11127 2 0 1 1 0
2.00664 1 1 1 1 0
-0.964822 0 2 1 1 0
-0.849933 1 0 2 1 0
0.848223 0 1 2 1 0
1.2224 0 0 3 1 0
0.0852652 2 0 0 2 0
0.189879 1 1 0 2 0
-0.0732267 0 2 0 2 0
-0.276752 1 0 1 2 0
-0.370218 0 1 1 2 0
0.102084 0 0 2 2 0
0.0935832 1 0 0 3 0
-0.173682 0 1 0 3 0
-0.0823757 0 0 1 3 0
0.03348 0 0 0 4 0
-0.98328 3 0 0 0 1
1.37765 2 1 0 0 1
0.507466 1 2 0 0 1
-1.38586 0 3 0 0 1
1.88132 2 0 1 0 1
-1.75399 1 1 1 0 1
-0.728266 0 2 1 0 1
3.3699 1 0 2 0 1
-6.23929 0 1 2 0 1
-1.84215 0 0 3 0 1
0.238712 2 0 0 1 1
0.0437495 1 1 0 1 1
-0.862834 0 2 0 1 1
-0.000663014 1 0 1 1 1
0.421589 0 1 1 1 1
-0.248225 0 0 2 1 1
-0.267638 1 0 0 2 1
0.104152 0 1 0 2 1
0.138985 0 0 1 2 1
-0.0016951 0 0 0 3 1
0.897574 2 0 0 0 2
1.76737 1 1 0 0 2
-1.0642 0 2 0 0 2
0.0114182 1 0 1 0 2
4.58903 0 1 1 0 2
1.24376 0 0 2 0 2
-0.55297 1 0 0 1 2
0.125197 0 1 0 1 2
0.424496 0 0 1 1 2
-0.101692 0 0 0 2 2
-0.477952 1 0 0 0 3
-1.31956 0 1 0 0 3
-3.1038 0 0 1 0 3
-0.327773 0 0 0 1 3
0.300081 0 0 0 0 4
0 5 0 0 0 0
-0.457687 4 1 0 0 0
-0.432744 3 2 0 0 0
0.121781 2 3 0 0 0
0.59679 1 4 0 0 0
0.513206 0 5 0 0 0
0.629419 4 0 1 0 0
-0.148499 3 1 1 0 0
-0.178426 2 2 1 0 0
0.133012 1 3 1 0 0
-0.161608 0 4 1 0 0
-0.528478 3 0 2 0 0
-0.699824 2 1 2 0 0
0.159661 1 2 2 0 0
0.512605 0 3 2 0 0
0.365885 2 0 3 0 0
1.15333 1 1 3 0 0
1.51187 0 2 3 0 0
-0.295652 1 0 4 0 0
-0.350626 0 1 4 0 0
0.109488 0 0 5 0 0
0.179836 4 0 0 1 0
0.0980038 3 1 0 1 0
0.0928411 2 2 0 1 0
-0.0701692 1 3 0 1 0
-0.607625 0 4 0 1 0
-0.163533 3 0 1 1 0
0.0694143 2 1 1 1 0
0.157198 1 2 1 1 0
-0.385468 0 3 1 1 0
-0.787436 2 0 2 1 0
0.0135412 1 1 2 1 0
-0.00739774 0 2 2 1 0
0.48156 1 0 3 1 0
-0.13216 0 1 3 1 0
-0.162273 0 0 4 1 0
0.00167429 3 0 0 2 0
0.161912 2 1 0 2 0
0.171112 1 2 0 2 0
-0.0794622 0 3 0 2 0
-0.172012 2 0 1 2 0
0.0700915 1 1 1 2 0
-0.110535 0 2 1 2 0
-0.0776428 1 0 2 2 0
-0.133669 0 1 2 2 0
0.151078 0 0 3 2 0
-0.0143641 2 0 0 3 0
0.0691022 1 1 0 3 0
0.0179265 0 2 0 3 0
0.0133871 1 0 1 3 0
-0.0326244 0 1 1 3 0
-0.0369506 0 0 2 3 0
-0.00890601 1 0 0 4 0
0.00869649 0 1 0 4 0
0.00495764 0 0 1 4 0
-0.00412706 0 0 0 5 0
0.903512 4 0 0 0 1
-0.530914 3 1 0 0 1
-0.599775 2 2 0 0 1
-0.248103 1 3 0 0 1
-0.908068 0 4 0 0 1
-1.17042 3 0 1 0 1
0.0544406 2 1 1 0 1
1.43357 1 2 1 0 1
1.38447 0 3 1 0 1
6.14716 2 0 2 0 1
-2.73738 1 1 2 0 1
-3.83352 0 2 2 0 1
-4.61261 1 0 3 0 1
1.4281 0 1 3 0 1
0.0262387 0 0 4 0 1
-0.636015 3 0 0 1 1
-0.171422 2 1 0 1 1
0.264495 1 2 0 1 1
0.104285 0 3 0 1 1
0.179715 2 0 1 1 1
-0.277937 1 1 1 1 1
-0.520671 0 2 1 1 1
0.622444 1 0 2 1 1
1.37217 0 1 2 1 1
-0.720517 0 0 3 1 1
-0.157937 2 0 0 2 1
-0.00844045 1 1 0 2 1
-0.0389455 0 2 0 2 1
0.499277 1 0 1 2 1
0.233992 0 1 1 2 1
0.207705 0 0 2 2 1
-0.0536929 1 0 0 3 1
0.0238421 0 1 0 3 1
0.176376 0 0 1 3 1
-0.00419947 0 0 0 4 1
0.118593 3 0 0 0 2
0.197797 2 1 0 0 2
1.23313 1 2 0 0 2
1.3469 0 3 0 0 2
0.786055 2 0 1 0 2
0.131228 1 1 1 0 2
3.10445 0 2 1 0 2
2.75887 1 0 2 0 2
-1.90826 0 1 2 0 2
3.50478 0 0 3 0 2
-0.200512 2 0 0 1 2
-0.0170442 1 1 0 1 2
0.0180609 0 2 0 1 2
-1.17075 1 0 1 1 2
-1.82219 0 1 1 1 2
-2.43836 0 0 2 1 2
-0.362247 1 0 0 2 2
0.063174 0 1 0 2 2
-0.652291 0 0 1 2 2
0.0223205 0 0 0 3 2
1.03991 2 0 0 0 3
-0.74254 1 1 0 0 3
-2.86787 0 2 0 0 3
-0.124872 1 0 1 0 3
-0.518448 0 1 1 0 3
3.52243 0 0 2 0 3
0.624684 1 0 0 1 3
1.27049 0 1 0 1 3
-0.455513 0 0 1 1 3
0.508668 0 0 0 2 3
1.23795 1 0 0 0 4
-1.37033 0 1 0 0 4
2.84963 0 0 1 0 4
-1.31844 0 0 0 1 4
0 0 0 0 0 5
