3.25989 0 0 0 0 0
2.25577 1 0 0 0 0
-2.43006 0 1 0 0 0
-0.186587 0 0 1 0 0
0.750105 0 0 0 1 0
0.579463 0 0 0 0 1
1.00645 2 0 0 0 0
-1.18133 1 1 0 0 0
-0.11901 0 2 0 0 0
0.533237 1 0 1 0 0
0.590897 0 1 1 0 0
-0.298206 0 0 2 0 0
0.19844 1 0 0 1 0
-1.04785 0 1 0 1 0
-0.553165 0 0 1 1 0
-0.883104 0 0 0 2 0
0.130959 1 0 0 0 1
-0.438594 0 1 0 0 1
-0.213292 0 0 1 0 1
-0.0214258 0 0 0 1 1
-0.301167 0 0 0 0 2
-1.44004 3 0 0 0 0
0.140904 2 1 0 0 0
0.0358322 1 2 0 0 0
1.08021 0 3 0 0 0
-0.413019 2 0 1 0 0
0.340315 1 1 1 0 0
0.782138 0 2 1 0 0
-0.530547 1 0 2 0 0
-0.915824 0 1 2 0 0
-1.78935 0 0 3 0 0
0.331298 2 0 0 1 0
-1.32655 1 1 0 1 0
0.85168 0 2 0 1 0
-0.464983 1 0 1 1 0
1.6165 0 1 1 1 0
-0.234157 0 0 2 1 0
-0.68114 1 0 0 2 0
1.15721 0 1 0 2 0
0.26383 0 0 1 2 0
0.0741191 0 0 0 3 0
-0.868664 2 0 0 0 1
0.45803 1 1 0 0 1
0.251689 0 2 0 0 1
-0.548351 1 0 1 0 1
-0.286369 0 1 1 0 1
0.594423 0 0 2 0 1
0.363548 1 0 0 1 1
0.579857 0 1 0 1 1
0.141737 0 0 1 1 1
0.0724827 0 0 0 2 1
-0.592408 1 0 0 0 2
0.817306 0 1 0 0 2
0.150233 0 0 1 0 2
-0.066183 0 0 0 1 2
2.09569 0 0 0 0 3
-0.412005 4 0 0 0 0
0.805174 3 1 0 0 0
-0.540224 2 2 0 0 0
-0.627446 1 3 0 0 0
0.456337 0 4 0 0 0
2.53894 3 0 1 0 0
-0.146922 2 1 1 0 0
-2.14324 1 2 1 0 0
-0.583861 0 3 1 0 0
2.21058 2 0 2 0 0
-2.72792 1 1 2 0 0
3.55105 0 2 2 0 0
2.99559 1 0 3 0 0
-1.98041 0 1 3 0 0
0.312456 0 0 4 0 0
-0.0427329 3 0 0 1 0
0.699685 2 1 0 1 0
-0.234696 1 2 0 1 0
0.158177 0 3 0 1 0
-2.11127 2 0 1 1 0
2.00664 1 1 1 1 0
-0.964822 0 2 1 1 0
-0.849933 1 0 2 1 0
0.848223 0 1 2 1 0
1.2224 0 0 3 1 0
0.0852652 2 0 0 2 0
0.189879 1 1 0 2 0
-0.0732267 0 2 0 2 0
-0.276752 1 0 1 2 0
-0.370218 0 1 1 2 0
0.102084 0 0 2 2 0
0.0935832 1 0 0 3 0
-0.173682 0 1 0 3 0
-0.0823757 0 0 1 3 0
0.03348 0 0 0 4 0
-0.98328 3 0 0 0 1
1.37765 2 1 0 0 1
0.507466 1 2 0 0 1
-1.38586 0 3 0 0 1
1.88132 2 0 1 0 1
-1.75399 1 1 1 0 1
-0.728266 0 2 1 0 1
3.3699 1 0 2 0 1
-6.23929 0 1 2 0 1
-1.84215 0 0 3 0 1
0.238712 2 0 0 1 1
0.0437495 1 1 0 1 1
-0.862834 0 2 0 1 1
-0.000663014 1 0 1 1 1
0.421589 0 1 1 1 1
-0.248225 0 0 2 1 1
-0.267638 1 0 0 2 1
0.104152 0 1 0 2 1
0.138985 0 0 1 2 1
-0.0016951 0 0 0 3 1
0.897574 2 0 0 0 2
1.76737 1 1 0 0 2
-1.0642 0 2 0 0 2
0.0114182 1 0 1 0 2
4.58903 0 1 1 0 2
1.24376 0 0 2 0 2
-0.55297 1 0 0 1 2
0.125197 0 1 0 1 2
0.424496 0 0 1 1 2
-0.101692 0 0 0 2 2
-0.477952 1 0 0 0 3
-1.31956 0 1 0 0 3
-3.1038 0 0 1 0 3
-0.327773 0 0 0 1 3
0.300081 0 0 0 0 4
0 5 0 0 0 0
-0.462566 4 1 0 0 0
-0.347497 3 2 0 0 0
-0.0604579 2 3 0 0 0
0.355122 1 4 0 0 0
0.66336 0 5 0 0 0
0.624572 4 0 1 0 0
0.328782 3 1 1 0 0
-0.0763221 2 2 1 0 0
-0.0239154 1 3 1 0 0
0.0475938 0 4 1 0 0
-0.497952 3 0 2 0 0
-0.509667 2 1 2 0 0
0.107474 1 2 2 0 0
0.283453 0 3 2 0 0
0.565141 2 0 3 0 0
1.41792 1 1 3 0 0
1.09094 0 2 3 0 0
-0.286166 1 0 4 0 0
-0.322819 0 1 4 0 0
0.146271 0 0 5 0 0
0.0796049 4 0 0 1 0
0.142633 3 1 0 1 0
0.0798704 2 2 0 1 0
-0.133294 1 3 0 1 0
-0.593962 0 4 0 1 0
-0.19374 3 0 1 1 0
0.0456798 2 1 1 1 0
0.0994393 1 2 1 1 0
-0.360762 0 3 1 1 0
-1.09408 2 0 2 1 0
0.0136954 1 1 2 1 0
-0.000254502 0 2 2 1 0
0.55742 1 0 3 1 0
-0.097313 0 1 3 1 0
-0.253889 0 0 4 1 0
-0.0164462 3 0 0 2 0
0.175839 2 1 0 2 0
0.177143 1 2 0 2 0
-0.077052 0 3 0 2 0
-0.165753 2 0 1 2 0
0.119468 1 1 1 2 0
-0.0558975 0 2 1 2 0
-0.132202 1 0 2 2 0
-0.152979 0 1 2 2 0
0.217272 0 0 3 2 0
-0.00878291 2 0 0 3 0
0.0855132 1 1 0 3 0
0.0212051 0 2 0 3 0
0.017244 1 0 1 3 0
-0.0354459 0 1 1 3 0
-0.0402246 0 0 2 3 0
-0.00775818 1 0 0 4 0
0.0028214 0 1 0 4 0
-0.0010938 0 0 1 4 0
-0.00294078 0 0 0 5 0
1.02957 4 0 0 0 1
-0.244519 3 1 0 0 1
-0.375966 2 2 0 0 1
-0.0176561 1 3 0 0 1
-0.589921 0 4 0 0 1
-0.974596 3 0 1 0 1
-0.879394 2 1 1 0 1
0.361997 1 2 1 0 1
1.72038 0 3 1 0 1
7.66385 2 0 2 0 1
-3.41221 1 1 2 0 1
-3.90988 0 2 2 0 1
-5.6591 1 0 3 0 1
1.52531 0 1 3 0 1
0.2086 0 0 4 0 1
-0.600275 3 0 0 1 1
-0.12052 2 1 0 1 1
0.278856 1 2 0 1 1
0.00481228 0 3 0 1 1
-0.00822884 2 0 1 1 1
-0.596765 1 1 1 1 1
-0.425526 0 2 1 1 1
1.24599 1 0 2 1 1
1.88325 0 1 2 1 1
-1.06633 0 0 3 1 1
-0.169302 2 0 0 2 1
-0.0280238 1 1 0 2 1
-0.140004 0 2 0 2 1
0.488381 1 0 1 2 1
0.285836 0 1 1 2 1
0.251899 0 0 2 2 1
-0.0565895 1 0 0 3 1
-0.00464801 0 1 0 3 1
0.180724 0 0 1 3 1
-0.00108692 0 0 0 4 1
-0.55222 3 0 0 0 2
0.165171 2 1 0 0 2
1.34156 1 2 0 0 2
0.635316 0 3 0 0 2
0.931312 2 0 1 0 2
-0.0910026 1 1 1 0 2
4.50633 0 2 1 0 2
1.14327 1 0 2 0 2
-3.16527 0 1 2 0 2
4.10845 0 0 3 0 2
-0.0411305 2 0 0 1 2
0.377515 1 1 0 1 2
0.151679 0 2 0 1 2
-1.0185 1 0 1 1 2
-1.55723 0 1 1 1 2
-2.63826 0 0 2 1 2
-0.368324 1 0 0 2 2
0.0778727 0 1 0 2 2
-0.678401 0 0 1 2 2
0.0076109 0 0 0 3 2
0.793124 2 0 0 0 3
-0.144883 1 1 0 0 3
-3.57525 0 2 0 0 3
0.684047 1 0 1 0 3
-1.83649 0 1 1 0 3
3.98694 0 0 2 0 3
0.502222 1 0 0 1 3
1.38798 0 1 0 1 3
-0.211411 0 0 1 1 3
0.503508 0 0 0 2 3
0.807448 1 0 0 0 4
-0.833216 0 1 0 0 4
2.2405 0 0 1 0 4
-1.26568 0 0 0 1 4
0 0 0 0 0 5
