# RVDC U1 t0 parameters 
49.25 9.25 4.15 45.65 0.25 -92.25 13.35 40.8929 
12.85 3.95 46.5833 -86.95 1.625 7.08333 0.0833333 33.3214 
0.25 2.86111 -4.75 0.625 49.0357 48.1667 0.833333 1.36111 
0.0833333 1.16667 1.11364 -0.55 -0.0227273 1.32692 -0.173077 1.32895 
-0.821429 1 0.9 1.51923 1.43182 1.66429 0.6875 0.545455 
-0.678571 0.831818 0.0416667 -0.272222 0.33 0.684211 1.37069 0.0286885 
-0.406716 0.0198413 -0.233871 0.872449 -0.0914634 0.886842 -0.625 -0.341549 
-0.0304878 -1.02778 -0.0608108 0.292169 0.0357143 0.2875 -0.319444 0.261765 
-0.153509 0.0555556 -0.376316 -0.0403226 0.397059 -0.337629 0.831633 -0.222727 
-1.07099 -0.209184 -0.351942 -0.193396 0.0995575 -0.0192308 0.31383 0.221698 
0.180108 0.152655 0.0416667 0.0630081 -0.845745 0.330645 0.00423729 -0.583333 
-0.524194 0.665789 0.774194 -0.413043 0.0653153 -0.0902062 -0.0153061 1.56982 
-0.630952 0.287879 0.046875 -0.269868 -0.358108 0.0443262 0.415605 -0.152878 
0.416667 0.401079 -0.285484 0.333333 -0.230769 0.241935 0.273622 -0.504545 
-0.418539 0.514228 -0.0483871 0.604701 0.527778 -0.535714 -0.901261 -0.396552 
0.757937 -0.65367 -0.0492701 0.87963 0.292735 0.25 0.0685185 1.58117 
-0.119128 -0.0674603 0.287415 0.629845 -1.22436 0.438312 -0.122414 0.603933 
-0.9 -0.108407 0.189394 -0.448473 0.0410448 0.790146 0.0903361 -0.370438 
0.0595238 0.298611 0.257042 -0.240099 -0.00242718 0.85596 -0.769608 0.305172 
-0.505906 -0.290323 0.389098 -0.0350467 0.608779 0.323643 0.573741 0.773364 
0.0592105 -0.0785714 -0.391844 0.607143 -0.160448 0.658537 0.196237 0.332759 
0.0263158 -1.43595 -0.0621212 0.743333 -0.224026 -0.189024 0.0966667 0.674242 
-0.172652 -0.175743 -0.296053 -0.178571 0.472222 -0.478188 0.54558 -0.133117 
-0.290984 -0.328125 0.135475 -0.154192 0.0614754 -0.707627 0.189394 -0.600932 
0.299618 -0.21281 -0.746063 -0.460526 -0.525194 1.07484 -0.565068 0.230769 
-0.470497 -0.0269784 1.1375 -0.0591603 45.8378 -0.234496 -100 -0.418067 
0.154908 0.473776 -0.257299 -0.114662 0.537234 0.146552 -0.323333 0.00694444 
-0.354651 -0.519737 0.0979532 0.755814 0.45625 0.611111 0.0329457 -0.47963 
0.381313 -0.957692 -0.43 -0.0416667 -0.0120321 -0.00776398 1.17473 -0.405172 
-0.477586 -0.577044 0.569209 0.675373 -0.266667 -0.638889 0.667266 1.16617 
1.61957 0.402482 -0.124251 0.030303 -0.301948 -0.313025 -0.334795 0.559211 
0.652098 0.392857 -0.180435 -0.375899 0.117188 0.275806 1.66714 0.526596 
0.256849 0.27439 -0.4375 0.731707 -0.202229 0.501701 -0.0993151 -0.0507519 
0.851604 2.11772 0.713918 0.595 0.09375 0.0526316 0.240683 0.0349462 
-0.220588 -100 -1.20638 0.234536 46.7088 46.72 -0.19898 -0.73125 
-0.252591 -0.954545 -1.07051 -0.585714 -0.18609 0.0219298 46.8696 -100 
0.438034 0.293103 -0.203333 0.557692 0.410584 46.8149 1.53814 -0.413793 
0.37069 0.240566 -0.109223 -0.356796 1.41019 0.39433 0.727064 0.58913 
-1.22826 0.235714 0.792105 -0.561688 0.587079 -0.0588235 -0.0787671 -0.90625 
-0.559524 46.9662 47.1929 0.364754 1.22692 -0.0192308 -0.825 -100 
-0.579268 2.08333 2.5 1.33333 -0.840909 -0.386364 -5.03947 -0.85 
46.3804 -100 47.6 -1.38636 47.9643 49.4375 1.52778 3.75 
0.15 39.5 49.4318 42.0833 47.35 46.5 100 0.875 
48.875 42.1071 -0.535714 1.75 47.25 42.9167 1.39286 23.35 
24.75 -55.25 -75.75 10.5 11.25 6.5 49.75 5.41667 
-96.25 43.5833 35.75 3.25 29.5 -100 19.5833 -69.75 
# RVDC U2 t0 parameters 
23.5 16.75 47.55 -0.0833333 3.58333 0.75 3.125 1.25 
1.25 0.678571 1.15 1.75 35.6944 0.607143 1.01923 -1.08333 
0.361111 3.15909 1.32692 -2.5 1.61667 0.678571 1.42647 0.25 
0.431818 1.33 0.295455 -0.991379 1.55952 0.191176 -1.32407 0.625 
0.959302 0.194444 2.40385 0.983766 -0.101064 -0.25 1.71667 0.701613 
1.34375 1.90217 -1.35169 0.704545 1.14333 0.85 -0.101064 -0.511194 
-0.219136 0.659091 -0.434211 -0.257692 -0.325 0.50641 -0.0258621 -0.720588 
0.207143 0.739796 0.112069 -0.226744 0.25 0.0337838 0.0239726 -0.0631313 
-0.234375 1.1464 -0.133929 -1.48016 -0.0294118 0.974299 0.0576923 0.875 
1.40385 -0.191667 0.107724 -0.329545 -0.464286 0.293689 0.361111 1.55252 
-0.0515873 0.321429 0.634956 -0.131295 -0.198598 0.0681818 0.809055 0.030303 
0.0896947 -0.599057 -0.563253 0.26 -0.0642857 0.479167 0.300847 -0.98 
-0.512136 -0.25 0.14899 0.535714 -0.536408 -0.359091 0.199153 0.125 
0.384328 -0.0178571 1.20868 0.394144 -0.0202703 0.185897 0.8 0.525591 
0.592342 -0.25 0.0357143 0.0675182 0.273438 -1.05841 -0.28 -0.665789 
1.21939 1.15 -0.123626 0.0695489 0.552469 -0.0934343 0.506198 -0.0794574 
0.523438 0.679752 -0.138889 1.44182 -0.651575 -0.526786 0.298077 -0.00630252 
-0.13189 1.28103 0.773438 1.1162 -0.400442 0.367241 0.869718 0.287815 
-0.805556 -0.483645 0.0178571 0.190171 -0.171875 0.351351 1.19964 0.526923 
-0.131356 0.128571 -0.413121 0.0665138 0.599206 -0.0995146 -0.100877 -0.105556 
-0.230132 0.347015 0.0310219 -0.0388199 0.00423729 0.387405 -0.140909 0.421642 
-0.322816 -0.183333 -0.690171 0.760638 1.34701 1.46282 -0.269737 -0.122881 
0.26875 -0.525194 -0.305556 -0.22541 -1.00342 0.743902 0.128205 -0.0135135 
-0.64916 -0.276316 0.35 -0.134956 0.290741 -0.315217 0.107664 0.317901 
-1.1886 -0.713768 0.892857 0.830292 43.2412 -0.0606061 0.0773381 0.558271 
-0.0149573 -1.1095 46.372 0.205882 0.719136 0.893939 0.309322 1.84589 
0.199153 0.472222 0.85 0.280769 0.994828 0.12234 0.362903 0.534483 
47.06 -0.14726 -1.502 -0.668519 -0.171488 0.402778 0.439922 0.181818 
0.554054 0.0576923 0.264706 -0.281646 0.423077 0.505814 0.366438 -0.115269 
0.188462 0.399606 0.508503 0.348639 0.211078 -0.1125 0.26049 0.765306 
0.129085 0.582168 0.211078 -0.01875 0.404255 -0.0507519 -0.0755034 0.151961 
0.397287 0.195946 -0.25 -0.525862 -0.906489 -0.0929752 -0.106115 -100 
-0.125 1.5803 0.208333 -0.418919 -0.252959 1.16615 -0.24635 0.416667 
0.0981013 -0.169753 -0.171788 0.622549 0.283333 0.226331 1.4784 0.275424 
-0.735294 0.035 0.551242 -0.277132 0.20679 -0.0335052 -0.547297 0.421053 
1.175 1.67029 1.13725 -100 0.402174 0.0854037 0.504438 47.4195 
45.9123 2.28107 0.962903 -0.0669014 0.283333 -0.0394737 0.12234 0.135827 
-0.133117 -0.698529 46.5608 -0.483871 1.63411 0.0807087 0.935185 0.466418 
-1.88636 -0.132114 0.474138 -0.35 0.76626 0.495763 -0.426471 -0.410377 
0.231481 -0.576087 47.2891 0.212366 0.510417 0.75 -0.587079 -0.0630435 
45.8041 0.596667 -0.563433 0.0192308 -0.905172 1.09416 0.261628 0.864035 
46.2315 -0.98913 0.472222 -0.0833333 47.6094 1.31098 -0.344595 -0.308824 
0.655405 0.762821 1.20455 1.31667 45.5227 2.59783 47.1786 46.2794 
-0.138889 2.6875 3.83333 -0.403846 0.0166667 41.05 47.0278 48.45 
41.8611 5.25 1.08333 2.08333 0.178571 1.85 43.85 1.41667 
3.75 -1.5 45.25 19.45 9.25 -1.08333 -21.75 49.15 
# RVDC V1 t0 parameters 
47.5833 -0.95 42.75 -94.75 44.05 24.75 6.75 3.25 
14.9643 -50.75 -37.95 49.35 -29.45 -3.58333 4.08333 46.8929 
47.75 -3.91667 -0.583333 1.5 1.75 0.295455 0.125 0.678571 
2.84091 1.11364 -1.36538 -2.5 0.0441176 -0.102941 2.71667 1.09483 
-0.544118 0.35 1.21341 -0.444444 -0.427778 0.391509 1.09906 1.31944 
0.75 -0.607143 -0.25 0.0181159 0.0694444 0.411017 -0.0727848 -1.21269 
-1.21667 0.808824 -0.0454545 0.456667 -0.39557 0.0394737 -0.31962 -0.160112 
-0.194444 -0.277027 -0.192105 -0.102941 -0.0672043 0.0474684 0.68956 1.25 
-0.804217 -0.25 -0.428571 0.668367 0.551075 0.362403 -0.438172 -0.304545 
-0.101852 -0.706522 0.240196 100 0.136228 0.177083 0.882 0.870968 
-0.48913 -0.0357143 0.361765 -0.164062 0.276786 -0.25 -0.206897 0.396154 
-0.451923 -0.325472 -0.704545 -0.454 -0.0543478 -0.253876 0.0147059 0.427966 
-0.880435 -0.25 0.472222 -0.205357 0.232143 0.830645 0.0535714 0.278455 
0.146552 -0.698718 -0.708333 0.356897 -0.301282 -0.107143 1.01471 0.00728155 
-0.631443 -0.308252 0.0478723 0.441667 -0.0481651 0.551653 -0.444175 0.13189 
-0.145349 -0.478972 -0.298872 -1.24099 -0.729798 -0.218 -0.0987395 0.265385 
-0.212185 0.174138 -0.232301 -0.48741 -0.416667 0.641473 -0.206897 -0.867647 
0.135246 0.258065 -0.284884 -0.0833333 -0.610465 -0.268182 0.0901361 -0.277132 
-0.368056 0.105932 -0.683333 -0.121681 -0.195205 0.446721 -0.126812 -0.518116 
-0.93595 0.953125 -0.285971 -1.1306 -1.79274 -0.0301418 0.715753 0.389098 
-0.37069 0.505725 0.895349 0.753106 0.224576 -0.0648148 -1.20714 0.120229 
-0.952703 0.416667 0.05 1.55058 0.862676 1.09503 0.441057 0.718354 
-0.0189655 -0.0559701 0.0748175 -0.126471 -0.00362319 -0.0733083 0.742424 -0.234127 
-0.200382 -0.619565 -0.0525478 0.952899 0.330357 -0.0705128 0.0770677 0.554196 
0.0446429 -0.0784672 -0.442913 -1.39634 -0.209184 -0.0907407 -0.37782 0.128205 
-0.932692 0.85 0.360465 0.460191 1.42296 -0.476496 0.078125 0.181973 
0.326159 0.11755 0.374204 1.27727 46.5147 -0.0143312 -0.443277 -0.540323 
1.3429 -0.640625 -0.662214 -0.438889 0.0972222 -0.458 -0.158284 46.6915 
-0.720149 0.399351 0.10119 0.454545 -0.295455 46.4676 0.0878378 -0.0390625 
47.2326 -0.303846 -0.187931 -0.447452 0.365894 0.113095 -0.0188172 45.9448 
0.198276 0.263699 -0.232759 1.12845 0.0400763 -0.150709 -0.202128 -0.00757576 
-100 0.136076 0.237342 0.904971 0.182584 0.689597 0.495098 -0.105346 
1.45574 0.0894161 -0.166058 0.945652 -0.209459 0.256944 0.09375 0.392857 
0.194828 1.18094 0.804545 0.108025 0.644737 0.744624 1.61 -0.501678 
0.398485 -0.812044 0.811856 -1.35494 -0.220588 -0.972222 -0.893791 0.574742 
0.00641026 -0.345588 -0.0518868 -0.18662 -0.257143 -0.380682 0.0932836 0.0362595 
0.142655 -1.29701 -0.569672 0.739051 0.253106 0.424312 0.205556 0.841743 
-0.434211 0.531955 47.1885 -0.58871 -0.425676 1.97941 0.283613 -0.153226 
0.145161 -0.0876623 0.267857 0.0934343 0.91092 -0.0692771 -0.670635 1.27874 
0.25 -0.05 0.342593 0.25 0.00531915 0.529661 -0.237179 2.02869 
-1.31061 -0.0625 1.37 -0.0357143 0.708333 48.375 47.4224 1.3125 
-100 2.125 1.3125 0.788462 1.97222 3.05 41.1786 2.61364 
47.1944 44.05 47.5833 44.75 -0.0357143 0.45 -9.91667 4.82143 
2.46429 0.375 -5.65 49.5833 -1.41667 19.8929 -11.75 -0.05 
-4.45 -2 -41.65 48 -98.0833 -8.08333 33.15 -52.5 
-94.25 9.08333 49.5833 -100 41.9167 6.58333 12.25 17.25 
# RVDC V2 t0 parameters 
7.05 3 0.55 24.75 2.75 41.5833 -17.75 -2.08333 
-1.55 2 2.25 0.95 44.6136 1.375 0.159091 0.673077 
0.464286 -0.216667 0.75 1.875 0.477273 0.361111 0.901515 -0.25 
0.197368 0.0357143 0.0714286 -0.135714 1.14583 0.857843 1.26111 0.0833333 
1.25 1.28226 0.285714 0.560345 0.516667 1.07203 -1.18396 0.720588 
-0.72541 -0.594262 -0.43 0.306338 1.35667 -0.0833333 0.0398551 0.263514 
-0.34375 -0.412162 -0.262987 -0.297619 -0.09 0.327922 -0.871622 0.160256 
-0.163793 -0.441781 -0.18038 0.789823 -0.14 -0.176316 0.563253 0.521084 
0.0637255 -0.0931373 -0.579412 0.678571 0.278302 -0.263699 0.00396825 -0.423913 
-1.22674 -0.712025 0.206897 -0.0252294 0.284188 -0.369048 0.285714 0.957921 
0.644366 0.0892857 0.173729 -0.63764 -0.441489 -0.0424528 -0.428571 -0.373762 
-0.71 0.391509 0.575926 -0.165094 0.339286 0.935484 1.72727 0.48301 
-0.492188 0.0710526 0.713636 0.430851 0.760309 -0.31701 -1.11022 0.53125 
0.0583333 0.483333 0.425214 -0.164141 -0.188776 -0.025 0.242308 -0.387255 
-0.0441176 -0.0330189 0.0693277 0.0169903 0.863402 -0.679688 -0.185185 0.383333 
-0.135965 1.24333 -0.416667 -0.522727 0.453252 -0.348291 -0.0337838 -0.257353 
-0.822165 -0.443548 1.25 0.354 0.82438 0.790984 -0.05 0.533019 
0.659836 0.84434 0.0788288 0.866822 -0.602273 -0.796512 -1.6408 -0.43932 
0.023913 0.0909091 1.18046 0.142308 -0.841667 -0.0211864 0.441176 -0.00652174 
-0.243243 1.56395 0.442982 0.208678 0.608209 0.126 0.240566 0.460145 
0.229675 -0.0950704 0.142 -0.175926 -0.104015 0.0204918 0.165584 -0.263761 
0.26938 -0.136525 -0.241453 -0.342593 0.72093 0.140625 0.202663 -0.118 
0.32483 -1.30983 -0.476415 -0.721074 0.00806452 0.16791 -0.34854 -0.257692 
0.465278 0.941011 -0.241379 0.189394 1.47093 0.10461 0.902318 0.816667 
-0.149471 -0.446 0.305556 0.360063 -0.230916 -0.223333 0.147351 -0.306522 
-1.362 0.0347222 -0.0154321 -0.0237226 0.636503 -0.805556 -0.98622 -0.43254 
-0.974138 0.265873 0.223545 -0.875 0.398571 -0.0371287 -0.735401 0.344406 
-0.0176056 0.396409 -0.358696 0.223154 -0.272876 -0.346774 -0.323427 1.25 
-0.636207 0.356299 0.328313 0.288462 -0.212963 -0.233051 0.148649 -0.20614 
0.434211 1.15 -0.46875 -0.25 0.565068 0.504717 46.3981 1.13889 
45.7289 0.215517 -0.551587 0.382911 0.0882353 0.220968 -0.319231 -0.197552 
0.472581 0.5 -0.06875 0.543333 -0.0301418 0.0205882 -0.235915 -0.182432 
-0.397287 0.00438596 0.622549 -0.153101 47.1906 -0.362782 -0.433453 -0.651961 
-0.201724 -0.297059 0.24005 -0.25 0.25625 -0.152439 0.371795 0.381285 
-0.355882 0.134354 47.4123 -0.214286 -0.187107 0.200311 0.0612583 0.22343 
-1.40753 0.901515 -0.213855 -0.576531 -0.0684358 0.452454 0.397887 0.288462 
-0.531955 -0.522727 -0.306338 0.482394 -0.354651 0.506757 -0.0309917 0.112573 
-0.164201 -0.655405 0.378571 0.0958647 0.454918 0.55 0.0603448 0.865385 
1.50221 1.08889 47.7026 0.205357 -0.310606 -0.0396175 48.7469 -0.857438 
0.730769 0.146226 0.328431 0.168605 0.202381 0.117816 -0.485294 -0.202055 
-0.807692 1.16096 1.23182 0.235294 -100 47.6196 0.25 1.13525 
-1.76064 0.180233 0.831081 1.49468 0.776316 1.70455 1.81818 1.65541 
0.956897 1.94444 1.5 2.20161 -0.194444 2.4 48.1731 46.19 
44.05 1.17857 -0.65 0.916667 -0.125 1.15 1.03571 4.125 
-0.75 49.1667 1.25 -2.58333 0.392857 -37.25 10.9167 7.95 
5.91667 22.4167 49.5833 46.45 2.91667 6.41667 -2 5.15 
# LVDC U1 t0 parameters 
-100 -1.125 1.03571 2.13889 0.916667 0.75 0.194444 -0.173077 
1.04412 -0.85 0.779412 0.333333 0.338235 0.673077 0.942308 0.45 
0.808824 1.21296 -0.116667 -0.0833333 2.07143 1.57609 0.35 0.678571 
1.28226 47.35 2.56818 0.69 1.43966 1.91667 2.28571 -0.464286 
1.12931 0.535714 1.17857 0.113636 0.698276 1.09615 0.0431034 -0.405172 
1.41667 -0.168919 0.194444 -0.45 0.854167 -0.137755 0.882075 -0.0887097 
-1.07927 0.71988 -0.542453 0.195455 -0.176829 -0.045082 0.276316 -1.00439 
0.303333 -0.533582 0.971311 0.10443 1.16892 -1.23507 0.275 -0.0730769 
-0.569444 1.04487 0.0642857 -0.107143 -0.231928 0.339474 0.211538 -0.107143 
-0.911765 -0.216667 -0.608025 -0.3125 -0.178571 -0.205882 0.4 0.29 
0.21 -0.184783 0.223684 -0.142405 -0.152174 -0.232143 -0.329545 -0.06 
-0.405556 0.173077 0.128505 -0.115591 0.0570175 -0.2 0.77381 -0.0182927 
-0.136598 -0.37069 -0.496988 -0.165966 0.487113 0.143258 0.275 -0.931818 
-1.04762 -0.780612 -0.347938 0.426471 0.396552 0.345506 0.922269 0.507732 
-0.99 -0.455479 1.26163 -0.367647 1.15299 0.0681818 -0.0321782 0.12963 
-0.278736 -0.398936 -0.0970588 0.136598 -0.282258 -0.0561224 -0.142857 -0.119565 
-0.491379 -0.131188 -0.643617 0.191176 -0.05 -0.0143678 -0.146226 -0.756329 
0.207983 -0.31383 -0.620787 0.136139 -0.324468 -0.260526 -0.110215 -0.513736 
-0.469626 0.586735 0.775862 0.0711009 0.052521 -0.326087 0.990741 0.964286 
0.308559 0.294554 -0.202174 0.617769 -0.413158 -0.652174 0.0775862 0.636179 
-0.631443 0.0123762 0.0593525 0.233471 0.276549 0.434466 -0.115385 -0.125 
-0.0206422 -0.194444 -0.279412 0.506637 0.384146 -0.530488 -0.130435 -0.460526 
-0.212264 -0.79 -0.268018 0.335034 0.200413 -0.391509 0.474138 -0.15 
0.79717 -0.498 0.108696 0.455263 0.386364 1.16453 1.09483 -0.25 
0.542208 0.00454545 0.105932 -0.479358 -0.583333 -0.424757 -0.0758065 -0.154459 
-0.391667 -0.313063 0.0745614 0.0535714 -0.335106 -0.29 -0.242 -1.00581 
-0.296154 -0.0730769 -0.504545 -0.961538 -0.661215 -0.530899 -0.0416667 0.476562 
-0.232759 0.717742 0.168699 0.0987395 -0.00892857 0.15625 1.45779 0.377119 
0.171875 -0.203782 0.0706897 -0.09375 -0.242958 0.0322581 0.637597 -0.615385 
-0.277778 -0.152062 -0.0862069 0.557692 -0.108268 0.729275 0.408824 -0.0772727 
0.289007 -0.0202703 -0.75 -0.165254 -0.322727 -0.913793 -0.510684 -0.0719178 
0.355042 -0.910584 0.926056 0.344828 -0.141892 0.828947 0.391509 -0.0103306 
-0.0681818 -0.259434 -0.125969 -0.09375 -0.724227 -0.704545 -0.33547 -0.962963 
-0.0757576 0.114662 -0.258333 0.13535 0.351449 0.0294118 0.434932 0.0357143 
100 0.295455 46.6115 0.00362319 -0.85 -0.589623 -0.354651 0.087037 
-0.265625 0.0606061 -0.0564516 0.371495 -0.045082 0.700382 0.47 0.264085 
-0.445652 0.0618812 -0.0595238 0.0376712 -0.28937 0.0666667 0.963235 0.11036 
0.518908 -0.293689 0.329545 0.128641 -0.165842 -0.0258621 0.427966 0.0227273 
0.0227273 -0.797059 -0.717742 -0.438406 0.302941 -0.515625 0.227528 48.0147 
-0.107143 -0.152985 0.196429 1.15 0.289216 0.0785714 0.125 0.208333 
0.786364 0.912791 -0.3125 47.9907 0.592857 0.128788 0.683333 46.8214 
-0.535714 0.440476 48.6019 48.2778 42.0227 48.9569 2.59615 0.113636 
0.474138 -0.45 0.25 0.779412 1.3587 48.7188 1.27941 -0.403846 
1.86765 2.11364 48 0.5625 49.1786 0.442308 48.15 3.25 
46.3125 2.31667 1.28846 0.95 46.8056 2.33333 49.4375 45.875 
3.96429 1.08333 38.125 6.41667 44.125 6.75 0.75 47.0357 
# LVDC U2 t0 parameters 
1.75 1.86538 -0.25 -0.625 -1.69444 1.65 -0.694444 2.97727 
2.58333 -0.972222 1.41667 -0.15 0.75 -0.15 2.30556 0.25 
0.25 0.618421 -0.0277778 0.986842 0.194444 1.15 0.173077 0.923913 
-1.01471 0.840909 1.08333 1.625 -1.40789 0.704545 0.879032 1.85 
0.398649 0.857143 0.385135 -0.85 0.0119048 0.192857 -0.52027 0.0208333 
0.138889 0.485294 -0.5 -0.5 0.821429 0.614407 -0.785088 0.484375 
0.272388 -0.34434 0.425 -0.347222 -0.740909 -0.128788 0.214706 -0.3125 
0.47093 0.0171233 -1.11885 -0.0182927 -0.0192308 1.1162 -0.487705 0.0551948 
-0.340909 0.0192308 -0.923077 0.235294 0.567073 -0.189394 -0.396154 -0.00641026 
-0.0166667 1.22436 -0.291667 0.279412 0.153614 -1.21875 -0.405556 1.23092 
0.255882 100 -0.375 1.21316 0.938073 -0.25 -0.763514 -0.238636 
-0.0791139 0.495283 0.00324675 -0.0166667 0.116667 0.335106 -0.118132 -1.40625 
-0.0961538 -0.243506 0.01 -0.398649 -0.188202 0.652174 -0.3875 -0.19 
0.160112 -0.198454 0.728947 0.259091 -0.160526 -0.355769 -0.308442 -0.0236842 
-0.0833333 -0.698052 -0.576531 -0.095679 0.0409091 -0.00641026 -0.0154867 -0.236239 
0.490385 0.557018 -0.389535 0.778571 -0.601351 -0.285714 -0.587662 0.646907 
0.32619 -0.0555556 -0.355263 0.729592 -0.322289 -0.103659 0.302632 -0.0921053 
-0.0917722 0.419811 -0.219697 0.535714 0.381313 0.413636 0.29878 0.665584 
-0.287634 0.09375 -0.310976 0.0290698 0.183333 -0.0833333 0.183962 -0.385417 
0.0847826 0.147959 -0.75 0.349174 0.358911 1.04389 -0.515957 0.727778 
-0.438889 0.41 0.00824176 -0.261111 -0.15 0.803191 0.118421 0.323171 
0.17 0.485043 -0.094086 0.0128866 0.399485 -0.280973 0.224227 -0.635542 
-0.00757576 -0.240991 0.182584 -0.207143 0.0154867 -0.505814 -0.344059 0.0974576 
-0.184579 0.471239 0.230769 0.279412 0.0555556 0.0817757 0.653226 -0.317797 
0.151961 -0.0147059 -0.33427 -0.140909 -0.126238 0.795455 -0.528947 0.265625 
-0.512963 0.514151 -0.223214 -0.339109 -0.83 0.288462 0.200549 0.506637 
-0.771505 -0.767857 1.40833 -0.00247525 -0.0553097 -0.514368 0.0105042 -0.156542 
0.0115385 0.660448 0.730392 0.126923 0.00892857 0.317797 0.67623 -0.346154 
0.546296 0.240991 -0.220588 0.0309524 0.111905 46.2407 -0.0441176 0.0876623 
-0.777523 0.55315 -0.679293 -0.997525 0.658257 -0.276316 0.0192308 -0.0593525 
-0.1 0.052521 -0.123874 -0.188144 1.22154 0.186893 0.127358 0.277473 
-0.109375 0.112205 -0.294554 47.5305 -0.365044 1.01515 0.0619658 -0.309633 
0.541667 0.393564 -0.233871 -0.655263 -0.0186567 0.25 1.20614 0.006 
-0.334746 0.0286885 0.103448 -0.13785 0.140411 -0.0365169 -0.0131579 1.34091 
-0.76938 0.313025 -0.229592 -0.302083 -0.682432 -0.161504 0.558333 -0.0535714 
1.0487 1.44048 -0.11 0.666667 0.687037 -0.0227273 0.158451 0.668605 
0.305556 0.265385 0.222973 0.0889831 -0.139831 0.557018 0.0648148 0.0166667 
0.102381 0.323171 -1.51289 -0.254854 1.07812 -0.107143 0.938679 0.662409 
0.596154 0.307522 -0.293689 -0.610759 0.53169 0.103933 0.0911765 -0.805556 
-0.155882 -0.0652174 0.588235 0.0416667 -0.227612 0.0294118 0.600649 47.3289 
0.220588 0.823529 48.3214 0.412162 0.0961538 0.59507 0.0357143 0.663793 
0.239796 -0.596939 -0.542683 0.23 0.0131579 -0.0131579 -0.522727 1.03723 
47.6413 0.507143 47.3553 48.2857 1.14394 -100 -0.527778 0.283333 
48.5761 0.113636 0.613636 0.712963 -0.25 47.5227 1.08333 1.11364 
1.46053 -0.125 41.5625 46.3929 -100 48.5 2.01923 1.60714 
45.3333 2.75 2.60714 1.61364 48.35 -0.95 0.25 1.91667 
# LVDC V1 t0 parameters 
-0.75 0.0833333 -0.375 1.25 0.977273 1.44231 0.0357143 1.21154 
-0.694444 0.931818 0.166667 -0.25 -1.56818 0.178571 0.75 0.397059 
-1.30556 -0.416667 0.0681818 0.671053 41.5833 1.30882 -0.130952 -0.613636 
0.715517 -1 1.11 0.630952 1.78704 1.0431 0.858696 0.9375 
0.875 -0.776316 1.53571 -0.65 0.173077 -1.48913 -0.0833333 0.655405 
-0.423077 0.803571 -0.675 0.232456 -0.398148 0.239796 -1.05851 0.0375 
-0.48913 -0.604167 0.00675676 -0.116667 -0.333333 0.267241 -0.858696 -0.203125 
-0.204545 0.761905 -0.288462 0.0366667 -0.116667 -0.28125 0.236111 0.763514 
0.0462963 -0.186709 0.157895 0.147059 -1.55986 1.31897 0.0681818 -0.339744 
1.20062 -0.593373 0.525281 0.773529 -0.142857 -0.396154 0.318421 0.261111 
-0.05 1.43519 0.487864 0.314706 -0.611702 -0.215116 1.31881 0.15 
0.813492 0.178571 0.303763 0.275 -0.37963 0.972222 -0.724359 0.784091 
1.30556 -0.229452 1.06783 -0.472222 0.19186 -0.183333 -0.982877 0.204545 
-0.553922 -0.600649 0.128378 0.656977 -0.126923 0.215116 -0.272523 0.255155 
0.596535 0.810748 0.334112 0.45 -0.25 -0.366438 -0.311856 0.381148 
-0.546296 0.461712 0.537037 1.05412 0.569149 -0.5 0.572222 1.55682 
-1.66892 -0.0478723 0.260417 -0.97043 -1.96795 1.40238 -0.518421 -0.826087 
0.0964567 0.344595 0.288835 -0.945122 0.0973684 -0.397727 0.025 -1.27941 
-0.527778 -0.334034 -0.445122 0.0833333 -0.597826 0.546117 -0.916667 -0.0140449 
-0.771277 0.733516 0.630952 -0.684783 0.677083 -0.113636 -0.0192308 1.76128 
-0.0521583 0.54 -0.303191 0.761628 -0.167391 -0.0973684 0.516667 0.476415 
1.35656 -0.0589888 0.509615 0.977273 0.222222 0.107143 1.10135 0.227273 
-0.591121 -0.43932 -0.0819328 -0.25 -0.230392 -0.126404 -0.81383 -0.131818 
0.0573394 1.1437 -1.35227 0.399123 0.361111 -0.23913 1.57065 -0.25 
-0.665789 -0.0923423 -0.144231 0.315217 -0.479167 0.422727 0.05 1.56761 
0.143258 0.840278 0.386842 0.00257732 0.269608 0.145161 1.18269 0.111111 
0.445312 -0.0269231 -0.772124 -0.614583 -0.322165 -0.132353 -0.136139 -0.621681 
-0.284188 -0.271505 0.151869 1.10338 0.298193 0.27963 0.411017 -0.367117 
0.08 -0.240741 -0.373656 -0.993802 0.0806452 0.110656 0.255495 -0.598315 
-0.354762 0.301181 -0.683333 0.28125 0.674242 0.597107 -0.328947 0.41129 
-0.42 -0.0708955 -0.286765 0.0805785 -0.0251479 -0.763761 0.100877 -0.180769 
-0.159091 -0.55198 -0.0641593 0.731481 0.689394 46.3966 0.931818 -100 
1.56884 0.472222 0.934 0.0282609 -0.0245098 0.127622 -0.787037 1.39828 
0.635246 -0.528689 0.0481651 0.48871 -0.0566667 -0.0305755 0.303719 0.55 
0.862403 46.3289 0.2 0.3 -0.116972 0.354348 0.190945 0.842308 
0.367117 -0.384783 -0.203782 0.25 0.266949 2.10496 0.168367 0.545652 
0.405172 -0.175532 -0.612385 -0.0995146 -0.254673 0.294643 0.663223 1.11154 
0.558511 0.279126 47.2115 0.0833333 -0.407143 48.518 0.283333 1.12931 
0.602273 -0.119863 -0.107143 1.0061 100 -100 47.7267 -0.458333 
0.0720339 1.35417 -0.05 -0.30814 -0.203488 -0.45 -0.101064 45.9278 
0.15 -0.678571 -0.535714 0.801282 47.6 42.8362 0.802632 40.4167 
-1.36111 -0.396341 0.076087 0.75 -0.721429 -0.107143 1.19444 1.19444 
1.79545 1.32407 2.75 -100 0.0357143 2.25 -0.25 0.861111 
1.13889 -100 -1.46429 47.1786 -0.25 0.477273 0.821429 -0.4375 
0.65 0.25 1.65909 -100 0.321429 -1.625 1.13462 2.82143 
3.25 40.1071 0.35 47.0833 47.75 38.0833 3.55 -2.25 
# LVDC V2 t0 parameters 
1 45.1136 2.35 -0.568182 -1.58333 0.916667 0.25 -1.25 
1.88636 48.3214 -0.05 2.06579 0.886364 0.194444 -0.25 -0.305556 
-0.544118 -0.6875 0.197368 0.440476 0.6 -0.472222 1.34091 -0.955882 
-0.661765 0.583333 0.571429 -0.416667 1.19828 0.867647 -0.282258 0.892857 
0.0166667 -0.916667 1.27083 -0.0119048 0.969298 0.453704 -0.25 -0.760638 
0.895833 0.405172 -0.965686 1.61667 0.403846 -0.826923 -0.287736 -0.270833 
-1.20614 0.462121 -0.168033 0.166667 -0.123418 -0.0635593 -0.143939 0.0674603 
-0.167808 -0.331967 1.9462 -0.238235 -0.426056 0.972222 -0.23 -0.184426 
1.53667 0.898649 -0.153509 0.280612 0.0741758 -0.190476 -0.49 -0.236486 
-0.975806 -0.885294 0.446429 0.31 0.718085 -0.941176 -0.0705128 0.204023 
0.553371 0.565068 -0.429104 1.47989 -0.736486 0.0389908 0.869048 -0.901515 
0.0445205 0.67233 -0.856061 -0.25 -0.182099 0.166667 -0.217033 -0.20122 
-0.611111 -0.475352 0.618932 0.380952 0.497788 -0.170455 0.590909 0.677711 
0.365385 0.0974576 1.52551 1.39607 -0.808824 0.955882 0.404762 0.358108 
-1.92164 -0.71988 -0.3 0.71875 -0.515957 -0.0264706 0.580508 -0.831081 
1.25 -0.506757 0.445402 1.39912 -0.132022 -0.810976 0.0722222 0.627778 
-0.796512 0.832353 0.272989 -0.520588 -0.380952 -0.425 -0.230769 -0.0576923 
0.0292793 1.19037 -0.939189 0.1 0.921717 45.8214 0.179907 0.521739 
0.632353 0.772222 -0.538889 -0.10567 -0.278037 0.328431 0.317308 -0.382653 
-0.157216 -0.0953608 0.147959 0.564516 0.08 -0.502688 0.721429 0.585821 
-0.334615 -0.396341 -0.335106 -0.358434 1.30652 -0.0833333 -0.77439 0.633929 
-0.01 -0.0625 -0.189759 -0.613636 0.740566 0.618421 -0.660959 -0.564815 
-0.309633 0.0238095 0.0382883 -0.458333 -0.13764 0.192105 0.193609 -0.576923 
0.139474 0.542929 0.459677 -0.0340909 -0.844118 0.744949 0.31422 -0.0303738 
-0.628788 0.287383 0.140909 0.446262 -0.641892 1.89655 -0.189024 0.0584112 
0.277523 -0.944175 0.0521978 0.169643 -0.0695876 0.0112613 0.222527 -0.25 
-0.6 0.291667 0.28211 0.637931 -0.837629 0.395833 0.491379 -0.491935 
0.127358 -0.02 -0.3125 0.554348 0.172222 0.157767 -0.119159 0.338785 
0.325 -0.309633 -0.868812 0.426471 0.0489691 0.423913 -0.427419 -0.903061 
-0.353175 -0.512376 -0.25 0.0772727 -0.362903 0.403153 0.728261 -0.00714286 
-0.181193 0.884483 0.394068 0.218468 -0.39 -0.479167 0.516355 46.8 
0.676829 0.393678 -100 1.69 -0.565315 0.180435 -0.0865385 1.575 
-0.428947 0.494898 -0.137097 -0.25 0.471739 -0.122881 0.210177 1.11667 
47.0261 0.344828 -0.133929 -0.25 -0.952247 0.373932 -0.438119 -0.489583 
0.321429 0.428261 0.243548 -0.085443 0.234615 0.465596 -0.340909 -0.265873 
-0.215217 1.49783 0.0968468 0.416667 0.0180412 1.43182 0.213576 0.023913 
0.764599 1.39384 -0.139474 0.72 -0.088843 0.138889 -0.4125 0.578283 
-0.478916 0.09 0.563084 0.474138 -0.00274725 47.1907 0.0833333 46.9847 
-0.425 -0.206 0.608779 -0.978395 47.4397 -0.70122 -1.26316 0.3125 
0.551075 0.115854 0.00342466 -0.0833333 -0.184426 0.658451 0.20977 0.775641 
0.00454545 0.929104 1.60246 0.756849 -0.641304 0.00806452 2.54032 0.238889 
47.6019 46.8382 0.761111 1.48214 -1.04412 0.493243 -0.660256 1.13235 
0.175 1.77703 0.459677 48.2955 0.480769 -0.25 0.634615 1.20455 
1.38636 1.0463 0.816667 1.25 2.65909 -0.527778 0.855263 1.63095 
0.116667 -0.25 1.31667 3.6 0.964286 -0.678571 0.55 49 
1.63889 -0.25 -1.625 0.65 -100 1.80556 42.75 2.66667 
