R.vdc.u1.tdc.offsets=
   0.0    0.0    0.0    0.0    0.0    0.0    0.0    0.0 
   0.0    0.0    0.0    0.0    0.0    0.0    0.0    0.0 
2648.3 2648.3 2648.3 2648.3 2648.3 2648.3 2648.3 2648.3 
2648.3 2648.3 2648.3 2648.3 2648.3 2648.3 2648.3 2648.3 
2643.5 2643.5 2643.5 2643.5 2643.5 2643.5 2643.5 2643.5 
2643.5 2643.5 2643.5 2643.5 2643.5 2643.5 2643.5 2643.5 
2642.6 2642.6 2642.6 2642.6 2642.6 2642.6 2642.6 2642.6 
2642.6 2642.6 2642.6 2642.6 2642.6 2642.6 2642.6 2642.6 
2643.0 2643.0 2643.0 2643.0 2643.0 2643.0 2643.0 2643.0 
2643.0 2643.0 2643.0 2643.0 2643.0 2643.0 2643.0 2643.0 
2640.3 2640.3 2640.3 2640.3 2640.3 2640.3 2640.3 2640.3 
2640.3 2640.3 2640.3 2640.3 2640.3 2640.3 2640.3 2640.3 
2644.6 2644.6 2644.6 2644.6 2644.6 2644.6 2644.6 2644.6 
2644.6 2644.6 2644.6 2644.6 2644.6 2644.6 2644.6 2644.6 
2644.4 2644.4 2644.4 2644.4 2644.4 2644.4 2644.4 2644.4 
2644.4 2644.4 2644.4 2644.4 2644.4 2644.4 2644.4 2644.4 
2647.5 2647.5 2647.5 2647.5 2647.5 2647.5 2647.5 2647.5 
2647.5 2647.5 2647.5 2647.5 2647.5 2647.5 2647.5 2647.5 
2644.8 2644.8 2644.8 2644.8 2644.8 2644.8 2644.8 2644.8 
2644.8 2644.8 2644.8 2644.8 2644.8 2644.8 2644.8 2644.8 
2647.4 2647.4 2647.4 2647.4 2647.4 2647.4 2647.4 2647.4 
2647.4 2647.4 2647.4 2647.4 2647.4 2647.4 2647.4 2647.4 
2646.9 2646.9 2646.9 2646.9 2646.9 2646.9 2646.9 2646.9 
2646.9 2646.9 2646.9 2646.9 2646.9 2646.9 2646.9 2646.9 
2649.1 2649.1 2649.1 2649.1 2649.1 2649.1 2649.1 2649.1 
2649.1 2649.1 2649.1 2649.1 2649.1 2649.1 2649.1 2649.1 
2646.5 2646.5 2646.5 2646.5 2646.5 2646.5 2646.5 2646.5 
2646.5 2646.5 2646.5 2646.5 2646.5 2646.5 2646.5 2646.5 
2646.9 2646.9 2646.9 2646.9 2646.9 2646.9 2646.9 2646.9 
2646.9 2646.9 2646.9 2646.9 2646.9 2646.9 2646.9 2646.9 
2646.2 2646.2 2646.2 2646.2 2646.2 2646.2 2646.2 2646.2 
2646.2 2646.2 2646.2 2646.2 2646.2 2646.2 2646.2 2646.2 
2652.6 2652.6 2652.6 2652.6 2652.6 2652.6 2652.6 2652.6 
2652.6 2652.6 2652.6 2652.6 2652.6 2652.6 2652.6 2652.6 
2647.0 2647.0 2647.0 2647.0 2647.0 2647.0 2647.0 2647.0 
2647.0 2647.0 2647.0 2647.0 2647.0 2647.0 2647.0 2647.0 
2652.1 2652.1 2652.1 2652.1 2652.1 2652.1 2652.1 2652.1 
2652.1 2652.1 2652.1 2652.1 2652.1 2652.1 2652.1 2652.1 
2654.6 2654.6 2654.6 2654.6 2654.6 2654.6 2654.6 2654.6 
2654.6 2654.6 2654.6 2654.6 2654.6 2654.6 2654.6 2654.6 
2657.7 2657.7 2657.7 2657.7 2657.7 2657.7 2657.7 2657.7 
2657.7 2657.7 2657.7 2657.7 2657.7 2657.7 2657.7 2657.7 
   0.0    0.0    0.0    0.0    0.0    0.0    0.0    0.0 
   0.0    0.0    0.0    0.0    0.0    0.0    0.0    0.0 
   0.0    0.0    0.0    0.0    0.0    0.0    0.0    0.0 
   0.0    0.0    0.0    0.0    0.0    0.0    0.0    0.0 

R.vdc.v1.tdc.offsets=
   0.0    0.0    0.0    0.0    0.0    0.0    0.0    0.0 
   0.0    0.0    0.0    0.0    0.0    0.0    0.0    0.0 
2656.7 2656.7 2656.7 2656.7 2656.7 2656.7 2656.7 2656.7 
2656.7 2656.7 2656.7 2656.7 2656.7 2656.7 2656.7 2656.7 
2650.6 2650.6 2650.6 2650.6 2650.6 2650.6 2650.6 2650.6 
2650.6 2650.6 2650.6 2650.6 2650.6 2650.6 2650.6 2650.6 
2649.1 2649.1 2649.1 2649.1 2649.1 2649.1 2649.1 2649.1 
2649.1 2649.1 2649.1 2649.1 2649.1 2649.1 2649.1 2649.1 
2646.6 2646.6 2646.6 2646.6 2646.6 2646.6 2646.6 2646.6 
2646.6 2646.6 2646.6 2646.6 2646.6 2646.6 2646.6 2646.6 
2646.5 2646.5 2646.5 2646.5 2646.5 2646.5 2646.5 2646.5 
2646.5 2646.5 2646.5 2646.5 2646.5 2646.5 2646.5 2646.5 
2648.6 2648.6 2648.6 2648.6 2648.6 2648.6 2648.6 2648.6 
2648.6 2648.6 2648.6 2648.6 2648.6 2648.6 2648.6 2648.6 
2648.7 2648.7 2648.7 2648.7 2648.7 2648.7 2648.7 2648.7 
2648.7 2648.7 2648.7 2648.7 2648.7 2648.7 2648.7 2648.7 
2648.8 2648.8 2648.8 2648.8 2648.8 2648.8 2648.8 2648.8 
2648.8 2648.8 2648.8 2648.8 2648.8 2648.8 2648.8 2648.8 
2647.8 2647.8 2647.8 2647.8 2647.8 2647.8 2647.8 2647.8 
2647.8 2647.8 2647.8 2647.8 2647.8 2647.8 2647.8 2647.8 
2652.0 2652.0 2652.0 2652.0 2652.0 2652.0 2652.0 2652.0 
2652.0 2652.0 2652.0 2652.0 2652.0 2652.0 2652.0 2652.0 
2649.9 2649.9 2649.9 2649.9 2649.9 2649.9 2649.9 2649.9 
2649.9 2649.9 2649.9 2649.9 2649.9 2649.9 2649.9 2649.9 
2654.2 2654.2 2654.2 2654.2 2654.2 2654.2 2654.2 2654.2 
2654.2 2654.2 2654.2 2654.2 2654.2 2654.2 2654.2 2654.2 
2652.8 2652.8 2652.8 2652.8 2652.8 2652.8 2652.8 2652.8 
2652.8 2652.8 2652.8 2652.8 2652.8 2652.8 2652.8 2652.8 
2652.7 2652.7 2652.7 2652.7 2652.7 2652.7 2652.7 2652.7 
2652.7 2652.7 2652.7 2652.7 2652.7 2652.7 2652.7 2652.7 
2653.0 2653.0 2653.0 2653.0 2653.0 2653.0 2653.0 2653.0 
2653.0 2653.0 2653.0 2653.0 2653.0 2653.0 2653.0 2653.0 
2653.6 2653.6 2653.6 2653.6 2653.6 2653.6 2653.6 2653.6 
2653.6 2653.6 2653.6 2653.6 2653.6 2653.6 2653.6 2653.6 
2650.1 2650.1 2650.1 2650.1 2650.1 2650.1 2650.1 2650.1 
2650.1 2650.1 2650.1 2650.1 2650.1 2650.1 2650.1 2650.1 
2656.3 2656.3 2656.3 2656.3 2656.3 2656.3 2656.3 2656.3 
2656.3 2656.3 2656.3 2656.3 2656.3 2656.3 2656.3 2656.3 
2654.6 2654.6 2654.6 2654.6 2654.6 2654.6 2654.6 2654.6 
2654.6 2654.6 2654.6 2654.6 2654.6 2654.6 2654.6 2654.6 
2654.7 2654.7 2654.7 2654.7 2654.7 2654.7 2654.7 2654.7 
2654.7 2654.7 2654.7 2654.7 2654.7 2654.7 2654.7 2654.7 
   0.0    0.0    0.0    0.0    0.0    0.0    0.0    0.0 
   0.0    0.0    0.0    0.0    0.0    0.0    0.0    0.0 
   0.0    0.0    0.0    0.0    0.0    0.0    0.0    0.0 
   0.0    0.0    0.0    0.0    0.0    0.0    0.0    0.0 

R.vdc.u2.tdc.offsets=
   0.0    0.0    0.0    0.0    0.0    0.0    0.0    0.0 
   0.0    0.0    0.0    0.0    0.0    0.0    0.0    0.0 
2632.2 2632.2 2632.2 2632.2 2632.2 2632.2 2632.2 2632.2 
2632.2 2632.2 2632.2 2632.2 2632.2 2632.2 2632.2 2632.2 
2635.5 2635.5 2635.5 2635.5 2635.5 2635.5 2635.5 2635.5 
2635.5 2635.5 2635.5 2635.5 2635.5 2635.5 2635.5 2635.5 
2633.1 2633.1 2633.1 2633.1 2633.1 2633.1 2633.1 2633.1 
2633.1 2633.1 2633.1 2633.1 2633.1 2633.1 2633.1 2633.1 
2632.1 2632.1 2632.1 2632.1 2632.1 2632.1 2632.1 2632.1 
2632.1 2632.1 2632.1 2632.1 2632.1 2632.1 2632.1 2632.1 
2631.7 2631.7 2631.7 2631.7 2631.7 2631.7 2631.7 2631.7 
2631.7 2631.7 2631.7 2631.7 2631.7 2631.7 2631.7 2631.7 
2639.5 2639.5 2639.5 2639.5 2639.5 2639.5 2639.5 2639.5 
2639.5 2639.5 2639.5 2639.5 2639.5 2639.5 2639.5 2639.5 
2637.9 2637.9 2637.9 2637.9 2637.9 2637.9 2637.9 2637.9 
2637.9 2637.9 2637.9 2637.9 2637.9 2637.9 2637.9 2637.9 
2640.2 2640.2 2640.2 2640.2 2640.2 2640.2 2640.2 2640.2 
2640.2 2640.2 2640.2 2640.2 2640.2 2640.2 2640.2 2640.2 
2640.6 2640.6 2640.6 2640.6 2640.6 2640.6 2640.6 2640.6 
2640.6 2640.6 2640.6 2640.6 2640.6 2640.6 2640.6 2640.6 
2641.0 2641.0 2641.0 2641.0 2641.0 2641.0 2641.0 2641.0 
2641.0 2641.0 2641.0 2641.0 2641.0 2641.0 2641.0 2641.0 
2639.7 2639.7 2639.7 2639.7 2639.7 2639.7 2639.7 2639.7 
2639.7 2639.7 2639.7 2639.7 2639.7 2639.7 2639.7 2639.7 
2639.6 2639.6 2639.6 2639.6 2639.6 2639.6 2639.6 2639.6 
2639.6 2639.6 2639.6 2639.6 2639.6 2639.6 2639.6 2639.6 
2640.0 2640.0 2640.0 2640.0 2640.0 2640.0 2640.0 2640.0 
2640.0 2640.0 2640.0 2640.0 2640.0 2640.0 2640.0 2640.0 
2640.8 2640.8 2640.8 2640.8 2640.8 2640.8 2640.8 2640.8 
2640.8 2640.8 2640.8 2640.8 2640.8 2640.8 2640.8 2640.8 
2639.5 2639.5 2639.5 2639.5 2639.5 2639.5 2639.5 2639.5 
2639.5 2639.5 2639.5 2639.5 2639.5 2639.5 2639.5 2639.5 
2643.0 2643.0 2643.0 2643.0 2643.0 2643.0 2643.0 2643.0 
2643.0 2643.0 2643.0 2643.0 2643.0 2643.0 2643.0 2643.0 
2641.5 2641.5 2641.5 2641.5 2641.5 2641.5 2641.5 2641.5 
2641.5 2641.5 2641.5 2641.5 2641.5 2641.5 2641.5 2641.5 
2644.8 2644.8 2644.8 2644.8 2644.8 2644.8 2644.8 2644.8 
2644.8 2644.8 2644.8 2644.8 2644.8 2644.8 2644.8 2644.8 
2645.5 2645.5 2645.5 2645.5 2645.5 2645.5 2645.5 2645.5 
2645.5 2645.5 2645.5 2645.5 2645.5 2645.5 2645.5 2645.5 
2645.5 2645.5 2645.5 2645.5 2645.5 2645.5 2645.5 2645.5 
2645.5 2645.5 2645.5 2645.5 2645.5 2645.5 2645.5 2645.5 
2648.9 2648.9 2648.9 2648.9 2648.9 2648.9 2648.9 2648.9 
2648.9 2648.9 2648.9 2648.9 2648.9 2648.9 2648.9 2648.9 
   0.0    0.0    0.0    0.0    0.0    0.0    0.0    0.0 
   0.0    0.0    0.0    0.0    0.0    0.0    0.0    0.0 

R.vdc.v2.tdc.offsets=
2651.8 2651.8 2651.8 2651.8 2651.8 2651.8 2651.8 2651.8 
2651.8 2651.8 2651.8 2651.8 2651.8 2651.8 2651.8 2651.8 
2647.8 2647.8 2647.8 2647.8 2647.8 2647.8 2647.8 2647.8 
2647.8 2647.8 2647.8 2647.8 2647.8 2647.8 2647.8 2647.8 
2647.9 2647.9 2647.9 2647.9 2647.9 2647.9 2647.9 2647.9 
2647.9 2647.9 2647.9 2647.9 2647.9 2647.9 2647.9 2647.9 
2645.7 2645.7 2645.7 2645.7 2645.7 2645.7 2645.7 2645.7 
2645.7 2645.7 2645.7 2645.7 2645.7 2645.7 2645.7 2645.7 
2645.4 2645.4 2645.4 2645.4 2645.4 2645.4 2645.4 2645.4 
2645.4 2645.4 2645.4 2645.4 2645.4 2645.4 2645.4 2645.4 
2642.8 2642.8 2642.8 2642.8 2642.8 2642.8 2642.8 2642.8 
2642.8 2642.8 2642.8 2642.8 2642.8 2642.8 2642.8 2642.8 
2646.8 2646.8 2646.8 2646.8 2646.8 2646.8 2646.8 2646.8 
2646.8 2646.8 2646.8 2646.8 2646.8 2646.8 2646.8 2646.8 
2643.9 2643.9 2643.9 2643.9 2643.9 2643.9 2643.9 2643.9 
2643.9 2643.9 2643.9 2643.9 2643.9 2643.9 2643.9 2643.9 
2645.0 2645.0 2645.0 2645.0 2645.0 2645.0 2645.0 2645.0 
2645.0 2645.0 2645.0 2645.0 2645.0 2645.0 2645.0 2645.0 
2645.4 2645.4 2645.4 2645.4 2645.4 2645.4 2645.4 2645.4 
2645.4 2645.4 2645.4 2645.4 2645.4 2645.4 2645.4 2645.4 
2646.5 2646.5 2646.5 2646.5 2646.5 2646.5 2646.5 2646.5 
2646.5 2646.5 2646.5 2646.5 2646.5 2646.5 2646.5 2646.5 
2643.8 2643.8 2643.8 2643.8 2643.8 2643.8 2643.8 2643.8 
2643.8 2643.8 2643.8 2643.8 2643.8 2643.8 2643.8 2643.8 
2648.4 2648.4 2648.4 2648.4 2648.4 2648.4 2648.4 2648.4 
2648.4 2648.4 2648.4 2648.4 2648.4 2648.4 2648.4 2648.4 
2647.1 2647.1 2647.1 2647.1 2647.1 2647.1 2647.1 2647.1 
2647.1 2647.1 2647.1 2647.1 2647.1 2647.1 2647.1 2647.1 
2648.6 2648.6 2648.6 2648.6 2648.6 2648.6 2648.6 2648.6 
2648.6 2648.6 2648.6 2648.6 2648.6 2648.6 2648.6 2648.6 
2645.6 2645.6 2645.6 2645.6 2645.6 2645.6 2645.6 2645.6 
2645.6 2645.6 2645.6 2645.6 2645.6 2645.6 2645.6 2645.6 
2649.2 2649.2 2649.2 2649.2 2649.2 2649.2 2649.2 2649.2 
2649.2 2649.2 2649.2 2649.2 2649.2 2649.2 2649.2 2649.2 
2646.9 2646.9 2646.9 2646.9 2646.9 2646.9 2646.9 2646.9 
2646.9 2646.9 2646.9 2646.9 2646.9 2646.9 2646.9 2646.9 
2655.4 2655.4 2655.4 2655.4 2655.4 2655.4 2655.4 2655.4 
2655.4 2655.4 2655.4 2655.4 2655.4 2655.4 2655.4 2655.4 
2654.7 2654.7 2654.7 2654.7 2654.7 2654.7 2654.7 2654.7 
2654.7 2654.7 2654.7 2654.7 2654.7 2654.7 2654.7 2654.7 
2650.4 2650.4 2650.4 2650.4 2650.4 2650.4 2650.4 2650.4 
2650.4 2650.4 2650.4 2650.4 2650.4 2650.4 2650.4 2650.4 
2652.9 2652.9 2652.9 2652.9 2652.9 2652.9 2652.9 2652.9 
2652.9 2652.9 2652.9 2652.9 2652.9 2652.9 2652.9 2652.9 
   0.0    0.0    0.0    0.0    0.0    0.0    0.0    0.0 
   0.0    0.0    0.0    0.0    0.0    0.0    0.0    0.0 

