# RVDC U1 t0 parameters 
2644 2644 2644 2644 2644 2644 2644 2644 
2644 2644 2644 2644 2644 2644 2644 2644 
2644 2644 2644 2644 2644 2644 2644 2644 
2644 2644 2644 2644 2644 2644 2644 2644 
2643.1 2643.1 2643.1 2643.1 2643.1 2643.1 2643.1 2604.5 
2610.5 2643.1 2605.83 2618.83 2621.5 2633.83 2614.83 2633.9 
2636.9 2606.83 2623.83 2632 2635.83 2607 2643.4 2608 
2638.5 2638 2628.17 2632 2632 2625.9 2627.5 2643.4 
2624.9 2632.5 2635.83 2643.4 2634.5 2634.17 2633.5 2633.5 
2617.83 2616.17 2634.17 2644.3 2639.5 2634.5 2629 2632.5 
2640.3 2621.5 2631.1 2632.7 2633.5 2626 2632 2633.5 
2629.7 2629 2627.17 2632.5 2611.1 2629.5 2633.83 2629.64 
2635.7 2632.5 2635.5 2623.5 2639.5 2638 2637 2632.83 
2634.5 2637.7 2638 2640.17 2613.83 2637.3 2642.83 2628.25 
2638.5 2634 2639 2638.83 2640.5 2641.5 2630.1 2634.7 
2638.17 2639.1 2638.9 2632 2634.61 2636.5 2641 2630 
2644.17 2635 2648.9 2644.1 2641.17 2627.7 2634.17 2632.1 
2632 2638.5 2640.5 2645 2631.5 2645.5 2635.5 2615.17 
2641.5 2641.5 2638.7 2639 2641.5 2628.36 2645.7 2641.5 
2641.83 2633.7 2637.1 2637.93 2636.1 2636.7 2639.5 2627.17 
2640.5 2638 2636.79 2642.21 2644.5 2642.7 2642.5 2647.5 
2642.7 2647.9 2637.83 2637.83 2642.9 2639.1 2642.3 2642.07 
2645.17 2642.36 2646.9 2644.7 2645.17 2643.5 2645.5 2624.36 
2645.17 2635.17 2642.5 2640.17 2633.5 2639.5 2625.9 2639.83 
2646.9 2640.3 2639.07 2642.3 2640.17 2639 2640.93 2644.83 
2646.83 2641.1 2644.17 2635.3 2649.4 2639.5 2643.1 2631 
2642.5 2644 2632.9 2641.21 2645.83 2637.7 2641.5 2649.5 
2639.36 2635.07 2646.83 2640.3 2636.17 2634.9 2645.5 2639.7 
2648.83 2636.9 2649.17 2635.25 2644.64 2634.5 2640.07 2639.83 
2640.17 2635.83 2641.36 2638.5 2632.5 2642.5 2641.5 2634.7 
2635 2637.17 2637.5 2640.1 2636.64 2643.07 2639.83 2635.64 
2641.5 2638.5 2643.17 2641.9 2639.17 2648.17 2632.5 2636.5 
2645.5 2638.75 2643.5 2638.7 2644.1 2651.5 2643.5 2640.93 
2649.5 2644.83 2642.61 2625.17 2645.5 2643.07 2642.5 2639.17 
2641.79 2643.07 2640.3 2641.83 2643.5 2641.17 2635.83 2640.17 
2634.17 2638.5 2630.17 2641 2631.5 2636.9 2640.83 2617.17 
2653.17 2642.83 2645.5 2647.83 2642.5 2639.17 2638.5 2647.9 
2646.1 2644.9 2650 2641 2640.83 2638 2641.17 2639.5 
2644.1 2646 2628.5 2632 2643.5 2644.5 2642.3 2623.5 
2644.83 2644.83 2636.5 2621.17 2607.5 2613.83 2648.5 2619 
2655.4 2655.4 2655.4 2655.4 2655.4 2655.4 2655.4 2655.4 
2655.4 2655.4 2655.4 2655.4 2655.4 2655.4 2655.4 2655.4 
2652.1 2652.1 2652.1 2652.1 2652.1 2652.1 2652.1 2652.1 
2652.1 2652.1 2652.1 2652.1 2652.1 2652.1 2652.1 2652.1 
2655.4 2655.4 2655.4 2655.4 2655.4 2655.4 2655.4 2655.4 
2655.4 2655.4 2655.4 2655.4 2655.4 2655.4 2655.4 2655.4 
# RVDC U2 t0 parameters 
2634.6 2634.6 2634.6 2634.6 2634.6 2634.6 2634.6 2634.6 
2634.6 2634.6 2634.6 2634.6 2634.6 2634.6 2634.6 2634.6 
2634.6 2634.6 2634.6 2634.6 2634.6 2634.6 2634.6 2634.6 
2634.6 2634.6 2634.6 2634.6 2634.6 2634.6 2604.5 2634.6 
2606.5 2637.5 2637.5 2614 2612.5 2626.5 2637.5 2616 
2631.9 2615.83 2606 2628.17 2618.1 2626.5 2627.83 2637.5 
2617.5 2615.17 2623.3 2623 2610.5 2624.5 2630.17 2609 
2625.5 2612 2622.5 2632.3 2632.3 2618 2617.9 2625.17 
2632.5 2613 2622.5 2618.5 2632.5 2630.83 2621.5 2622.3 
2629 2611.5 2625 2632.5 2615.1 2619 2623.5 2632.5 
2633.4 2625.5 2626.17 2625.5 2627.5 2621 2627 2625.3 
2622.5 2626.5 2621.5 2621 2629.5 2622.1 2625.7 2628.9 
2629.39 2628.1 2608.5 2627.9 2632.5 2614.17 2630.83 2639.6 
2624.5 2628.5 2629.5 2633.5 2632.5 2627.9 2629.3 2620.5 
2635 2633.3 2633.5 2631.17 2627.79 2630.5 2625.7 2635.79 
2628.17 2632 2629.9 2631.1 2623.9 2618.1 2621.9 2627.79 
2627.9 2618.1 2627.17 2628 2628 2622.83 2633.3 2623.83 
2632.7 2631.9 2625.83 2629.17 2637.3 2631.7 2630.5 2629.83 
2636.5 2612.83 2635.7 2632.17 2634.1 2627.5 2630.5 2633.83 
2629.7 2631 2630.5 2631.1 2632.17 2627.5 2629.36 2628 
2630.17 2628.83 2629.75 2630.5 2633.7 2622.3 2623.83 2631.5 
2623.17 2629 2629.3 2629.83 2630.5 2622.17 2637.1 2628.5 
2633.64 2634 2632.9 2637.75 2634.17 2637.07 2637.64 2632.83 
2630 2632.07 2628.75 2631.9 2631.5 2620.3 2637.5 2622.06 
2635.21 2640.4 2611.1 2632.3 2632.5 2623.83 2628.5 2637.17 
2623.5 2633.36 2633.7 2633 2625.3 2632.83 2632.3 2633.7 
2624.93 2627.07 2629.83 2630.5 2632.5 2635.9 2625.5 2627.5 
2630.93 2603.7 2624.5 2621.3 2631.5 2623.5 2629 2633.3 
2630.83 2637.5 2632.5 2632 2637 2637.7 2633.3 2632.83 
2631.5 2632.83 2628.1 2633.21 2630.17 2632.17 2617.7 2634.5 
2618.5 2633 2627.83 2628.5 2630.17 2631.5 2627.5 2632.07 
2626 2627.5 2639 2637 2617.7 2628.5 2635.64 2619.17 
2632.17 2629.64 2630 2636.5 2634 2638.17 2636.83 2636.17 
2639.9 2632.83 2634.3 2634.21 2633.17 2634.3 2631.1 2634.3 
2629.17 2635.17 2635.5 2634.5 2622.1 2631.64 2638.17 2631.5 
2638.36 2615.83 2623 2634.83 2610.5 2629.83 2624.83 2627.1 
2633.79 2644.5 2636.5 2635.83 2634.17 2638.5 2635.5 2634 
2636.07 2633.75 2637.3 2629.93 2636.17 2635.83 2642.5 2624.79 
2642.17 2639.61 2638.3 2640.5 2631.9 2639.7 2633.5 2635.5 
2641.5 2633.3 2641 2634.1 2636 2634.5 2625.17 2630.9 
2643.17 2637.5 2623.5 2620.1 2632.1 2619.5 2643.9 2635.17 
2632.5 2607.5 2611.5 2643.9 2625 2628.83 2625.9 2643.9 
2647.6 2647.6 2647.6 2647.6 2647.6 2647.6 2647.6 2647.6 
2647.6 2647.6 2647.6 2647.6 2647.6 2647.6 2647.6 2647.6 
2647.6 2647.6 2647.6 2647.6 2647.6 2647.6 2647.6 2647.6 
2647.6 2647.6 2647.6 2647.6 2647.6 2647.6 2647.6 2647.6 
# RVDC V1 t0 parameters 
2649.3 2649.3 2649.3 2649.3 2649.3 2649.3 2649.3 2649.3 
2649.3 2649.3 2649.3 2649.3 2649.3 2649.3 2649.3 2649.3 
2649.3 2649.3 2649.3 2649.3 2649.3 2649.3 2649.3 2649.3 
2649.3 2649.3 2649.3 2649.3 2649.3 2649.3 2649.3 2649.3 
2649.3 2649.3 2649.3 2649.3 2607.17 2640.83 2644.17 2649.3 
2639.17 2625 2620.5 2631 2649.3 2634.5 2643 2641 
2607 2628.5 2640.5 2609.5 2638.1 2651 2638.83 2646.3 
2645.83 2640 2606.17 2642.3 2639.17 2645.3 2628 2649 
2635.5 2619.5 2632.5 2647.8 2645.17 2633.17 2638.17 2620 
2638.5 2634 2627.5 2643.5 2642.83 2625 2639.5 2647.8 
2648.5 2637.5 2643 2628.5 2634 2643.83 2642.17 2635 
2623.1 2634.5 2645.7 2635.3 2642.5 2631.5 2636 2636.17 
2639.83 2637 2641.5 2641.9 2638.5 2644 2631.17 2651.83 
2645.5 2638.5 2637.17 2643.7 2638.17 2638.39 2642.5 2642.83 
2643.3 2640.5 2640.7 2628.5 2645.3 2642.83 2644.9 2642.64 
2642.17 2619.5 2642.3 2643 2648.9 2621.1 2640.79 2639.75 
2646.3 2644.17 2644 2620.17 2643.17 2647.7 2645 2648 
2641.9 2643.5 2634.5 2640.5 2638.5 2640.5 2642.3 2639.5 
2643.3 2639.5 2636.5 2638.5 2647.5 2639.3 2636.79 2643.83 
2642.5 2644.64 2648.4 2642.5 2642.5 2647 2625.21 2643.3 
2644.61 2643.1 2642.5 2643.17 2639.1 2646.9 2642.9 2647.5 
2640 2643.5 2644.94 2646.5 2645.7 2641.5 2649.1 2645.79 
2649.07 2633.17 2623.17 2641.93 2650.3 2641.7 2644.3 2641 
2640.17 2643.5 2640.83 2641.7 2645.5 2642.5 2644.1 2631.7 
2645.9 2643.5 2647 2620.9 2645.1 2649 2640.83 2647.1 
2633.83 2645.9 2643.5 2642.5 2643.83 2638.93 2644.17 2647.17 
2643.75 2644.36 2640.64 2646 2646.3 2648.36 2645.3 2644.5 
2637.5 2638.83 2642.25 2631.3 2642.1 2636.5 2641.5 2632.7 
2646.5 2646.17 2642.64 2639.25 2646.5 2644.23 2641 2641.5 
2644.83 2640.83 2639 2639 2650.64 2641.83 2642.3 2645.5 
2642.17 2638.7 2646.17 2645.1 2638.83 2644.1 2646.79 2647.3 
2643 2650.1 2644.17 2640.7 2644 2643.17 2640.5 2644.07 
2651.75 2631.5 2645.83 2646.21 2644.17 2643.36 2644.5 2644.17 
2643.21 2647.3 2638.83 2646.5 2637.75 2637 2642.39 2643.75 
2646.5 2638.1 2645.5 2649.3 2644.17 2649.1 2648.3 2639.17 
2638 2640.61 2644.5 2637.5 2643.1 2641.21 2633.5 2644.79 
2653.9 2613.17 2647.64 2646.5 2643.1 2622.7 2649.9 2645.17 
2650 2645.83 2649 2648.5 2630.64 2634.5 2646.25 2647.9 
2648.5 2644 2632 2640.5 2637.17 2622.5 2615 2629.83 
2638.1 2618.5 2645.17 2617.5 2603 2614.17 2612.5 2653.8 
2656.3 2656.3 2656.3 2656.3 2656.3 2656.3 2656.3 2656.3 
2656.3 2656.3 2656.3 2656.3 2656.3 2656.3 2656.3 2656.3 
2643.7 2643.7 2643.7 2643.7 2643.7 2643.7 2643.7 2643.7 
2643.7 2643.7 2643.7 2643.7 2643.7 2643.7 2643.7 2643.7 
2643.7 2643.7 2643.7 2643.7 2643.7 2643.7 2643.7 2643.7 
2643.7 2643.7 2643.7 2643.7 2643.7 2643.7 2643.7 2643.7 
# RVDC V2 t0 parameters 
2652.7 2652.7 2652.7 2652.7 2652.7 2652.7 2652.7 2652.7 
2652.7 2652.7 2652.7 2652.7 2652.7 2652.7 2652.7 2652.7 
2647.8 2647.8 2647.8 2647.8 2647.8 2647.8 2647.8 2647.8 
2647.8 2647.8 2647.8 2607.5 2612.83 2640 2632 2633 
2644.5 2636 2619 2633.5 2623.5 2644.83 2647.1 2647.1 
2647.1 2630.83 2625.5 2639.9 2643.1 2605 2645.17 2637.5 
2641.5 2632 2645.9 2641 2604.5 2638.17 2612.5 2643.3 
2622 2636.5 2629.5 2638 2643.5 2639 2641.5 2633.5 
2638.17 2614.83 2618 2637 2639.5 2607 2639 2639.5 
2643.83 2640.17 2642.5 2637.5 2622.5 2643.5 2631.5 2632 
2638.17 2637.5 2633.7 2631.17 2645.5 2639.5 2634.5 2639 
2637.5 2638.7 2607.5 2635.1 2640 2617.9 2642.5 2634.36 
2640.5 2640.83 2607 2634.5 2637.5 2640.5 2640.9 2639.83 
2635.17 2638.5 2634.7 2640.1 2641.5 2643.5 2641.17 2610.5 
2638.5 2617.5 2618 2637.75 2625.1 2636 2639.3 2631.17 
2634.5 2637.5 2625.17 2635 2625.1 2623.9 2640.5 2626.64 
2630 2638.5 2628.5 2625.25 2624 2635.79 2634.5 2637 
2638.5 2618.1 2639.5 2637.17 2628.1 2644.5 2634.17 2610.5 
2640.21 2639 2641.5 2639.17 2638.17 2645.5 2642.1 2641 
2613.1 2640.5 2638.5 2644.3 2631.9 2635.83 2636.64 2641.1 
2640.93 2642.1 2638.83 2630.83 2639.17 2636.7 2646.5 2638 
2648.5 2638.21 2635.5 2639.83 2645.5 2633.5 2641.83 2640.17 
2640 2627.5 2640.5 2640.3 2642.17 2643.7 2638.17 2626.5 
2637.17 2634.5 2637.5 2622 2643.5 2637 2634.7 2630.5 
2648.36 2641.9 2635.3 2637.9 2644.5 2640.7 2642.9 2642.1 
2642.17 2627.5 2637.79 2648.5 2646.79 2638.21 2652 2645.5 
2643.9 2634.5 2644.3 2643.17 2636.75 2645.3 2642.25 2639.5 
2644.5 2641.5 2638.9 2638.83 2641.07 2643.5 2639 2645.5 
2643.17 2646 2638.9 2646.17 2634.5 2645.1 2642.5 2642.83 
2642.5 2642.17 2644.5 2645.7 2645.5 2636.1 2646.5 2639.17 
2642 2633.83 2624.9 2641.3 2636.5 2638.83 2635.3 2639.83 
2640 2640 2629.5 2631 2640.5 2641.5 2639.5 2641.5 
2641.07 2642.5 2643.5 2641.1 2640.5 2643.1 2641.75 2642.83 
2632.5 2640.5 2638.5 2643.5 2637.7 2636 2636.7 2624.17 
2644.5 2643.5 2643.5 2637.21 2641.83 2638.79 2608.9 2638.9 
2640 2636.3 2637.21 2645.5 2637.17 2639.36 2635.83 2642.7 
2656.3 2641.5 2650.93 2641.1 2650.36 2649.3 2655.5 2647.9 
2650.5 2644.5 2650.5 2642.5 2649 2649.3 2638.5 2649 
2650.17 2639.5 2647.1 2619.5 2639.5 2647.07 2636.9 2643.7 
2645.3 2644.7 2642.5 2641.5 2649.83 2643.7 2623.5 2644.9 
2634.17 2634.9 2641.7 2637.83 2628.5 2612.9 2640.5 2631.5 
2612.5 2631.5 2639.5 2634 2651.17 2653.1 2653.1 2653.1 
2652.7 2652.7 2652.7 2652.7 2652.7 2652.7 2652.7 2652.7 
2652.7 2652.7 2652.7 2652.7 2652.7 2652.7 2652.7 2652.7 
2652.7 2652.7 2652.7 2652.7 2652.7 2652.7 2652.7 2652.7 
2652.7 2652.7 2652.7 2652.7 2652.7 2652.7 2652.7 2652.7 
# LVDC U1 t0 parameters 
2947.1 2947.1 2947.1 2947.1 2947.1 2947.1 2947.1 2947.1 
2947.1 2947.1 2947.1 2947.1 2947.1 2947.1 2947.1 2947.1 
2944 2944 2944 2944 2944 2944 2944 2944 
2944 2944 2944 2944 2944 2944 2944 2944 
2942 2942 2942 2942 2942 2942 2942 2942 
2942 2942 2942 2942 2942 2942 2928 2927.5 
2935 2927.5 2932 2918.17 2940.5 2918.5 2937.5 2935.5 
2934.17 2936.5 2929 2921.17 2911.17 2931 2931 2928.5 
2940.17 2935.7 2918.83 2927.83 2919.5 2933.5 2941.7 2908.9 
2913.5 2906.1 2910.7 2938.83 2936.5 2937 2931 2936.17 
2935.5 2910.5 2938.5 2921.83 2942.9 2942.9 2912.5 2942.9 
2915 2907 2906.83 2936.3 2932.83 2933 2911.5 2934 
2944 2918.1 2930.5 2912.83 2939.5 2911.5 2936 2941 
2940.83 2942.5 2915.5 2946.6 2923.5 2932.17 2946.6 2940.5 
2904 2932 2938.5 2939.5 2942.5 2940.5 2944.6 2939.17 
2937.5 2937.3 2944.6 2940.5 2930.5 2937.9 2938.3 2933.7 
2935.5 2938.5 2916.83 2938.5 2937.3 2943.5 2936.7 2936 
2934.17 2933.5 2936 2931 2940.5 2907.83 2934.5 2921.5 
2923.5 2924.7 2942.1 2944 2916.17 2918.5 2939.5 2934 
2910.5 2910.5 2931 2932.83 2930.7 2933.9 2928 2939.5 
2936.17 2914.5 2931.17 2928.17 2937.5 2925 2936.5 2925.9 
2936.17 2933.83 2934.5 2931.83 2937.83 2937.17 2933.3 2931.7 
2940.5 2935.5 2911.5 2934.7 2937.83 2928.5 2929.5 2928.5 
2932 2930.17 2926 2931.5 2931.5 2929.64 2928.7 2930.17 
2940.83 2936.5 2942.9 2906 2943.5 2942.5 2942 2939.83 
2922.3 2913.17 2927 2941.3 2927.17 2937.83 2932.83 2940.83 
2937 2934.7 2939.83 2928 2931.5 2909.17 2909.9 2941.07 
2927.5 2940.5 2933.1 2943.8 2936.5 2928.5 2928.17 2935.5 
2942 2937 2940.5 2926.3 2939 2936.5 2931.5 2934.5 
2913.5 2941.83 2944.5 2925.9 2944.9 2938.5 2921.1 2932.5 
2933.5 2939.5 2933.06 2908 2942.5 2922.9 2932.5 2929.3 
2938.3 2936.1 2936 2932 2934.83 2935.83 2933.3 2935 
2946.5 2941 2939.5 2939.1 2907.5 2940 2938.83 2938.1 
2934.5 2940.7 2942.5 2929.83 2943 2910.17 2938 2939.5 
2939 2935.21 2937.5 2945.5 2941.5 2935.5 2942.1 2933.83 
2945.4 2943 2937.5 2948 2906.36 2945 2912.5 2937.5 
2944.7 2936 2945.5 2942.17 2942.1 2943.83 2936.83 2943.9 
2926.3 2940.5 2947.5 2943 2931 2937.5 2940 2935.5 
2936.5 2938.17 2921.17 2921.17 2941 2927 2938.17 2945.1 
2935 2926.83 2945.1 2923 2945.1 2945.1 2945.1 2945.1 
2945.8 2945.8 2945.8 2945.8 2945.8 2945.8 2945.8 2945.8 
2945.8 2945.8 2945.8 2945.8 2945.8 2945.8 2945.8 2945.8 
2945 2945 2945 2945 2945 2945 2945 2945 
2945 2945 2945 2945 2945 2945 2945 2945 
2945 2945 2945 2945 2945 2945 2945 2945 
2945 2945 2945 2945 2945 2945 2945 2945 
# LVDC U2 t0 parameters 
2934.9 2934.9 2934.9 2934.9 2934.9 2934.9 2934.9 2934.9 
2934.9 2934.9 2934.9 2934.9 2934.9 2934.9 2934.9 2934.9 
2930.4 2930.4 2930.4 2930.4 2930.4 2930.4 2930.4 2930.4 
2930.4 2930.4 2930.4 2930.4 2930.4 2930.4 2930.4 2930.4 
2931.6 2931.6 2931.6 2931.6 2931.6 2931.6 2913.83 2911.17 
2931.6 2907.83 2918.83 2931.6 2920.83 2920.5 2925.5 2918 
2918.17 2920.5 2930.4 2904.5 2916.83 2927.17 2920 2921.5 
2921.3 2910.83 2926.83 2920.5 2930.4 2924.17 2919.17 2931 
2911.17 2933.4 2916.5 2933.4 2923.83 2926.5 2933.4 2915.5 
2927.5 2911 2910.3 2924 2933.4 2915 2928.17 2921.5 
2919.83 2930.4 2912.5 2914 2922.83 2926 2921.17 2921 
2922.83 2930.4 2922.5 2908.5 2923.83 2922.3 2907.9 2922.5 
2918.83 2933 2935 2907.7 2933.5 2942.4 2931.5 2938.5 
2933.5 2935.5 2932.5 2910.17 2938.5 2912.83 2932.17 2935.1 
2937.5 2927.83 2914.5 2940.5 2941.3 2941.6 2929.9 2941.6 
2919.5 2932.5 2933.5 2935.17 2938.5 2924 2933.83 2924.5 
2922.83 2939.4 2938 2934.5 2933.83 2927.1 2922 2933.3 
2935 2907.7 2930.3 2932.17 2927.7 2935.5 2911.5 2939.4 
2925.17 2925.5 2910 2908.1 2927 2906.7 2908.5 2913.5 
2935.7 2921.5 2932.17 2924 2930.5 2928.5 2916.5 2904.83 
2905.17 2938.4 2926 2930.1 2937 2911.9 2934.5 2902.5 
2923.5 2934.5 2932 2929 2930.3 2921.5 2926.3 2905.3 
2927.83 2924.83 2924 2920.17 2906.17 2925.17 2930 2923.83 
2915 2932.5 2928 2924.83 2929 2936 2928.3 2923 
2940.5 2932.17 2927.5 2933.9 2930.83 2937 2925.5 2931.5 
2928.5 2930.3 2936.83 2930.5 2937.5 2931.5 2939.5 2912.5 
2937 2934.9 2930 2923.3 2915.17 2933.7 2934.5 2936 
2935.5 2924.83 2934 2927 2931.1 2932.5 2931.5 2933.3 
2937.5 2935.83 2928.5 2936 2938.5 2934.1 2933 2934.17 
2940.17 2927.7 2935.5 2930.17 2933.7 2916.5 2934.17 2937.5 
2928.17 2930.5 2932.5 2933.5 2932.5 2939.83 2927 2940.5 
2934.83 2926.83 2924.5 2934.17 2927.17 2937 2932.9 2929.17 
2931 2936.83 2928 2924.5 2929.5 2937 2938.5 2936.5 
2930 2907.5 2928.83 2927.1 2933.7 2935.1 2932.5 2931.83 
2932.5 2936 2916.5 2934 2924.5 2933.7 2931.3 2927.17 
2930.7 2930.83 2939.5 2929.7 2905.83 2933 2922.83 2932.83 
2939.17 2938.5 2941.83 2937.5 2939 2923.5 2923.3 2940 
2925.83 2941.5 2941.5 2938.5 2932 2933.17 2932.5 2924.17 
2944.1 2937.5 2921.17 2912.1 2931.5 2905.83 2936.5 2937.5 
2915 2932.7 2924.1 2935.17 2925.5 2933.5 2944.1 2924.5 
2906.83 2925.83 2916.17 2935.7 2937.5 2910.5 2920.83 2945.1 
2936.83 2945.1 2945.1 2945.1 2945.1 2945.1 2945.1 2945.1 
2943.2 2943.2 2943.2 2943.2 2943.2 2943.2 2943.2 2943.2 
2943.2 2943.2 2943.2 2943.2 2943.2 2943.2 2943.2 2943.2 
2943.2 2943.2 2943.2 2943.2 2943.2 2943.2 2943.2 2943.2 
2943.2 2943.2 2943.2 2943.2 2943.2 2943.2 2943.2 2943.2 
# LVDC V1 t0 parameters 
2943.8 2943.8 2943.8 2943.8 2943.8 2943.8 2943.8 2943.8 
2943.8 2943.8 2943.8 2943.8 2943.8 2943.8 2943.8 2943.8 
2943.4 2943.4 2943.4 2943.4 2943.4 2943.4 2943.4 2943.4 
2943.4 2943.4 2943.4 2943.4 2943.4 2943.4 2943.4 2943.4 
2942.7 2942.7 2942.7 2942.7 2942.7 2942.7 2942.7 2942.7 
2942.7 2942.7 2937.5 2942.7 2910.83 2942.7 2942.7 2922.5 
2925.5 2932.5 2930.5 2938.5 2935.17 2943.8 2943.8 2906.1 
2923 2921.5 2939.5 2943.8 2929.83 2941.5 2925.5 2933 
2938.3 2937.5 2907.17 2925.5 2932.1 2929 2940.5 2908.17 
2938.5 2937.5 2933.83 2943.5 2934.17 2915.5 2918.83 2929 
2939 2935.5 2942.1 2917.83 2934.17 2937.83 2923.83 2935.83 
2933.3 2932.5 2938.5 2938.5 2946.5 2938 2931.17 2945.4 
2946.9 2928.83 2947.5 2943.3 2931.83 2954.1 2954.1 2942.5 
2947.17 2944 2941.17 2942.1 2954.1 2945 2945 2926.1 
2937.9 2943.17 2941.5 2936 2949 2951.5 2922.5 2948.5 
2943.3 2921.5 2937 2910.17 2941.5 2916 2941.83 2909.5 
2951.17 2935.83 2918 2948.1 2948 2921 2922.3 2948.1 
2927.5 2942.5 2937.83 2928.3 2945 2928 2931.3 2938.5 
2930.5 2918.9 2920.5 2938.5 2906.5 2939.83 2942.17 2935.64 
2935.5 2938.7 2938.5 2941.17 2915.5 2937.5 2944.5 2920.83 
2941.5 2915.83 2943.5 2943.5 2943 2941.5 2910 2939 
2940.17 2942.3 2938.9 2932.5 2935.5 2938.83 2935.7 2910.17 
2945.5 2938.5 2943 2916 2939.83 2913.5 2936.5 2937.17 
2934.83 2938.83 2940.5 2939.83 2945.4 2921.7 2924.5 2945.4 
2947.5 2946.5 2939.9 2943.3 2933.9 2948.5 2908 2931.83 
2952.2 2944.83 2946.5 2946 2944.3 2945.3 2932.5 2952.2 
2917.5 2921.3 2929.5 2949.83 2944.5 2940.17 2936.83 2945.5 
2948.5 2942.5 2905 2936.5 2927.1 2943 2927.83 2929 
2937 2944.3 2943.83 2930.83 2942.7 2950.3 2937.83 2942.5 
2941.5 2938.5 2947.5 2943.17 2932.3 2938.17 2905.5 2950.7 
2947.7 2946.5 2933.5 2932.9 2938.5 2944.5 2945 2939.7 
2941.3 2942.5 2940.1 2943.5 2943 2937 2945.5 2940.5 
2910 2939.9 2911.5 2947.5 2948.7 2942.7 2934 2948.17 
2945.83 2949.5 2943.5 2946.5 2933.9 2943.5 2940.3 2944.7 
2923.5 2946.5 2945.17 2942.17 2948 2949 2953 2955.3 
2946.5 2949.5 2944.1 2944.36 2926.5 2922.83 2943.5 2925.5 
2949.9 2959.17 2956 2947.17 2947.17 2954.17 2949.5 2941 
2947.17 2952.3 2948 2944.83 2916.83 2943.5 2945.5 2945.7 
2950.5 2936.5 2946.3 2942.1 2944.5 2948.5 2915.5 2916.5 
2949.5 2908.17 2936.5 2954.5 2954.5 2954.5 2954.5 2954.5 
2954.4 2954.4 2954.4 2954.4 2954.4 2954.4 2954.4 2954.4 
2954.4 2954.4 2954.4 2954.4 2954.4 2954.4 2954.4 2954.4 
2952.5 2952.5 2952.5 2952.5 2952.5 2952.5 2952.5 2952.5 
2952.5 2952.5 2952.5 2952.5 2952.5 2952.5 2952.5 2952.5 
2952.5 2952.5 2952.5 2952.5 2952.5 2952.5 2952.5 2952.5 
2952.5 2952.5 2952.5 2952.5 2952.5 2952.5 2952.5 2952.5 
# LVDC V2 t0 parameters 
2945.8 2945.8 2945.8 2945.8 2945.8 2945.8 2945.8 2945.8 
2945.8 2945.8 2945.8 2945.8 2945.8 2945.8 2945.8 2945.8 
2939.7 2939.7 2939.7 2939.7 2939.7 2939.7 2939.7 2939.7 
2939.7 2939.7 2939.7 2939.7 2939.7 2939.7 2939.7 2939.7 
2942.4 2942.4 2942.4 2932.83 2909.83 2915.83 2916.83 2933 
2910.5 2942.4 2926.83 2935.17 2924.83 2910.5 2918.83 2942.4 
2936.17 2928.5 2916.5 2930.83 2920 2935.5 2940.7 2940.7 
2924.5 2940.7 2929.17 2933.17 2932.17 2940.7 2913.5 2936.5 
2932 2943 2943 2921.9 2931.5 2925.5 2943 2936.5 
2931.5 2925 2910.17 2931 2906.83 2915.17 2936 2931.83 
2936.5 2916.83 2921.5 2934 2907.17 2935.5 2923.1 2934.5 
2936.17 2933.5 2942.4 2909.83 2926.5 2932 2927 2908.17 
2945.17 2950.5 2912.83 2918.3 2937.83 2937.17 2932.5 2932.5 
2906.5 2947 2939.5 2921.17 2932.5 2938.83 2908 2919.83 
2944.83 2941 2928.83 2938.5 2928 2915.83 2935.83 2920.83 
2935 2910.5 2933.9 2904.9 2935.17 2918.83 2939.1 2936.5 
2920.17 2933.83 2933.5 2933.5 2916.83 2930.83 2926.5 2930.83 
2931 2931.5 2929 2920.17 2924.5 2927.5 2924.5 2931.1 
2919.5 2931.5 2937.83 2939.5 2924.17 2936.7 2926.83 2933 
2932.3 2920.5 2909.17 2914.5 2922.5 2938.5 2927.83 2931.17 
2938.5 2935 2934.5 2931 2936.17 2906.5 2934.5 2936.83 
2928.1 2925 2932 2902.9 2926 2925.17 2927.5 2907.17 
2922.9 2921 2939.17 2935.9 2932 2936.5 2934 2934.5 
2923.5 2931.3 2929.5 2940.8 2933.5 2929.5 2935.5 2904.9 
2924.83 2938.9 2936.5 2939 2941 2937.5 2915.5 2928 
2928.17 2908 2943 2940.5 2925.83 2937.5 2945.3 2938 
2923.5 2924 2918 2919.83 2940.17 2931.5 2932.17 2933.3 
2933.3 2934 2935.5 2910.9 2930.5 2926.17 2924.5 2938 
2912 2934 2935.5 2936.5 2941.9 2927.5 2941.17 2927 
2916 2931.83 2941 2938.17 2933.1 2936.7 2941.5 2941 
2944.5 2925.83 2907.5 2910.5 2934 2926.7 2939.5 2925.9 
2931.5 2914.83 2939 2937.5 2930.5 2921.83 2941.5 2934.5 
2934.9 2935.7 2941.5 2945.4 2935.5 2936.9 2939.5 2945.4 
2937 2941.5 2936.3 2936.5 2936.5 2926.83 2939.5 2920.5 
2936 2933.3 2910.17 2911.83 2939 2932 2940.83 2940.83 
2931.5 2929.64 2943.5 2933.5 2943.5 2909.17 2928.9 2906.5 
2948.5 2941.5 2935.9 2925.83 2945 2936.5 2946 2934 
2921.9 2907.17 2915.5 2941.5 2923.5 2934.7 2913 2913.5 
2944.3 2939.83 2938.5 2910.17 2947.3 2922.5 2937.5 2936.5 
2912.5 2947.3 2937 2940.5 2942 2917 2932 2933 
2945.17 2934.83 2903.5 2929.5 2950.9 2936.83 2912.5 2950.9 
2950.9 2950.9 2950.9 2950.9 2950.9 2950.9 2950.9 2950.9 
2952.3 2952.3 2952.3 2952.3 2952.3 2952.3 2952.3 2952.3 
2952.3 2952.3 2952.3 2952.3 2952.3 2952.3 2952.3 2952.3 
2942.4 2942.4 2942.4 2942.4 2942.4 2942.4 2942.4 2942.4 
2942.4 2942.4 2942.4 2942.4 2942.4 2942.4 2942.4 2942.4 
