# RVDC U1 t0 parameters T0 Error 
0 0 0 0 0 0 0 0 
0 0 0 0 0 0 0 0 
0 0 0 0 0 0 0 0 
0 0 0 0 0 0 0 0 
0 0 0 0 0 0 0 2.76455 
2.76455 4.27895 1.88389 3.53159 1.8235 0.951057 0.951057 3.43295 
0 0 0 0 0.536656 0.982114 0 2.23357 
5.21886 0.951057 1.30656 2.15154 2.48069 4.11439 2.834 4.60056 
3.64933 3.88581 1.40833 1.43324 1.8235 3.51257 1.46302 4.18838 
1.30656 1.46302 6.84075 0.536656 9.0729 1.44016 5.39001 0.358162 
5.72194 5.39001 0.762871 4.37696 0 4.58258 7.494 0.681626 
4.63885 3.18707 3.47555 2.74597 1.60694 8.08515 2.48069 1.21656 
2.834 5.8586 3.64933 3.53159 1.26206 5.03127 16.8199 7.9576 
2.68135 4.18838 2.48069 8.55939 6.67685 1.69678 9.94544 3.53159 
6.84075 12.6496 1.40833 6.84075 1.73567 13.745 2.15154 4.09101 
6.13969 0 0 2.15154 6.10432 7.09561 2.68135 4.27906 
6.26281 0.951057 4.26367 5.8586 5.39001 6.28642 1.48856 1.8235 
4.09101 1.8235 7.21119 11.1703 13.3887 1.46302 9.0729 1.44016 
4.21768 5.03127 3.51406 2.56737 6.26281 0.982114 1.30656 6.26281 
0.932422 2.48051 5.03127 1.09689 2.57881 1.89021 5.81656 1.46302 
6.26281 16.0153 2.45689 2.68135 0.379886 0 3.47325 0.653281 
7.9576 0 2.10819 10.5618 0.430331 4.86209 7.21119 8.71942 
3.88581 2.05427 4.21768 2.74695 0.982114 1.96567 7.16707 3.39411 
6.10432 8.55939 1.96567 1.87467 1.60541 1.96567 2.60726 3.40369 
2.82505 2.10819 5.039 1.11536 1.60541 6.13969 9.41238 6.10432 
2.88347 2.42369 6.67685 0.598324 10.0536 7.09561 2.834 3.64933 
12.891 5.40453 0.832122 4.21768 1.96567 2.37103 7.494 0.762871 
18.9031 3.47325 2.44949 1.345 1.96567 12.0642 5.4451 2.56737 
2.64182 3.67111 2.30479 4.60056 8.04668 4.55077 4.60056 3.59815 
2.15154 4.22958 12.0642 2.42369 4.26367 9.49604 1.48856 4.52104 
1.75901 0 3.0769 0 2.48051 4.86209 10.501 4.85492 
1.43324 1.75901 2.03933 0.482068 3.51257 4.52104 1.27682 1.26206 
1.36413 4.18838 22.8189 4.60056 11.4728 0.646128 2.58199 3.9629 
0.982114 3.88581 1.0492 2.05396 4.26367 3.7852 5.39001 2.2621 
5.039 2.15154 7.6356 2.74695 3.47555 5.39001 7.492 10.7388 
4.55077 6.6229 2.56737 3.94541 2.80614 0.524599 8.31021 1.41068 
3.51257 1.2682 4.21768 2.31183 2.834 6.88815 2.30479 2.30479 
1.60541 1.44183 2.19831 5.8586 1.40833 1.22474 1.30656 5.21886 
5.39001 1.48856 2.10819 5.72194 1.88389 9.55595 1.29267 5.09877 
0.536656 3.64933 7.02947 0 5.65685 3.0075 1.49071 1.90459 
0 0 0 0 0 0 0 0 
0 0 0 0 0 0 0 0 
0 0 0 0 0 0 0 0 
0 0 0 0 0 0 0 0 
0 0 0 0 0 0 0 0 
0 0 0 0 0 0 0 0 
# RVDC U2 t0 parameters T0 Error 
0 0 0 0 0 0 0 0 
0 0 0 0 0 0 0 0 
0 0 0 0 0 0 0 0 
0 0 0 0 0 0 0 0 
2.89278 2.44949 1.30656 4.27895 1.90459 1.8235 2.44949 0 
0 1.8235 2.89278 5.65685 0 0 0.982114 2.48069 
2.76455 2.48069 3.53159 3.06663 1.49071 2.23357 1.44016 0 
2.48069 1.43324 3.53159 1.30656 1.01835 4.60056 0.707107 10.064 
4.11439 0 1.8235 0 4.27895 0 11.4399 1.30656 
6.75779 1.8235 3.18707 1.29267 0 0.524599 0 3.64933 
1.89021 3.11386 5.39001 5.39001 1.49071 6.05813 2.834 5.39001 
3.67111 4.21768 0.681626 2.48069 0 1.8235 1.19166 4.18838 
13.3218 9.94544 7.09561 9.94544 7.09561 7.66927 1.8235 0 
3.17779 4.60056 2.48069 2.17162 7.492 9.55595 4.27906 7.66927 
5.53413 2.834 2.76455 1.11536 2.30479 13.3218 6.13969 3.64933 
4.63885 7.492 4.11439 15.2021 3.47555 1.43324 1.60541 2.31183 
3 2.15154 2.76455 0 0.423443 3.59815 6.37802 1.89021 
3.13031 0 2.68135 3.18707 0.57735 5.11081 2.10819 5.11081 
0.781387 3.05511 7.21119 2.68135 2.85543 8.47163 2.10819 0.985211 
2.834 2.30479 5.11081 4.4479 2.10819 2.56737 4.26367 2.10693 
1.90459 12.6496 13.3887 2.17162 1.29267 5.039 5.72194 3.88581 
3.10371 14.7354 9.94544 2.60726 3.18707 2.834 1.60541 2.03933 
12.0642 2.64182 1.29267 1.60694 6.26281 2.37134 1.30656 8.08462 
0.646128 0 1.27682 1.43324 0.778466 2.07356 0 5.87985 
1.87467 0.57735 0.985211 3.11386 0.646128 1.79085 0 2.10693 
5.39001 4.21768 9.19888 3.40369 1.46302 5.72194 4.17871 5.8586 
3.48159 3.89026 2.3988 0.781387 2.74597 3.67111 4.18838 7.9576 
2.31183 3.13031 8.31021 2.60726 0.57735 8.71942 5.11081 2.03933 
3.13031 2.834 4.4952 1.60541 5.4451 9.94544 9.49604 2.17162 
8.31021 12.3134 3.53159 6.26281 1.26206 3.10371 5.8586 1.49071 
5.13616 0.57735 9.41238 3.71691 3.05511 2.48051 1.09689 3.88581 
6.03438 6.75524 5.03127 1.48856 11.1703 7.16707 2.50954 4.63885 
4.55077 4.11439 6.75524 0.762871 4.30632 8.71942 6.75524 2.63561 
1.36413 14.7354 14.755 1.75398 4.85492 5.039 4.63885 2.03933 
2.85543 6.12404 7.62194 2.60726 1.96567 2.27297 2.5151 1.26206 
2.84572 2.12202 14.3084 2.91406 4.21768 3.9629 2.37103 2.62149 
3.9629 1.89445 4.18135 11.4728 1.72765 3.0769 6.8328 3.59815 
2.74597 13.6646 0 4.86209 3.40369 1.75398 4.63885 1.43324 
1.89021 4.4952 1.87467 2.17162 0.778466 2.37134 2.48069 2.48069 
10.5618 0.536656 5.72194 1.89021 1.11536 5.21886 2.84572 1.40833 
7.02947 2.63809 1.01835 2.44949 0 0.982114 4.27895 1.01835 
1.75398 3.61068 2.76455 4.27895 0 0.707107 0 0 
0 0 0 0 0 0 0 0 
0 0 0 0 0 0 0 0 
0 0 0 0 0 0 0 0 
0 0 0 0 0 0 0 0 
# RVDC V1 t0 parameters T0 Error 
0 0 0 0 0 0 0 0 
0 0 0 0 0 0 0 0 
0 0 0 0 0 0 0 0 
0 0 0 0 0 0 0 0 
0 0 0 2.76455 0 0 0 0 
2.89278 2.89278 0 1.49071 5.09877 0 2.23357 4.37696 
1.40833 4.27895 1.01835 6.75779 4.27895 2.68135 0 0 
5.65685 6.75779 4.11439 2.34487 0 2.31183 4.27895 4.11439 
11.4399 12.6496 2.74597 3.0075 4.86209 1.30656 6.13969 5.65685 
3.56009 6.84075 3.51257 2.68135 2.31183 2.15154 0.762871 0.762871 
0 1.90459 0.985211 0 4.11439 4.4952 0.778466 0.985211 
2.63809 4.60056 4.11439 0 6.84075 15.2021 1.83152 2.10819 
6.75524 1.40833 0 3.47555 1.29267 2.68135 6.84075 3.53159 
4.63885 12.6496 6.10432 3.03895 5.39001 7.494 0.430331 1.83152 
10.7388 6.10432 5.18416 2.80614 6.84075 3.11386 0.707107 0.430331 
2.60726 1.22474 3.47555 2.10693 3.12289 1.89021 8.71942 13.745 
7.09561 0.932422 1.1262 4.60056 1.60694 3.95016 1.09689 7.62194 
5.53413 3.13031 1.82428 0.707107 8.71942 1.78004 0.430331 2.60726 
7.494 0.707107 6.67685 7.494 4.86209 5.8586 4.11439 1.43324 
8.71942 3.88581 0.866189 2.37134 2.15154 0 2.56737 1.78004 
3.43295 1.89021 4.11439 3.88581 2.21437 4.4952 3.0769 7.21119 
5.21886 0.57735 0.646128 5.11081 3.39411 6.13969 0.778466 8.63314 
2.60726 2.15154 2.56737 3.10371 2.17162 3.95016 6.26281 1.26206 
0.892755 3.10371 5.40453 3.0075 6.84075 2.42369 7.9576 4.21768 
0.267078 9.0729 1.75082 3.47325 1.18297 3.88581 3.56676 0.941945 
1.41068 4.21768 0.302707 6.75524 1.87467 4.26367 10.5618 3.51257 
11.4399 4.21768 1.48856 2.31183 9.41238 3.05511 4.18838 4.0487 
2.03933 7.16707 4.92278 6.20482 6.13969 7.16707 2.60726 3.95016 
3.13031 6.13969 4.52104 4.30632 4.63885 2.30479 2.30479 5.03127 
1.43324 3.61762 0.681626 0.982114 5.81656 4.18838 2.17162 3.28 
2.74597 1.29267 6.44813 0.423443 1.78548 2.63561 2.15154 4.85492 
5.53478 2.834 7.62194 3.3368 7.54294 3.95016 5.39001 5.72194 
2.17162 3.39411 1.69678 5.74395 1.89021 12.0111 5.06933 9.76066 
3.47555 12.0111 12.891 5.58198 4.55077 3.53159 2.48069 3.40369 
2.74695 6.35756 1.45584 3.18049 6.67685 2.42369 4.03627 5.07645 
5.87985 10.6809 3.13031 1.53819 5.58198 7.62194 3.67111 2.45689 
1.89021 3.7286 1.75082 4.62795 12.0642 1.94874 10.064 3.28 
0 9.19888 3.47325 4.60056 1.29267 0 4.11439 3.47555 
14.7354 2.34487 1.30656 0.982114 0 1.30656 5.11081 1.49071 
6.75779 3.53159 0.707107 1.8235 2.76455 2.89278 0.707107 0 
0 0 0 0 0 0 0 0 
0 0 0 0 0 0 0 0 
0 0 0 0 0 0 0 0 
0 0 0 0 0 0 0 0 
0 0 0 0 0 0 0 0 
0 0 0 0 0 0 0 0 
# RVDC V2 t0 parameters T0 Error 
0 0 0 0 0 0 0 0 
0 0 0 0 0 0 0 0 
0 0 0 0 0 0 0 0 
0 0 0 0 0 0 1.90459 3.53159 
2.89278 0.707107 0 2.44949 5.65685 1.01835 1.82428 4.37696 
1.75398 1.30656 0 6.10432 0.536656 1.01835 6.75779 4.27895 
0 0.536656 1.82428 1.49071 2.89278 1.89021 3.51257 5.77878 
6.10432 4.63885 2.07356 4.11439 4.18838 2.834 9.55595 7.9576 
1.46302 2.10819 5.11081 2.89278 1.8235 2.44949 5.09877 1.01835 
0.681626 9.55595 3.17779 3.88235 1.46302 2.10693 0 5.21886 
7.09561 0 6.75779 5.09877 1.90459 1.88389 2.17162 0.788403 
2.834 1.82428 5.11081 1.94874 0.951057 0.549342 4.60056 4.09101 
5.65685 1.11536 1.89021 3.56009 4.03627 3.0075 1.43324 5.21886 
1.40833 3.79645 2.63809 1.08766 3.39411 4.37696 9.94544 1.43324 
2.50954 5.09877 5.03127 9.94544 1.40833 3.17779 0.781387 4.63885 
3.88581 11.1703 6.88815 1.44016 0.358162 3.88581 9.0729 3.47555 
12.6496 3.18049 1.89021 7.66927 4.21768 2.68135 0.951057 14.755 
7.9576 0.267078 4.63885 0.781387 18.2842 4.4952 0.536656 2.834 
1.01835 0.707107 1.48856 2.80614 1.11536 1.30656 6.92155 0.681626 
5.72194 7.9576 0 2.31183 1.78004 0.985211 6.05813 3.13031 
6.20482 5.77878 3.11386 0.430331 6.10432 4.60056 8.63314 6.13969 
5.72194 2.10693 16.8199 5.03127 5.039 3.06663 0.982114 6.13969 
2.68135 5.39001 1 4.18838 1.8235 3.53159 26.0843 3.79645 
1.48263 5.39001 2.82505 3.11386 3.67111 0.781387 7.66927 1.60541 
2.10693 7.492 2.63561 9.0729 4.72159 4.22958 0.866189 4.86209 
1.75082 1.69678 0.788403 1.60694 5.039 7.6356 6.13969 4.55077 
4.21768 0 1.87467 2.76455 5.039 4.37696 0 1.83152 
1.69678 2.834 2.30479 1.09689 2.57881 4.72159 2.10693 4.0891 
2.62149 9.55595 1.43324 3.64933 3.11386 1.79085 16.8199 0.918695 
6.10432 2.03933 2.834 10.7388 7.16707 6.87437 3.0769 5.4451 
3.11386 1.44674 9.07326 5.74395 5.18416 5.03127 4.86209 4.14433 
1 2.82505 7.07898 1.87467 0.690047 1.29267 1.60694 1.75082 
4.85492 8.71942 8.41245 3.88581 3.51257 5.18416 4.55077 8.04875 
1.96567 2.45689 3.15362 3.27746 2.48069 0.646128 12.891 1.78004 
12.3942 1.21656 4.17871 2.45689 3.91616 2.834 2.55647 0 
10.6537 3.0769 9.92799 4.60056 1.87467 5.09877 1.48856 4.55077 
1.69678 5.039 2.5151 1.69678 6.28642 3.59815 7.492 10.7388 
2.03933 1.36413 2.42369 1.94874 3.18713 7.16707 3.64933 2.03933 
1.19166 2.10819 5.81656 4.60056 6.28642 0.788403 3.39411 3.64933 
6.84075 0 7.9576 2.23357 3.95016 0.707107 0.982114 7.9576 
3.0075 0.707107 3.43295 0.982114 0.951057 0 1.88389 8.41245 
0 0 1.30656 0 0 0 0 0 
0 0 0 0 0 0 0 0 
0 0 0 0 0 0 0 0 
0 0 0 0 0 0 0 0 
0 0 0 0 0 0 0 0 
# LVDC U1 t0 parameters T0 Error 
0 0 0 0 0 0 0 0 
0 0 0 0 0 0 0 0 
0 0 0 0 0 0 0 0 
0 0 0 0 0 0 0 0 
0 0 0 0 0 0 0 0 
0 0 0 0 0 0 0 0 
4.27895 4.27895 1.01835 1.49071 4.27895 2.89278 0 3.53159 
4.27895 0 0 1.88389 0 0.951057 5.65685 2.89278 
0 0.982114 8.41245 0.951057 0 1.88389 0.951057 2.23357 
1.30656 1.75398 0 2.68135 3.64933 1.89021 0 1.08766 
2.68135 3.53159 1.30656 3.43295 0 1.89021 0 0.707107 
0 1.82428 2.44949 0 6.75779 9.55595 1.88389 3.53159 
0.707107 9.55595 1.01835 3.53159 0.982114 1.82428 0.536656 6.10432 
1.82428 7.66927 8.41245 4.4479 1.82428 0 1.90459 1.8235 
0.951057 0 1.40833 0.707107 0.982114 3.53159 2.68135 0 
1.90459 0 5.11081 5.77878 2.89278 0.982114 0.681626 5.09877 
3.11386 0.781387 0.707107 0 2.68135 0 0.707107 2.76455 
9.55595 2.68135 1.75901 2.68135 1.30656 0 2.68135 5.77878 
2.68135 3.0075 2.68135 2.38483 2.76455 11.4399 0 0 
3.11386 4.11439 0 5.09877 0 2.89278 3.43295 0 
4.60056 3.06663 1.01835 5.09877 0.536656 1.88389 3.11386 0.536656 
4.27895 1.8235 11.4399 4.18838 3.43295 0 4.27895 7.9576 
2.10693 1.43324 2.10693 4.27895 0 5.72194 1.8235 2.63809 
3.88235 6.84075 2.834 3.47555 0.951057 0.646128 0 2.10693 
9.55595 0.536656 3.0075 1.40833 1.08766 0.536656 3.11386 0.781387 
3.53159 7.9576 2.10819 1.88389 1.8235 9.55595 10.064 4.60056 
3.0075 2.68135 1.82428 1.89021 12.6496 4.11439 2.89278 9.55595 
2.834 0.430331 1.89021 1.8235 3.17779 3.53159 1.44016 3.53159 
4.27895 9.55595 4.60056 0.681626 5.77878 0.982114 10.064 2.10819 
4.11439 5.77878 1.75398 4.27895 7.9576 5.21886 0 0.707107 
1.43324 0.681626 1.89021 4.22958 0 8.41245 1.46302 7.66927 
0.681626 0 0.762871 2.60726 1.40833 0.707107 2.44949 2.10693 
3.17779 4.27895 4.86209 9.0729 1.88389 11.4399 4.60056 1.11536 
0.536656 0.430331 12.6496 1.8235 6.67685 4.11439 5.65685 3.06663 
2.31183 6.13969 1.49071 0.536656 12.6496 4.11439 1.46302 3.06663 
16.0153 6.88815 2.44949 6.84075 3.11386 0.681626 1.89021 0.982114 
1.30656 2.834 1.8235 0 1.49071 6.75779 2.48069 2.74597 
0.951057 5.09877 6.37802 1.8235 2.89278 0 0 0.707107 
1.40833 1.88389 0 0 2.89278 1.88389 0 1.8235 
4.37696 0 1.88389 1.8235 2.44949 0 0 0 
0 0 0 0 0 0 0 0 
0 0 0 0 0 0 0 0 
0 0 0 0 0 0 0 0 
0 0 0 0 0 0 0 0 
0 0 0 0 0 0 0 0 
0 0 0 0 0 0 0 0 
# LVDC U2 t0 parameters T0 Error 
0 0 0 0 0 0 0 0 
0 0 0 0 0 0 0 0 
0 0 0 0 0 0 0 0 
0 0 0 0 0 0 0 0 
0 0 0 0 0 0 2.76455 1.90459 
0 2.76455 1.49071 1.01835 0 0 1.01835 0 
2.76455 2.44949 2.44949 1.30656 0.707107 1.49071 3.61068 1.88389 
0 0 1.01835 0 4.27895 4.27895 2.89278 0 
0 5.77878 1.30656 3.53159 1.97442 1.82428 1.30656 2.23357 
2.44949 0 2.89278 2.68135 6.75779 2.76455 6.75779 0.982114 
0.707107 4.27895 0 5.65685 1.49071 1.8235 0.951057 1.75901 
0.707107 5.11081 0 0 0 1.75398 2.44949 1.30656 
0 2.68135 7.66927 4.37696 0 1.30656 3.11386 5.09877 
1.49071 1.30656 2.10693 2.10693 5.09877 0.707107 5.09877 4.27895 
1.75398 3.06663 2.89278 0 3.53159 5.09877 4.27895 3.43295 
0.982114 1.01835 3.88235 5.09877 0 6.75779 6.75779 0.951057 
0 2.48069 0.951057 1.8235 11.4399 2.68135 3.11386 0 
6.75779 1.29267 3.64933 5.65685 3.0075 3.51257 3.0075 3.11386 
0.707107 0.951057 2.89278 1.01835 0.982114 2.34487 0 3.53159 
6.75779 6.75779 0.707107 1.89021 1.40833 0 2.89278 2.07356 
0 1.75398 5.11081 0 10.064 0 0 0 
2.76455 3.43295 1.82428 0 3.56009 5.77878 2.76455 2.68135 
3.43295 0 0 4.11439 6.75779 0 1.01835 11.4399 
0.536656 0.536656 1.40833 0.982114 4.37696 0 1.01835 2.23357 
4.63885 0 1.46302 1.89021 9.55595 0.985211 3.11386 4.11439 
14.7354 9.55595 5.53413 2.76455 0 2.15154 1.29267 0 
2.44949 0 7.9576 11.4399 0.536656 4.11439 4.11439 1.08766 
1.11536 1.8235 1.90459 0.951057 0 1.40833 0.707107 3.0075 
0 0.536656 1.49071 1.8235 3.53159 0.982114 0.781387 3.88235 
3.64933 7.9576 5.11081 8.41245 1.82428 3.06663 3.88235 2.89278 
0 1.30656 5.72194 1.88389 1.44016 0 3.47555 1.30656 
9.55595 0 3.0075 0.982114 6.10432 0.430331 2.68135 0.707107 
2.48069 5.72194 0 6.75779 14.7354 10.064 1.49071 8.39833 
2.38483 5.21886 2.89278 0 8.41245 1.89021 0.951057 3.43295 
3.47555 3.06663 8.39833 7.66927 5.65685 1.89021 3.11386 0.536656 
2.834 2.89278 5.65685 2.10693 7.66927 0.524599 7.09561 7.66927 
2.55647 9.55595 7.9576 3.11386 1.88389 4.18838 3.10371 4.60056 
0 6.13969 3.64933 0 0 1.90459 7.02947 5.21886 
0 1.8235 0 3.61068 3.51257 6.75779 0 3.43295 
0 3.53159 1.89021 1.01835 0 0.707107 5.09877 1.8235 
2.68135 4.37696 5.65685 4.27895 0.707107 1.90459 0 0 
0 0 0 0 0 0 0 0 
0 0 0 0 0 0 0 0 
0 0 0 0 0 0 0 0 
0 0 0 0 0 0 0 0 
0 0 0 0 0 0 0 0 
# LVDC V1 t0 parameters T0 Error 
0 0 0 0 0 0 0 0 
0 0 0 0 0 0 0 0 
0 0 0 0 0 0 0 0 
0 0 0 0 0 0 0 0 
0 0 0 0 0 0 0 0 
0 0 0 0 0 0 1.01835 1.49071 
1.01835 3.53159 4.37696 0 0.536656 0 2.44949 2.76455 
1.90459 1.01835 1.01835 5.65685 1.88389 2.89278 6.75779 0.951057 
0 0 5.09877 1.90459 2.76455 0 0.707107 1.40833 
3.0075 1.88389 0 3.53159 3.43295 0 0 8.41245 
0 3.43295 3.53159 0 2.89278 7.02947 6.84075 1.49071 
0 0.951057 6.10432 5.65685 1.89021 0 1.30656 5.11081 
11.4399 2.68135 2.23357 7.66927 0.951057 0 3.43295 3.11386 
1.8235 4.11439 2.23357 4.37696 8.41245 2.76455 3.53159 5.09877 
0 6.75779 3.06663 5.21886 4.27895 8.41245 5.11081 5.11081 
7.66927 1.40833 6.10432 4.11439 4.37696 7.66927 0.985211 1.44016 
8.41245 11.4399 0.982114 1.30656 2.23357 5.11081 2.76455 7.66927 
0 4.27895 0 2.68135 6.75779 1.60694 1.89021 0.536656 
1.30656 5.65685 7.66927 5.21886 4.27895 2.89278 3.11386 1.82428 
9.55595 5.21886 8.39833 2.89278 0.982114 3.0075 3.64933 7.66927 
1.89021 3.17779 1.69678 5.11081 1.8235 3.17779 3.51257 4.11439 
0.681626 6.10432 7.09561 2.48069 2.48069 0.951057 9.55595 0 
0.536656 5.11081 7.66927 3.53159 0 2.10693 0.781387 2.63809 
4.86209 2.10693 2.23357 3.0075 2.10693 0 7.9576 1.89021 
7.66927 7.66927 0.982114 5.65685 1.29267 1.8235 3.51257 0 
4.86209 6.10432 0.707107 2.23357 1.30656 1.01835 1.82428 10.5618 
1.09689 2.74597 5.09877 0 4.60056 6.75779 3.43295 1.30656 
1.87467 1.75901 4.11439 3.64933 0 1.82428 9.55595 1.40833 
5.65685 4.63885 1.90459 5.39001 0 7.66927 0.681626 6.75779 
1.75901 7.9576 1.30656 2.10693 6.10432 4.60056 0.524599 0 
4.09101 4.11439 0.982114 2.834 4.86209 7.02947 2.10693 5.27876 
4.37696 0 5.09877 7.09561 2.834 1.18297 0 3.53159 
1.8235 3.17779 4.11439 6.84075 1.11536 3.53159 2.48069 2.89278 
2.50954 1.88389 3.11386 12.6496 1.29267 1.29267 1.49071 0.707107 
3.61068 4.27895 1.87467 1.18297 12.6496 4.37696 11.7132 3.06663 
9.94544 3.88581 5.39001 1.89021 3.53159 9.0729 6.10432 1.29267 
0 11.4399 1.30656 3.43295 14.7354 3.11386 7.02947 7.02947 
5.09877 1.82428 2.10693 6.10432 3.11386 6.75779 0.982114 3.43295 
2.68135 1.8235 0 1.8235 0 2.89278 4.27895 5.65685 
0 0 0 0 0 0 0 0 
0 0 0 0 0 0 0 0 
0 0 0 0 0 0 0 0 
0 0 0 0 0 0 0 0 
0 0 0 0 0 0 0 0 
0 0 0 0 0 0 0 0 
0 0 0 0 0 0 0 0 
# LVDC V2 t0 parameters T0 Error 
0 0 0 0 0 0 0 0 
0 0 0 0 0 0 0 0 
0 0 0 0 0 0 0 0 
0 0 0 0 0 0 0 0 
0 0 0 2.76455 1.90459 0 2.44949 1.01835 
0 0 0 0 1.30656 0 1.01835 1.88389 
1.01835 4.27895 4.11439 1.01835 2.76455 0 0 1.30656 
1.49071 5.65685 0 2.76455 0 5.65685 1.49071 1.01835 
0 0 8.41245 1.90459 1.30656 3.43295 0.951057 1.88389 
1.46302 5.09877 4.27895 4.4479 1.29267 0 1.88389 8.41245 
1.01835 3.53159 3.64933 3.06663 1.49071 8.41245 1.30656 6.75779 
2.89278 5.09877 0.707107 0 4.37696 4.27895 6.75779 2.23357 
4.37696 1.75398 1.88389 2.44949 1.40833 2.10693 5.77878 5.65685 
7.02947 1.75398 4.27895 1.8235 3.61068 1.49071 1.8235 2.89278 
0.982114 4.27895 2.68135 1.01835 1.49071 1.01835 0.707107 1.40833 
1.75901 5.77878 0 4.27895 4.27895 8.41245 4.27895 1.30656 
1.11536 2.89278 1.8235 0 2.68135 1.8235 4.86209 3.0075 
3.11386 0.951057 4.27895 1.82428 3.06663 1.90459 5.77878 0 
9.55595 1.01835 5.11081 0 3.61068 4.27895 1.08766 6.10432 
5.09877 2.10693 1.89021 7.66927 1.8235 7.66927 0 11.4399 
3.61068 1.88389 0 5.11081 2.68135 2.76455 6.75779 1.30656 
5.09877 11.4399 0.536656 2.48069 2.68135 1.8235 3.53159 8.41245 
0 1.29267 0 0 1.40833 10.064 5.09877 0 
1.89021 2.68135 3.11386 5.09877 2.23357 4.11439 2.68135 2.68135 
7.02947 0.707107 0 5.77878 1.89021 1.89021 2.44949 2.76455 
1.82428 5.77878 2.68135 3.64933 3.43295 0 0 4.37696 
5.11081 0 3.0075 1.30656 1.30656 2.48069 0 0.536656 
0.985211 3.06663 3.0075 2.48069 2.48069 1.75398 2.89278 1.29267 
0 3.0075 3.53159 1.30656 5.09877 0 1.89021 0.681626 
9.55595 5.09877 1.8235 1.90459 2.68135 1.29267 0 1.88389 
2.15154 7.66927 2.89278 4.37696 6.75779 5.09877 0 6.84075 
0.781387 7.09561 5.09877 5.09877 3.43295 11.4399 2.10693 2.48069 
4.18838 7.02947 0.985211 3.11386 2.44949 0 1.40833 9.55595 
1.90459 5.21886 7.66927 3.64933 0.985211 7.9576 1.82428 6.75779 
1.11536 0 5.65685 6.10432 3.11386 2.10693 1.89021 5.09877 
1.82428 5.21886 5.72194 5.11081 3.11386 2.44949 5.09877 0 
2.89278 9.55595 0.681626 1.8235 4.11439 2.834 4.60056 1.88389 
1.40833 1.8235 2.76455 2.44949 1.44016 2.44949 1.49071 5.11081 
8.41245 0 1.8235 7.02947 8.41245 1.49071 1.49071 1.88389 
1.90459 0 1.90459 0.536656 0.536656 0 4.27895 1.89021 
1.88389 1.88389 0 3.61068 1.90459 2.89278 0 0 
0 0 0 0 0 0 0 0 
0 0 0 0 0 0 0 0 
0 0 0 0 0 0 0 0 
0 0 0 0 0 0 0 0 
0 0 0 0 0 0 0 0 
