# RVDC U1 t0 parameters 
2644 2644 2644 2644 2644 2644 2644 2644 
2644 2644 2644 2644 2644 2644 2644 2644 
2644 2644 2644 2644 2644 2644 2644 2644 
2644 2644 2644 2644 2644 2644 2644 2644 
2643.1 2643.1 2643.1 2643.1 2643.1 2643.1 2643.1 2643.1 
2641.17 2643.1 2635 2639 2616.17 2633.17 2604.5 2603.5 
2621.5 2643.4 2625.5 2634.5 2630.5 2619.5 2605.3 2645.5 
2633.5 2625.17 2636 2640.5 2636.7 2629.7 2630.9 2621.5 
2643.1 2638.9 2625.5 2631.5 2626.5 2638.5 2624.5 2634 
2636.17 2621.83 2637 2628.3 2636.5 2633.83 2637.7 2634.83 
2633.5 2629.9 2614.3 2635.1 2607.83 2634 2623 2630 
2628.83 2633.83 2625.5 2627.5 2630 2622.17 2627.7 2633.5 
2641.7 2639.17 2637.17 2641 2625.5 2643 2636.5 2603.3 
2635.17 2620.83 2636.5 2641.5 2636.83 2634.5 2635.5 2636 
2629 2642.83 2618.3 2638.17 2631.83 2628.5 2634.1 2640.5 
2636.83 2637.5 2636.5 2642.07 2637.5 2604.1 2638.3 2614.93 
2639.17 2650.17 2646 2642.5 2637.1 2639.17 2637 2638.5 
2642.5 2641.79 2610.7 2640.1 2634.79 2639.1 2641.64 2639.9 
2643.3 2610.17 2609.5 2633.5 2641 2635.7 2604.83 2629 
2638.5 2639.07 2636.9 2637 2636.17 2613.5 2643.36 2640.83 
2637.7 2635.21 2638.9 2642.5 2641.5 2643.5 2610.1 2639.9 
2643 2643.9 2643.83 2650 2618.83 2640.9 2643.3 2639.5 
2644.5 2643.17 2643.36 2641.83 2648.17 2642.83 2642.5 2641.83 
2649.9 2640.17 2638.3 2639.5 2646.5 2623.83 2641.3 2641.7 
2635.5 2640 2649.4 2639.3 2645.9 2641.5 2628.9 2624.9 
2645.5 2640.5 2647.3 2644.5 2650.5 2642.17 2642.7 2627.93 
2646.7 2643.5 2636.3 2639 2645.17 2643 2633.83 2643.7 
2640.3 2636.83 2633.17 2632.83 2645.5 2639.1 2627 2637.9 
2643.5 2638.75 2618.64 2640 2634.75 2640.5 2643.83 2642.5 
2642.5 2640.5 2640.83 2640.17 2640.5 2639.5 2633.36 2639.83 
2636.17 2638.83 2639.93 2606.9 2646.17 2640.5 2642.83 2645 
2635.5 2645.5 2636.1 2632.17 2643.7 2629.5 2630.1 2638.3 
2630.9 2639.5 2651.17 2644.17 2642.83 2647 2631.83 2653.3 
2643.5 2651.9 2646.5 2637.83 2643.83 2642.1 2644.5 2620.1 
2646.1 2638.28 2638.5 2633.64 2637.5 2620.64 2649.3 2642.5 
2637.17 2644.3 2643.5 2635.5 2640.64 2640.5 2616.3 2634.5 
2652.1 2645.36 2654.75 2631.83 2645.7 2648 2641 2640.5 
2650.79 2642.5 2646.79 2642 2608 2629.83 2635.83 2619.5 
2636.1 2635.5 2643 2604.83 2645.17 2643.5 2643.83 2636.83 
2618 2630.17 2618.17 2622.5 2652.1 2616.83 2652.1 2652.1 
2655.4 2655.4 2655.4 2655.4 2655.4 2655.4 2655.4 2655.4 
2655.4 2655.4 2655.4 2655.4 2655.4 2655.4 2655.4 2655.4 
2652.1 2652.1 2652.1 2652.1 2652.1 2652.1 2652.1 2652.1 
2652.1 2652.1 2652.1 2652.1 2652.1 2652.1 2652.1 2652.1 
2655.4 2655.4 2655.4 2655.4 2655.4 2655.4 2655.4 2655.4 
2655.4 2655.4 2655.4 2655.4 2655.4 2655.4 2655.4 2655.4 
# RVDC U2 t0 parameters 
2634.6 2634.6 2634.6 2634.6 2634.6 2634.6 2634.6 2634.6 
2634.6 2634.6 2634.6 2634.6 2634.6 2634.6 2634.6 2634.6 
2634.6 2634.6 2634.6 2634.6 2634.6 2634.6 2634.6 2634.6 
2634.6 2634.6 2634.6 2634.6 2634.6 2634.6 2634.6 2613.17 
2610.5 2617.17 2606.5 2609.83 2608.5 2623 2628.17 2628.83 
2627.83 2617 2637.5 2637.5 2623.1 2617.5 2622.5 2632.5 
2632.3 2632.3 2617.5 2626.9 2612.17 2632.3 2632.3 2608.17 
2608.17 2605.17 2622.9 2619 2624 2605.83 2608.5 2628.17 
2623.17 2628.5 2607.5 2604.17 2623.5 2625.83 2633.5 2627.9 
2622.5 2627.5 2625.5 2626.1 2627.83 2620.5 2621.83 2620.83 
2630.17 2614.5 2632.17 2626.3 2618.5 2623.5 2634.9 2619.5 
2617.5 2625.5 2629 2617.3 2620 2615.3 2617.5 2621 
2626.83 2629.7 2635 2639.6 2627.83 2632.5 2625.5 2627 
2629.9 2627.5 2636 2630 2629 2634.5 2625.83 2624.1 
2630 2630.9 2630.83 2625.7 2628.1 2621.83 2632 2617.5 
2634.5 2629.5 2627.5 2632.17 2617.17 2631.9 2615.3 2618.7 
2630.1 2631.7 2633.5 2626.5 2630 2611.5 2623.5 2630.83 
2637.5 2631.17 2634.9 2632.5 2630.07 2630.5 2631.17 2630.17 
2633 2622.5 2634.5 2627.5 2632 2634.5 2628.83 2627.83 
2628.5 2631.3 2635.5 2635.1 2624.21 2626 2628 2623 
2637.5 2630 2607.3 2628.5 2606.5 2633 2629.17 2638.17 
2633 2631.17 2606.1 2634.1 2628.64 2631.7 2625.5 2613.17 
2640.36 2635 2632.83 2632.9 2630.9 2638.25 2638.3 2611.17 
2633.5 2630.5 2606.5 2627.17 2633.5 2632.5 2630.5 2625 
2631.5 2628.17 2620.5 2629.5 2633.5 2630.5 2630.5 2628.5 
2627.83 2631.17 2634.17 2630.9 2624.07 2632.1 2626.83 2626.7 
2636.17 2626.61 2637.5 2619 2634 2616 2634.5 2624.9 
2635.83 2632.3 2630.36 2624.5 2635 2629.5 2626.5 2636.83 
2634.5 2634.9 2624.5 2636.5 2641.2 2613.83 2636 2629.83 
2626.5 2639.5 2624 2634.7 2633 2635 2637.1 2635.5 
2632.9 2630 2635.17 2624.07 2629 2632.5 2632 2629.17 
2629.3 2632.5 2632.9 2633.3 2630.5 2628.5 2631.83 2626.1 
2642.17 2630.3 2640.5 2639.1 2638 2633.25 2634.5 2631.3 
2628.7 2632.7 2635.5 2630.3 2629.17 2630.5 2631.5 2633 
2636.5 2634.5 2629.64 2628.21 2628.1 2632 2634.1 2637.83 
2636.1 2621.17 2622.17 2635.17 2630 2626.17 2626.5 2632.17 
2646 2638.17 2635 2624.83 2634.83 2637.5 2622.5 2620.5 
2638.64 2637.25 2627 2642.1 2638.83 2635.5 2645.5 2639.83 
2635.1 2648.9 2630.5 2628 2633.7 2632.07 2640.9 2637.83 
2635.17 2642.17 2641.5 2634.5 2639.5 2645 2633 2639.17 
2635.5 2630.83 2626.17 2630.5 2638.5 2643.9 2615.5 2635.5 
2639 2631.5 2632.5 2645.17 2643.9 2643.9 2643.9 2643.9 
2647.6 2647.6 2647.6 2647.6 2647.6 2647.6 2647.6 2647.6 
2647.6 2647.6 2647.6 2647.6 2647.6 2647.6 2647.6 2647.6 
2647.6 2647.6 2647.6 2647.6 2647.6 2647.6 2647.6 2647.6 
2647.6 2647.6 2647.6 2647.6 2647.6 2647.6 2647.6 2647.6 
# RVDC V1 t0 parameters 
2649.3 2649.3 2649.3 2649.3 2649.3 2649.3 2649.3 2649.3 
2649.3 2649.3 2649.3 2649.3 2649.3 2649.3 2649.3 2649.3 
2649.3 2649.3 2649.3 2649.3 2649.3 2649.3 2649.3 2649.3 
2649.3 2649.3 2649.3 2649.3 2649.3 2649.3 2649.3 2649.3 
2649.3 2649.3 2649.3 2649.3 2649.3 2613.5 2619.83 2626.1 
2612.5 2641.17 2612.7 2630 2633 2606.5 2645.3 2621.5 
2629.17 2605.17 2651 2642.5 2652.5 2618.83 2649 2620.1 
2645 2607.5 2624.9 2628.7 2633.83 2634.5 2644.5 2637.83 
2646.5 2632.5 2608 2641 2625.5 2616.5 2641.5 2645.5 
2643.17 2640.83 2612.5 2604.9 2638 2636.5 2648 2627.5 
2645.7 2636.9 2644.5 2624.83 2618.17 2638.1 2652.5 2639.5 
2632.9 2639.1 2629 2630.3 2642.83 2645.7 2638.5 2629.5 
2614.1 2642.5 2638.83 2642.1 2639.5 2635 2639 2645 
2604 2640.17 2642.1 2643.7 2641.5 2643.36 2639.5 2633.3 
2644.5 2635.93 2640.5 2640.17 2630 2643.5 2636.5 2644 
2644.9 2638.5 2638.5 2639.5 2638.5 2640 2606 2629.83 
2644.17 2642 2606.83 2640.5 2627.7 2644.17 2642.5 2639.75 
2641.1 2637.5 2640.64 2639.17 2642.3 2642.83 2627.1 2637.5 
2641.07 2643.9 2610 2634.7 2642.17 2639 2609.1 2643.17 
2631 2633.3 2641.64 2636.3 2641.17 2639.5 2638.5 2641.7 
2641.83 2640.5 2639.75 2642.5 2646.3 2645.5 2643.5 2644 
2644.5 2634.5 2642.83 2634.5 2645.5 2648.9 2648 2640.5 
2643.9 2632.36 2641.17 2636 2649.5 2637.3 2641.21 2643.93 
2643.17 2607.5 2649.3 2633.17 2640.83 2639.5 2643.25 2633 
2641.1 2634 2646.5 2640.5 2646.83 2638 2642.1 2632.07 
2645.5 2645.64 2643.3 2625.3 2650.5 2643.17 2644.17 2643.3 
2642.1 2642.17 2646.64 2651 2646.83 2648.07 2645 2646.75 
2650.9 2645.83 2643.5 2644.3 2650.17 2643.9 2636.7 2641.3 
2645.9 2647.64 2651 2638 2645 2639.21 2645.25 2645 
2640.5 2623.5 2638.75 2644.7 2641.21 2644.1 2649.5 2647.25 
2641.9 2643.1 2637.17 2643.64 2650.17 2629.5 2647.5 2652.6 
2643.5 2643.17 2642.9 2639.93 2650 2606.17 2639.5 2639.25 
2650.9 2644.1 2650.1 2643.5 2648.5 2623.17 2647.17 2635.5 
2644.17 2643.17 2640.1 2646.5 2629.07 2643.83 2648.17 2643.5 
2642.5 2616.5 2645.5 2642.5 2637.1 2640.5 2641.17 2626.36 
2646.17 2641.5 2645.75 2646.5 2639.83 2641.25 2639.79 2643.21 
2644.17 2633.17 2643.5 2648.83 2623.5 2653 2635.5 2644 
2646.5 2644 2651.17 2636.5 2619.5 2636 2642.7 2644.5 
2618.5 2640.5 2641.1 2636.5 2638.5 2644.9 2621.9 2634.83 
2653.8 2641.83 2623.5 2647.5 2653.8 2612.5 2653.8 2653.8 
2656.3 2656.3 2656.3 2656.3 2656.3 2656.3 2656.3 2656.3 
2656.3 2656.3 2656.3 2656.3 2656.3 2656.3 2656.3 2656.3 
2643.7 2643.7 2643.7 2643.7 2643.7 2643.7 2643.7 2643.7 
2643.7 2643.7 2643.7 2643.7 2643.7 2643.7 2643.7 2643.7 
2643.7 2643.7 2643.7 2643.7 2643.7 2643.7 2643.7 2643.7 
2643.7 2643.7 2643.7 2643.7 2643.7 2643.7 2643.7 2643.7 
# RVDC V2 t0 parameters 
2652.7 2652.7 2652.7 2652.7 2652.7 2652.7 2652.7 2652.7 
2652.7 2652.7 2652.7 2652.7 2652.7 2652.7 2652.7 2652.7 
2647.8 2647.8 2647.8 2647.8 2647.8 2647.8 2647.8 2647.8 
2647.8 2647.8 2647.8 2647.8 2617.5 2633.5 2612.83 2621.83 
2639.17 2647.1 2616.5 2636.17 2621 2638.5 2647.1 2624.5 
2647.1 2631.83 2621.5 2631.5 2628 2644.5 2626.5 2640.5 
2649 2619.83 2631.5 2628.9 2611 2632.83 2617.7 2643 
2645.17 2647.5 2645.9 2638.5 2645.9 2640.5 2633.5 2639.5 
2631 2635.7 2623 2634.7 2639.83 2635 2638.5 2631.3 
2633.5 2636.7 2642 2640.83 2613.5 2637.3 2636.5 2630.1 
2629 2636.5 2637 2631 2628 2642.5 2641.17 2638.83 
2615.1 2632.83 2640.17 2631.5 2638.5 2632.5 2637.83 2606.3 
2640.7 2637.3 2640.5 2640 2632.1 2647.5 2623.5 2642.5 
2646.8 2642.83 2624.5 2619 2642 2646 2642.5 2637 
2641.5 2638.5 2629.1 2649.5 2636.1 2636.1 2638.1 2638.1 
2624.5 2631 2634.17 2630.5 2634 2633.9 2640.5 2624.7 
2635.17 2631.5 2637.17 2634.36 2635.5 2634 2639.5 2610.5 
2615.17 2625.3 2636 2617.5 2641.9 2617.9 2609.1 2638.9 
2642.5 2638.3 2642 2638.36 2643.83 2633.9 2617 2644.9 
2606.5 2638.5 2636 2638.5 2629 2638.17 2636.5 2635.5 
2642.1 2638.17 2636.5 2642.5 2639.5 2633.1 2640.5 2630.83 
2640 2641.83 2640.83 2641.5 2631.3 2623.5 2641.5 2639.1 
2639.1 2635.9 2637 2631 2643.17 2623.83 2640.5 2630.61 
2642.5 2632.3 2637.9 2633.7 2632 2636.83 2614 2635.83 
2646.5 2638.7 2642.83 2637.83 2643.83 2615.3 2614.5 2637.7 
2616.75 2643.17 2645.3 2635.07 2646.3 2618.5 2630.83 2630.9 
2641.21 2633.5 2641.5 2639.9 2634.83 2640 2639.5 2639.5 
2636.5 2635.79 2639.3 2639 2625.7 2635.7 2643.9 2639.36 
2650 2641.5 2642.5 2642.83 2641.5 2639.1 2643.3 2634.17 
2643 2639.5 2644.93 2644.83 2641.83 2642.9 2640.36 2641 
2642 2612.83 2636.93 2646.5 2642.5 2631.5 2622.5 2644.1 
2643.5 2623.5 2615.5 2616.17 2634.5 2640.1 2636.3 2636.5 
2645.83 2622.7 2648.1 2610.83 2644.83 2643.83 2637.83 2642.36 
2641.5 2641.79 2648.1 2643.94 2640.75 2635.83 2647 2623.83 
2641.21 2641.1 2641.3 2641.17 2641.79 2642.5 2647.5 2644.1 
2635.7 2635.5 2635.25 2643.3 2632.5 2636.21 2643.5 2633.5 
2652.83 2648.21 2647.7 2616.17 2633.9 2649.1 2648.7 2645.3 
2649.3 2639.79 2643.79 2644.5 2645.3 2646.7 2650.83 2625.5 
2653.83 2641.9 2645 2645.5 2647.7 2638.7 2641 2648.83 
2639.17 2629.9 2645.5 2632.83 2647.3 2609 2639.83 2641.36 
2636.5 2628.17 2639.5 2633 2626.1 2637.1 2635.5 2614.83 
2635.5 2633.83 2632.83 2653.1 2653.1 2653.1 2653.1 2653.1 
2652.7 2652.7 2652.7 2652.7 2652.7 2652.7 2652.7 2652.7 
2652.7 2652.7 2652.7 2652.7 2652.7 2652.7 2652.7 2652.7 
2652.7 2652.7 2652.7 2652.7 2652.7 2652.7 2652.7 2652.7 
2652.7 2652.7 2652.7 2652.7 2652.7 2652.7 2652.7 2652.7 
# LVDC U1 t0 parameters 
2947.1 2947.1 2947.1 2947.1 2947.1 2947.1 2947.1 2947.1 
2947.1 2947.1 2947.1 2947.1 2947.1 2947.1 2947.1 2947.1 
2944 2944 2944 2944 2944 2944 2944 2944 
2944 2944 2944 2944 2944 2944 2944 2944 
2942 2942 2942 2942 2942 2942 2942 2942 
2942 2942 2942 2942 2942 2942 2942 2942 
2940.5 2932.17 2930.5 2920.5 2917.17 2927.5 2933.17 2940.5 
2909.83 2924.83 2921 2928.5 2927 2928.5 2940.5 2931.5 
2916 2930 2932.5 2941.7 2912.17 2910.3 2938 2917.17 
2937 2934.5 2916.1 2941.7 2941.7 2941.7 2933.7 2938 
2922.5 2936 2941.17 2934.5 2935.5 2942.9 2942.5 2928 
2916.83 2926.83 2924.5 2942.9 2934.83 2931.5 2905.5 2908.17 
2904 2935.5 2934.83 2917.83 2936.5 2907.5 2922 2946.6 
2939 2946.6 2928 2933.5 2939.5 2946.6 2930.83 2934.5 
2925.5 2933.5 2936.17 2938.7 2937.5 2933.5 2907 2941 
2930.3 2937.7 2941 2921.17 2913 2935.5 2932.17 2935 
2940.1 2943.17 2926.5 2943.5 2944 2938.5 2911.5 2929.5 
2934.83 2911.83 2914.5 2939.5 2930 2936 2929.9 2922 
2936 2939.5 2942.1 2934 2930.5 2914.83 2931.83 2912.5 
2942.1 2932.5 2942.1 2929.1 2931 2933.5 2932.83 2925.83 
2937.5 2937.17 2931.7 2928.5 2922.5 2908.83 2934.83 2936 
2933 2917.5 2937 2907 2940.6 2931.7 2914 2938.17 
2924.83 2925.5 2927.83 2926 2938.83 2936.5 2934.5 2922.83 
2920.9 2931 2927.83 2918.3 2937.3 2931.5 2930.7 2925.83 
2941 2945.4 2914.1 2929.3 2927.7 2934.7 2937.83 2935.9 
2938.83 2939.83 2945.4 2925.3 2931.5 2940.7 2938.3 2945.4 
2941.5 2930.9 2914.5 2913.5 2941.7 2937.5 2934.7 2911 
2938 2930.83 2935.5 2934.17 2937.9 2933.9 2918 2933 
2944.9 2944.9 2938.5 2943.5 2945.5 2942.3 2931.9 2935.1 
2924.17 2934.1 2939.5 2935.83 2940 2937.83 2909.5 2929.5 
2938.5 2927.21 2912.9 2912 2931.5 2927.1 2939 2931.5 
2930.83 2926.5 2935.83 2942.5 2931.5 2928.83 2934.1 2932.5 
2935.83 2935.5 2938.5 2936.17 2906 2936.83 2938.5 2939.5 
2926.83 2931.5 2931.5 2943.5 2936.3 2928 2938.17 2943.5 
2939.5 2941.5 2939.5 2921.5 2940.17 2939.5 2912 2940.5 
2943.83 2933 2932.83 2938.7 2945.4 2940.5 2931.17 2910.1 
2941.83 2944 2921.5 2940.5 2939 2934.5 2938.3 2943.5 
2941 2943.9 2945.9 2915.5 2947.1 2918 2947.1 2936.5 
2908 2934.7 2916.5 2938.5 2913.83 2931.83 2919 2907.17 
2930.17 2938.5 2938.5 2940.5 2945.1 2945.1 2945.1 2945.1 
2945.8 2945.8 2945.8 2945.8 2945.8 2945.8 2945.8 2945.8 
2945.8 2945.8 2945.8 2945.8 2945.8 2945.8 2945.8 2945.8 
2945 2945 2945 2945 2945 2945 2945 2945 
2945 2945 2945 2945 2945 2945 2945 2945 
2945 2945 2945 2945 2945 2945 2945 2945 
2945 2945 2945 2945 2945 2945 2945 2945 
# LVDC U2 t0 parameters 
2934.9 2934.9 2934.9 2934.9 2934.9 2934.9 2934.9 2934.9 
2934.9 2934.9 2934.9 2934.9 2934.9 2934.9 2934.9 2934.9 
2930.4 2930.4 2930.4 2930.4 2930.4 2930.4 2930.4 2930.4 
2930.4 2930.4 2930.4 2930.4 2930.4 2930.4 2930.4 2930.4 
2931.6 2931.6 2931.6 2931.6 2931.6 2931.6 2931.6 2931.6 
2912.5 2925.5 2904 2906.5 2910.17 2906 2931.6 2924 
2912.83 2907.17 2930.4 2930.4 2907.17 2930.4 2903.17 2930.4 
2913.83 2905 2916.5 2907 2906.17 2923.5 2930.4 2906.1 
2933.4 2921.5 2928.17 2933.4 2931 2926.5 2916.5 2912.17 
2933.4 2933.4 2917.5 2915.3 2923 2933.4 2925.5 2933.4 
2918 2920.5 2914.5 2928.83 2914.5 2926.5 2930 2907 
2910.5 2914.17 2926.17 2909 2930.4 2927.17 2926.5 2909.5 
2910.5 2935 2913.83 2942.4 2915 2919 2936 2926 
2914.5 2942.4 2940 2941.5 2933.5 2930.17 2929.7 2932 
2913.5 2917.83 2941.6 2926.9 2925.7 2941.6 2941.6 2941.6 
2909 2929.5 2928 2941.6 2932.5 2925.17 2922.83 2941.6 
2934.5 2933 2943.5 2916.83 2921 2909.5 2937 2922.83 
2909.5 2925 2931.5 2931 2939.4 2931.5 2922.5 2922.1 
2927.5 2928 2935.7 2929 2925.17 2935.7 2926.83 2923.5 
2935.7 2923.5 2907.17 2935.7 2926 2905 2924 2924.5 
2912.83 2933.79 2931.83 2929.17 2917.5 2917 2915.83 2928.17 
2925.5 2931.83 2935.5 2910.5 2924.5 2933 2929.83 2921.9 
2907 2938.7 2934.5 2933.9 2933.17 2932 2938.7 2930.7 
2930.17 2918.9 2908 2927.17 2927.5 2930.5 2921.5 2928.5 
2936.83 2923.3 2924.83 2925.7 2930.83 2928 2940.5 2930 
2940.5 2933.3 2934 2935 2914.5 2907.5 2933.7 2932.5 
2931.83 2928 2932 2912.9 2939.4 2937.5 2928.5 2928 
2939.4 2927.5 2931.5 2926.7 2920.83 2931.1 2932.5 2929.5 
2933.5 2937.5 2924.5 2932 2937.5 2935.5 2937.1 2937.17 
2916.5 2919.83 2935.3 2905.17 2921.5 2939.5 2934 2913.1 
2909 2930.83 2938.17 2941.83 2940.5 2912.5 2906 2940.5 
2935 2913.5 2940.5 2934 2911 2926.17 2924 2940.5 
2917.17 2911.5 2932.1 2931.5 2920.9 2931 2934.5 2938 
2933 2933.17 2933 2933 2906.5 2933.17 2930 2925 
2932.83 2926.7 2913.9 2934.5 2937 2919.17 2922.5 2933.7 
2928.83 2931.83 2933.5 2931.1 2939.5 2928.5 2921.5 2939.5 
2943.5 2923.5 2934 2943.17 2930.83 2944.5 2908.17 2947 
2939 2942.17 2947 2941.83 2939 2934.17 2936.5 2936.93 
2905.83 2944.1 2942 2917.5 2935 2937.5 2907.83 2937.5 
2937 2911.5 2939.17 2927.17 2928 2932.5 2936.5 2944.1 
2912.5 2911.17 2916 2903.83 2939.83 2936.17 2916.5 2945.1 
2945.1 2945.1 2945.1 2945.1 2945.1 2945.1 2945.1 2945.1 
2943.2 2943.2 2943.2 2943.2 2943.2 2943.2 2943.2 2943.2 
2943.2 2943.2 2943.2 2943.2 2943.2 2943.2 2943.2 2943.2 
2943.2 2943.2 2943.2 2943.2 2943.2 2943.2 2943.2 2943.2 
2943.2 2943.2 2943.2 2943.2 2943.2 2943.2 2943.2 2943.2 
# LVDC V1 t0 parameters 
2943.8 2943.8 2943.8 2943.8 2943.8 2943.8 2943.8 2943.8 
2943.8 2943.8 2943.8 2943.8 2943.8 2943.8 2943.8 2943.8 
2943.4 2943.4 2943.4 2943.4 2943.4 2943.4 2943.4 2943.4 
2943.4 2943.4 2943.4 2943.4 2943.4 2943.4 2943.4 2943.4 
2942.7 2942.7 2942.7 2942.7 2942.7 2942.7 2942.7 2942.7 
2942.7 2942.7 2942.7 2904.83 2924.5 2921.17 2942.7 2922.5 
2907.83 2907.17 2905.17 2925.17 2941.17 2943.8 2943.8 2938.83 
2931.5 2927 2936.83 2926 2929.5 2920.5 2942.5 2930.5 
2929 2928.17 2904 2938 2927.17 2942.17 2936 2917.17 
2946.3 2908.9 2939.5 2938 2938.5 2909.17 2917.5 2938.9 
2927 2941.5 2938 2928.5 2907.83 2945.4 2905.83 2945.4 
2929 2913.5 2935.5 2945.4 2934.9 2919 2922.17 2936.3 
2915.5 2934.3 2939.5 2954.1 2946.5 2944.17 2921.1 2954.1 
2942.1 2940.5 2949.9 2950.9 2911.5 2949.9 2945.9 2929.7 
2950.5 2928.5 2941.5 2926.5 2909.17 2927.17 2949.83 2950.17 
2915.5 2935.5 2924.1 2931 2940 2925.7 2944 2941.9 
2950.17 2908.5 2948.1 2936.64 2932.5 2913 2939.17 2948.1 
2944.9 2931.17 2945.5 2942.7 2916.83 2933 2936.3 2934 
2918.1 2919.5 2925 2942 2926.17 2935.83 2949.5 2939 
2938.5 2929.5 2939.1 2936.5 2947.3 2938.17 2933.5 2926.83 
2949 2905.5 2946.5 2949.5 2913.3 2940.5 2943.5 2934.17 
2942.3 2941.7 2945.5 2918.9 2935.5 2940.17 2932.5 2938 
2945.5 2911 2944.17 2943.5 2940.5 2936.5 2940.17 2940.5 
2913.9 2919.9 2913.5 2939.5 2934.5 2916.5 2938.5 2930.9 
2940.9 2952.2 2943.5 2913 2944.5 2942.5 2945.17 2946.5 
2942 2917.17 2934.5 2916.9 2935.7 2952.2 2943.1 2946.9 
2948 2941.83 2919.7 2942 2940.3 2948.2 2941 2944.17 
2943.83 2936 2939 2938.5 2943.83 2919.5 2943.83 2939.5 
2948.17 2943 2914.17 2946 2942.83 2930.5 2944.5 2950.7 
2942.5 2943.5 2906.5 2945.17 2945.17 2929.7 2930.1 2943.17 
2951.5 2933.83 2947 2940.1 2946.1 2940.3 2945 2941 
2918.83 2916.83 2934.17 2948.17 2937.17 2910.5 2941.5 2948.5 
2951 2947.9 2939.5 2946.5 2947.5 2935.5 2949.07 2948.07 
2947.5 2943.5 2946 2948.9 2950.17 2930.5 2913.5 2935 
2939.5 2944.5 2949.83 2948.83 2945.5 2946.5 2941.7 2939.17 
2912 2941.7 2931.5 2941.93 2946.17 2940.17 2943.36 2913.5 
2916.83 2953.5 2953.83 2950.83 2959 2949.83 2936.9 2953.5 
2907.5 2913.5 2942.5 2947.17 2935 2926.5 2959 2915.5 
2944.17 2913.1 2931.83 2948.83 2954.5 2912.5 2927.83 2918.17 
2954.5 2954.5 2954.5 2954.5 2954.5 2954.5 2954.5 2954.5 
2954.4 2954.4 2954.4 2954.4 2954.4 2954.4 2954.4 2954.4 
2954.4 2954.4 2954.4 2954.4 2954.4 2954.4 2954.4 2954.4 
2952.5 2952.5 2952.5 2952.5 2952.5 2952.5 2952.5 2952.5 
2952.5 2952.5 2952.5 2952.5 2952.5 2952.5 2952.5 2952.5 
2952.5 2952.5 2952.5 2952.5 2952.5 2952.5 2952.5 2952.5 
2952.5 2952.5 2952.5 2952.5 2952.5 2952.5 2952.5 2952.5 
# LVDC V2 t0 parameters 
2945.8 2945.8 2945.8 2945.8 2945.8 2945.8 2945.8 2945.8 
2945.8 2945.8 2945.8 2945.8 2945.8 2945.8 2945.8 2945.8 
2939.7 2939.7 2939.7 2939.7 2939.7 2939.7 2939.7 2939.7 
2939.7 2939.7 2939.7 2939.7 2939.7 2939.7 2939.7 2939.7 
2942.4 2942.4 2942.4 2942.4 2942.4 2929.17 2942.4 2937.5 
2925.5 2930.5 2929.17 2942.4 2929.83 2937.5 2923.5 2929.5 
2940.7 2940.7 2940.7 2923.5 2940.7 2918.5 2940.7 2940.7 
2940.7 2921 2937.83 2926.9 2905.17 2940.7 2921.17 2932.83 
2943 2914.5 2903 2931.5 2938.83 2908.17 2936.5 2915.5 
2910.83 2935.17 2935.9 2927.5 2917.5 2932.7 2931.5 2931 
2936.17 2942.4 2904 2926 2936.5 2939 2905 2921.17 
2935.5 2925.7 2938.83 2942.4 2915.5 2926.5 2925 2923.5 
2932.83 2942 2914.3 2950.5 2950.5 2931 2912.5 2937.17 
2939.5 2915.5 2931.5 2944.17 2950.5 2950.5 2941.83 2936 
2949 2943 2919.5 2936.5 2935.5 2943.17 2938 2918.9 
2940.5 2932.5 2926.83 2936.5 2919 2939 2936.5 2906.17 
2931 2933.5 2910.1 2941.2 2938.5 2925.9 2931.5 2932.5 
2939 2921.5 2928.83 2928.7 2919.17 2926 2933.5 2931.17 
2925.5 2924.5 2940.6 2914.5 2910.5 2926 2940.83 2940.6 
2930 2940.6 2911.17 2940.5 2927.5 2931.3 2935 2926.5 
2936.5 2931.83 2923 2913.5 2925.17 2937.17 2906.5 2916.5 
2937.17 2937.7 2927.5 2934.5 2936.17 2935.9 2931.83 2935.5 
2936.83 2916.5 2931 2929.5 2927.5 2937.83 2914.5 2935.5 
2921.83 2913.9 2929.7 2917 2931.5 2934.83 2937.83 2923.5 
2924.5 2945.3 2916.5 2935 2945.5 2945.3 2931 2945.3 
2937.17 2944 2945.3 2914.83 2945.3 2936 2937.93 2929 
2942.7 2938.5 2940 2935.83 2937.9 2939.3 2942.17 2925 
2933.5 2932 2942.7 2931 2942.7 2937.5 2906.83 2909.5 
2930.17 2941.5 2933.5 2932 2936.5 2928.5 2921 2929 
2932.83 2935.83 2937.9 2940 2939.3 2918.5 2913.5 2927.3 
2911.17 2937.5 2935.17 2939.5 2926.17 2930.5 2915.7 2938 
2921.83 2940.5 2932.17 2936 2906.5 2933.1 2928.5 2936.3 
2927.17 2938 2941.5 2932.7 2940.83 2938.5 2937.5 2938.17 
2938.5 2944.3 2917 2938.17 2925 2917.3 2936.5 2935.9 
2943.5 2936.5 2933.5 2934.5 2943.5 2933.5 2940.5 2920.5 
2927.5 2905 2940.5 2931 2936.5 2910.5 2935.9 2924.5 
2942.5 2939.5 2927.3 2940.17 2924.5 2945.17 2913.83 2935.5 
2945.5 2930.5 2906.83 2929.5 2954 2944 2939.5 2909.17 
2927.5 2939.5 2942.83 2936.5 2947.3 2947.3 2942.5 2932.17 
2925.83 2935 2938.83 2918.17 2928.5 2923.5 2947.3 2919.83 
2950.9 2950.9 2950.9 2926.83 2941.5 2950.9 2950.9 2950.9 
2950.9 2950.9 2950.9 2950.9 2950.9 2950.9 2950.9 2950.9 
2952.3 2952.3 2952.3 2952.3 2952.3 2952.3 2952.3 2952.3 
2952.3 2952.3 2952.3 2952.3 2952.3 2952.3 2952.3 2952.3 
2942.4 2942.4 2942.4 2942.4 2942.4 2942.4 2942.4 2942.4 
2942.4 2942.4 2942.4 2942.4 2942.4 2942.4 2942.4 2942.4 
