# RVDC U1 t0 parameters 
2644 2644 2644 2644 2644 2644 2644 2644 
2644 2644 2644 2644 2644 2644 2644 2644 
2644 2644 2644 2644 2644 2644 2644 2644 
2644 2644 2644 2644 2644 2644 2644 2644 
2643.1 2643.1 2643.1 2643.1 2643.1 2643.1 2643.1 2643.1 
2643.1 2627.5 2630.83 2643.1 2632.83 2631 2630.5 2626.5 
2605 2635 2615.17 2640.5 2643.17 2632.5 2638.17 2640.5 
2628.83 2629.5 2635.83 2627.7 2608.7 2614.5 2638.17 2607.5 
2624 2629.83 2623.17 2638 2625.5 2639.5 2636 2631.36 
2639.83 2620.5 2640.3 2637.5 2632.5 2641.17 2628.83 2624.7 
2633.5 2639.79 2637.3 2634.9 2625.17 2632.5 2633.5 2637.9 
2630.17 2629.5 2631.5 2617.83 2638 2635 2621.9 2627.17 
2628.7 2636 2634.5 2635.17 2635.5 2636.83 2611.3 2608 
2630.64 2637.5 2637.5 2632.5 2635.17 2638.7 2640 2637.5 
2608.5 2637 2640.83 2634.9 2645.6 2625.5 2639.5 2641.64 
2638 2608.3 2645.6 2632.17 2631 2645.6 2632.83 2640.5 
2645.83 2639.5 2640.5 2638.5 2640.83 2639.17 2632.64 2641.5 
2634.7 2634.83 2640.64 2648 2637.3 2637.17 2638.17 2642 
2638.5 2636.83 2636.9 2639.1 2645.5 2640 2637.1 2642.9 
2633.5 2638 2626 2640.5 2636 2636.9 2636.83 2631.5 
2638.7 2636.3 2636.9 2638.25 2631.5 2640 2645.83 2636.17 
2641.21 2646.7 2637.17 2641.83 2642.17 2642.17 2608.5 2621.17 
2640.17 2647 2644.64 2638 2643.7 2644.3 2644.64 2637.5 
2638.5 2636.07 2635.79 2635.9 2640.21 2636.75 2638.83 2638.7 
2644.79 2636.9 2638.83 2639.1 2642 2640.5 2633.5 2646.07 
2645.83 2639.5 2636.83 2641.5 2638.5 2631.9 2638.64 2637 
2647.5 2648 2632.1 2640.07 2647.5 2642.64 2639.5 2640.83 
2642.7 2640.5 2639.5 2644.5 2642.83 2642.07 2640.5 2640.5 
2639 2635.7 2639.83 2636 2638 2640.9 2641.5 2643.9 
2639.64 2632.79 2642.83 2641.7 2634 2639.5 2641.17 2639.83 
2632.9 2630.5 2642.5 2646.9 2642 2624.7 2646.79 2639.93 
2637.83 2638.75 2631.17 2639.5 2628.5 2637 2638.3 2638.5 
2633.83 2645.5 2645.5 2642 2645.79 2642.5 2644.5 2645.9 
2646.17 2647.5 2644 2644.07 2643.7 2622.5 2641.94 2637.1 
2643 2641.17 2642.07 2642 2642.5 2649.5 2635.5 2640.93 
2632.21 2630.17 2641.83 2639 2643.5 2640 2643 2636 
2645.1 2646.83 2628.5 2646.7 2646.17 2646.5 2645.36 2642.25 
2643.3 2638.5 2638.7 2645.7 2644.9 2648.17 2630.1 2640.17 
2645.5 2645.5 2649.83 2642.5 2645 2652.1 2635.5 2652.1 
2646.1 2634.5 2633.5 2644.5 2627.5 2639.5 2652.1 2652.1 
2655.4 2655.4 2655.4 2655.4 2655.4 2655.4 2655.4 2655.4 
2655.4 2655.4 2655.4 2655.4 2655.4 2655.4 2655.4 2655.4 
2652.1 2652.1 2652.1 2652.1 2652.1 2652.1 2652.1 2652.1 
2652.1 2652.1 2652.1 2652.1 2652.1 2652.1 2652.1 2652.1 
2655.4 2655.4 2655.4 2655.4 2655.4 2655.4 2655.4 2655.4 
2655.4 2655.4 2655.4 2655.4 2655.4 2655.4 2655.4 2655.4 
# RVDC U2 t0 parameters 
2634.6 2634.6 2634.6 2634.6 2634.6 2634.6 2634.6 2634.6 
2634.6 2634.6 2634.6 2634.6 2634.6 2634.6 2634.6 2634.6 
2634.6 2634.6 2634.6 2634.6 2634.6 2634.6 2634.6 2634.6 
2634.6 2634.6 2634.6 2634.6 2634.6 2634.6 2634.6 2634.6 
2635.5 2616.5 2606 2637.5 2607.83 2637.5 2617.5 2605 
2620.83 2612.5 2618.3 2633.5 2625.3 2618.83 2622.17 2606.17 
2610.5 2618.17 2622 2625.5 2612.5 2606.17 2631.17 2625.17 
2621.17 2613.17 2617.5 2627.9 2623 2613.17 2614.17 2626.17 
2633.5 2615.1 2625.17 2604.5 2615.5 2618.5 2614.9 2611.17 
2623.7 2622 2623 2625.7 2622.83 2612 2624.9 2627.5 
2624.83 2625.5 2625.83 2621.3 2622.9 2619.5 2625.7 2621 
2629.7 2623.1 2630.5 2607 2630 2625.17 2624.9 2622 
2634 2632.21 2616 2629.36 2624.3 2627.3 2608.3 2631.17 
2639.6 2631.64 2635.83 2629.5 2625.5 2632.1 2628.5 2630 
2625.17 2615.5 2624.3 2632.5 2630.83 2632.83 2630.5 2605.9 
2631.83 2628.83 2624 2612.83 2628.64 2613.5 2621.5 2625 
2630.1 2628 2631.1 2622.5 2630.83 2618.5 2614.17 2633.17 
2632.25 2628.3 2623.83 2626.5 2620.17 2627.5 2639.2 2625.9 
2632 2628 2631.83 2631.83 2616.3 2630.1 2627.5 2628.5 
2628.1 2629.17 2619.17 2626.21 2633.17 2631.7 2629.9 2629.1 
2630.3 2630 2634.5 2622.83 2629.83 2626.5 2631.7 2627.5 
2628.9 2621.83 2627.17 2631.17 2635.5 2632.7 2634.1 2629.83 
2634.1 2634.64 2627.83 2608.5 2636.83 2635.3 2639.17 2634.25 
2630.7 2626.1 2628.17 2627.17 2634.83 2611.17 2630.83 2607.9 
2636 2633.17 2619 2622.5 2628 2631.5 2627.7 2622 
2625.9 2635.5 2625.36 2628.5 2631.83 2624.5 2630.5 2619 
2629.1 2630.17 2630.7 2618 2632.5 2625.9 2632.83 2627.79 
2629.3 2629.5 2622.3 2628.5 2636.83 2634 2632 2628.17 
2637.5 2633.1 2634.7 2634.9 2634.5 2630.9 2638.07 2633.83 
2635.17 2623.5 2636.07 2628.5 2638 2631.5 2634.5 2630.5 
2638 2628 2629 2613.17 2613.83 2622.5 2631.9 2633.83 
2623.5 2626.7 2629.3 2623.5 2628.17 2629.25 2625.7 2630.83 
2638 2628.9 2636.5 2630.83 2632.5 2627 2632.93 2637.7 
2634.17 2634.5 2642.7 2631.64 2623.1 2630.17 2628 2610.5 
2630.9 2635 2629.17 2633.5 2634.83 2633.64 2631.64 2630.83 
2630.1 2625.79 2624.7 2621.5 2633.25 2636.07 2628.9 2626.17 
2645.07 2635.17 2636.93 2633.36 2635.07 2636 2640.3 2638.79 
2633.5 2630.5 2636.1 2626.93 2630.5 2626.83 2636.9 2635.83 
2638.5 2631.83 2636 2643.17 2638.93 2633.75 2636.5 2627.5 
2640 2623 2647 2639.17 2637.5 2632.5 2634.9 2630.5 
2619.9 2608.9 2642.17 2607.5 2613.5 2637.5 2631.5 2618.17 
2622 2625.5 2626.5 2643.9 2643.9 2643.9 2643.9 2643.9 
2647.6 2647.6 2647.6 2647.6 2647.6 2647.6 2647.6 2647.6 
2647.6 2647.6 2647.6 2647.6 2647.6 2647.6 2647.6 2647.6 
2647.6 2647.6 2647.6 2647.6 2647.6 2647.6 2647.6 2647.6 
2647.6 2647.6 2647.6 2647.6 2647.6 2647.6 2647.6 2647.6 
# RVDC V1 t0 parameters 
2649.3 2649.3 2649.3 2649.3 2649.3 2649.3 2649.3 2649.3 
2649.3 2649.3 2649.3 2649.3 2649.3 2649.3 2649.3 2649.3 
2649.3 2649.3 2649.3 2649.3 2649.3 2649.3 2649.3 2649.3 
2649.3 2649.3 2649.3 2649.3 2649.3 2649.3 2649.3 2649.3 
2649.3 2649.3 2649.3 2649.3 2618.5 2605 2649.3 2640.5 
2649.3 2615.17 2627.17 2620.83 2640.5 2649.3 2644.17 2614.17 
2624.5 2634.17 2648 2607 2646.5 2642.83 2642.5 2642.5 
2636.5 2615.5 2642.5 2611.5 2643.5 2636.3 2641 2609 
2615.5 2645.9 2642 2641.7 2615.5 2640 2640.3 2644.9 
2642.5 2639.17 2639.5 2633.5 2637.5 2638.83 2624.1 2639.7 
2637.7 2613.5 2625.5 2639.9 2606.3 2640.5 2644.7 2645.7 
2637.83 2638.9 2635 2630 2641 2632.83 2640.17 2637.9 
2633.7 2636.5 2644.5 2609.83 2644 2639.5 2622.9 2638.5 
2645.5 2642.7 2636.5 2638.83 2646 2637.17 2644.5 2637.17 
2632 2637 2645 2646.83 2643.5 2637.83 2644.5 2642.3 
2640.5 2647 2650.5 2644.5 2642 2636.5 2642 2636.9 
2643.83 2624.5 2605.7 2645.83 2639.5 2649.5 2639.1 2624.17 
2639.83 2644.5 2642.17 2641.3 2634.3 2625.5 2638.5 2637.17 
2634.83 2631.9 2641.5 2638.5 2647 2617.79 2634 2608.7 
2643.5 2639.3 2642.5 2641.83 2642.7 2642.5 2648.1 2641.17 
2641.83 2641 2631.5 2609.83 2640 2640.17 2648.1 2647.83 
2643.83 2644.5 2647.5 2648.5 2639.5 2647.5 2643.7 2647.79 
2649 2644.5 2643.83 2642.64 2647.17 2639.3 2643.1 2645.5 
2642.21 2641.5 2645.3 2641.5 2642.83 2619.7 2642.5 2638.1 
2648 2644.5 2646.5 2642.5 2645.5 2643.5 2646.5 2646.9 
2642 2631.1 2645.83 2648.5 2643.5 2613.5 2643.93 2634.5 
2647.9 2643.3 2634.7 2645.9 2651.3 2647.64 2650.25 2647 
2630.3 2638.5 2640.83 2645.83 2638.83 2640.79 2638.5 2639.5 
2646.5 2630.5 2639.5 2644.5 2609.3 2646.36 2645.5 2642.64 
2643.7 2636.32 2642.5 2642.5 2643.17 2607.36 2641.5 2638.3 
2645.5 2642.83 2635.9 2646.7 2640.83 2644.9 2647.5 2638.5 
2640 2639.17 2650.1 2646.1 2643.17 2637.5 2642.83 2639.5 
2644.5 2652.3 2649.5 2640.75 2648.7 2625.25 2650.5 2644.7 
2640 2646.36 2644.5 2637.5 2640.93 2643.36 2639.5 2644.5 
2647.5 2646 2637 2637.3 2632.21 2642.3 2646.3 2636.9 
2644.5 2631.64 2641.9 2650 2641.07 2641.5 2644.79 2643.93 
2656.1 2640.5 2643.5 2650.83 2647 2640.7 2653.36 2644.7 
2644 2642 2650.17 2606 2640.5 2635.17 2653.17 2609.3 
2646.5 2647.3 2619.93 2633.83 2636 2640.83 2631.5 2653.8 
2653.8 2653.8 2633.17 2612.5 2625.83 2639 2653.8 2653.8 
2656.3 2656.3 2656.3 2656.3 2656.3 2656.3 2656.3 2656.3 
2656.3 2656.3 2656.3 2656.3 2656.3 2656.3 2656.3 2656.3 
2643.7 2643.7 2643.7 2643.7 2643.7 2643.7 2643.7 2643.7 
2643.7 2643.7 2643.7 2643.7 2643.7 2643.7 2643.7 2643.7 
2643.7 2643.7 2643.7 2643.7 2643.7 2643.7 2643.7 2643.7 
2643.7 2643.7 2643.7 2643.7 2643.7 2643.7 2643.7 2643.7 
# RVDC V2 t0 parameters 
2652.7 2652.7 2652.7 2652.7 2652.7 2652.7 2652.7 2652.7 
2652.7 2652.7 2652.7 2652.7 2652.7 2652.7 2652.7 2652.7 
2647.8 2647.8 2647.8 2647.8 2647.8 2647.8 2647.8 2647.8 
2647.8 2647.8 2647.8 2647.8 2604.83 2626.17 2647.8 2637 
2629.5 2647.1 2613.83 2629.17 2623.83 2635.5 2627.3 2628.17 
2605.5 2630.5 2622.5 2647.1 2639.83 2633.5 2606.83 2643.9 
2611.17 2604.5 2634.17 2647.5 2622.17 2620.5 2640.5 2614.1 
2608.5 2645.9 2614 2636.5 2619.5 2643.83 2632 2616 
2641.5 2643.5 2629.5 2646.5 2618.5 2637.3 2612.7 2624 
2637.5 2625.5 2610 2626.5 2639.5 2646 2640 2638 
2636.17 2639 2626.83 2627.5 2629.5 2640.17 2634.17 2635 
2639.17 2634.83 2624 2637.5 2632.5 2633.9 2615.83 2628.5 
2644.83 2644.17 2641.83 2641.5 2639.5 2630.5 2635.5 2642.5 
2610.5 2637.1 2637.17 2642.5 2609.5 2643.83 2643.5 2639.5 
2638.5 2636 2616.5 2634.5 2635.83 2629.17 2641 2638.17 
2630.83 2632.17 2632.83 2624.5 2632.5 2634.83 2643 2634.5 
2638 2616.83 2636.17 2636.83 2635.79 2639.9 2628.83 2631.5 
2638.21 2636.5 2625 2632.9 2633.17 2638.5 2616 2635 
2645.17 2638.5 2641.3 2641.5 2644.5 2640.3 2643.1 2639 
2613.5 2646.8 2635.17 2607.7 2620.7 2629.5 2623 2634.83 
2639.83 2633 2640.7 2642.5 2638.17 2633.3 2636.83 2638.9 
2639 2643.17 2630 2638.7 2634.3 2634.83 2643.3 2633 
2641.5 2637.5 2643.1 2635.7 2637.17 2642.17 2620.3 2640.5 
2632.79 2620.7 2635.93 2629.25 2635.5 2638.5 2644.9 2635.9 
2646.79 2639.5 2640 2643.3 2642.9 2631.83 2639 2636.3 
2628.5 2641.5 2629.1 2640.83 2651.83 2640.5 2639.5 2642.93 
2643 2642.17 2637.75 2608 2636.1 2638.7 2636.1 2644.83 
2638.83 2636.83 2633.79 2638.9 2635 2633 2637.1 2635.83 
2639 2640 2650.3 2634 2645.1 2642.83 2643.5 2646 
2637.5 2640.7 2649.5 2628.5 2639.5 2636.83 2637.21 2642.17 
2648.83 2647.17 2642.5 2639.9 2639.3 2644.7 2636.75 2638 
2638.64 2643.17 2642.3 2635.07 2636.83 2642.5 2635.83 2636.5 
2646 2640.07 2644.83 2641.5 2644.83 2635.83 2644.5 2634.5 
2641 2640.17 2644.3 2644.1 2639.83 2642.06 2643.79 2636.64 
2637.5 2641.9 2642.17 2636.79 2641.83 2635.3 2639.83 2632.5 
2640.7 2636.5 2620.3 2640 2639.5 2641.1 2636.83 2636.3 
2642.5 2654.5 2645.5 2640.7 2650.5 2639.17 2649.1 2644.3 
2649.79 2648.64 2646.5 2647.3 2631.5 2646.3 2649 2627.5 
2641.7 2642.5 2640.64 2650.5 2643.1 2644 2634.83 2645.7 
2646.7 2632.9 2650.5 2649.17 2632.5 2642.5 2638 2645.9 
2613.5 2645.17 2608 2631.17 2629.9 2641.83 2628.5 2610.1 
2645 2629 2653.1 2653.1 2653.1 2653.1 2653.1 2653.1 
2652.7 2652.7 2652.7 2652.7 2652.7 2652.7 2652.7 2652.7 
2652.7 2652.7 2652.7 2652.7 2652.7 2652.7 2652.7 2652.7 
2652.7 2652.7 2652.7 2652.7 2652.7 2652.7 2652.7 2652.7 
2652.7 2652.7 2652.7 2652.7 2652.7 2652.7 2652.7 2652.7 
# LVDC U1 t0 parameters 
2947.1 2947.1 2947.1 2947.1 2947.1 2947.1 2947.1 2947.1 
2947.1 2947.1 2947.1 2947.1 2947.1 2947.1 2947.1 2947.1 
2944 2944 2944 2944 2944 2944 2944 2944 
2944 2944 2944 2944 2944 2944 2944 2944 
2942 2942 2942 2942 2942 2942 2942 2942 
2942 2942 2942 2942 2942 2942 2942 2932.17 
2935.17 2920 2904.5 2907.83 2940.5 2904.83 2915 2908.17 
2931 2940.5 2940.5 2908.7 2930.17 2908.83 2940.5 2937 
2929.83 2934.5 2938 2915.17 2932.5 2935.83 2934.5 2909.17 
2931.17 2917.7 2928.83 2937.5 2903.83 2924.5 2921 2932.17 
2929.9 2940 2931.5 2936.17 2938.5 2942.9 2937 2912.17 
2909.5 2931.1 2906.17 2942.9 2936.5 2923.83 2921.17 2916.5 
2907.83 2937.7 2920.1 2933 2931.9 2917.5 2914.83 2922.5 
2941.83 2933 2937 2942.17 2935 2930.5 2936.3 2937.5 
2936.5 2930.83 2937 2941.83 2906.5 2936.5 2945 2925.83 
2904.5 2944.6 2944.6 2906.5 2932.5 2930 2938.5 2918.5 
2922.17 2935 2923.83 2907.5 2937.83 2944.1 2935.9 2944.1 
2937.5 2944.1 2936.5 2907 2917.17 2935.83 2931.5 2923.5 
2936 2942.1 2935.5 2936.9 2936 2935.1 2933.1 2928.5 
2924.1 2922.5 2928.3 2912.3 2930.5 2925.83 2921.1 2911 
2942.17 2935.5 2931 2918.5 2922.5 2934.17 2912.83 2935.9 
2933 2936.17 2929.5 2924 2928.5 2932.5 2926.3 2925.83 
2934.5 2935.5 2934 2932.5 2934.5 2927.17 2922.5 2934.5 
2940.5 2916 2933 2924.83 2929.5 2927.9 2929 2912.83 
2933.5 2941 2928.5 2942.5 2907.1 2938.3 2945.4 2940.9 
2934 2942.3 2935.1 2946.5 2942.5 2931 2932.7 2936.17 
2939.17 2936.5 2941.1 2941 2935.5 2937.83 2915 2936.9 
2929.3 2931.5 2938 2929.1 2920.5 2934 2907.5 2934.7 
2927.5 2937.5 2918.5 2937.1 2941.5 2934.9 2938.5 2915.5 
2942.5 2934 2937.7 2944.9 2944.9 2944.9 2932 2943.5 
2942.5 2931.5 2924.5 2941.83 2930 2936 2937.7 2920 
2925.5 2942.5 2937.5 2940.17 2932.17 2934 2931.7 2930.7 
2937.5 2934.5 2943 2942.5 2936 2934.1 2939.1 2921.3 
2937.9 2933 2939.5 2934 2907.1 2925 2935 2941.5 
2935.7 2936.5 2940.17 2934.3 2906.5 2941 2928.5 2934.83 
2934.7 2936.17 2945.4 2938.17 2941.5 2911.5 2921 2927.5 
2933.7 2945.3 2941.7 2937.5 2938.7 2936.5 2944.3 2943.5 
2940.1 2934.5 2909.5 2947.1 2941.5 2937 2937.5 2934.5 
2925.5 2933.17 2935.5 2935 2945.1 2932.17 2927.5 2922.5 
2936.5 2943.5 2935.83 2937.17 2945.1 2945.1 2945.1 2945.1 
2945.8 2945.8 2945.8 2945.8 2945.8 2945.8 2945.8 2945.8 
2945.8 2945.8 2945.8 2945.8 2945.8 2945.8 2945.8 2945.8 
2945 2945 2945 2945 2945 2945 2945 2945 
2945 2945 2945 2945 2945 2945 2945 2945 
2945 2945 2945 2945 2945 2945 2945 2945 
2945 2945 2945 2945 2945 2945 2945 2945 
# LVDC U2 t0 parameters 
2934.9 2934.9 2934.9 2934.9 2934.9 2934.9 2934.9 2934.9 
2934.9 2934.9 2934.9 2934.9 2934.9 2934.9 2934.9 2934.9 
2930.4 2930.4 2930.4 2930.4 2930.4 2930.4 2930.4 2930.4 
2930.4 2930.4 2930.4 2930.4 2930.4 2930.4 2930.4 2930.4 
2931.6 2931.6 2931.6 2931.6 2931.6 2931.6 2931.6 2931.6 
2931.6 2931.6 2931.6 2912.5 2931.6 2911.5 2907.5 2928.17 
2909.17 2922.17 2930.4 2924.83 2903.83 2912.17 2930.4 2905.5 
2920.17 2924 2930.4 2906 2911 2930.4 2931.17 2930.4 
2922.17 2908 2925 2933.4 2918.5 2912.83 2926 2913.5 
2933.4 2907.5 2918.5 2922 2922.5 2905.83 2929.17 2927.17 
2920.9 2930.4 2922.17 2922.5 2928 2923.83 2908 2929.5 
2912 2924.83 2924.5 2922.17 2922.83 2930.4 2915.17 2923.83 
2907.83 2940.17 2925.17 2942.4 2915.83 2942.4 2923.17 2935 
2932.5 2914 2921 2937 2933.1 2932 2933.83 2925.17 
2928.7 2919.5 2936.3 2907.17 2918 2919.17 2941.6 2941.6 
2937 2909.5 2933.17 2941.6 2921.5 2941.6 2925.5 2924.17 
2931.5 2906.5 2936.17 2930 2913.5 2933 2917.5 2914.5 
2936.17 2934.5 2912.5 2903.5 2919.5 2925 2924.5 2919 
2930.5 2935.7 2926.17 2928.17 2929.5 2926.5 2935.5 2924.5 
2911.5 2924 2925.83 2931.5 2915.83 2919 2932.3 2913.83 
2935.9 2915.17 2933.9 2909.5 2918.17 2932 2917.17 2916.5 
2935 2938.4 2912.5 2926 2934.17 2929.17 2928.5 2938.4 
2914.5 2928.5 2933.5 2909.1 2910.5 2930.5 2934.83 2927.83 
2915 2938.7 2923.9 2905.17 2928.5 2925.5 2917.83 2927.9 
2937 2909.5 2940.5 2932 2929.5 2923.5 2932.83 2925.83 
2922.7 2933 2913.5 2939 2936 2920 2915.5 2923 
2936.5 2937.83 2938.17 2926.5 2932.1 2919.1 2912.5 2930.7 
2934.17 2908.83 2926.5 2934.5 2930 2931.5 2929.83 2921.83 
2931 2909.5 2908.7 2932 2933.17 2941.2 2917.5 2941.2 
2941.2 2932.17 2935.17 2914.83 2934.9 2935.5 2931.5 2936 
2939.17 2931.83 2923.17 2938 2940.5 2926.5 2915 2931.83 
2934.5 2935.5 2921.5 2933.17 2919 2917.1 2928.5 2925.5 
2936.5 2910.17 2940.8 2928.5 2908.5 2939.5 2916.9 2940.8 
2916 2936.17 2932.5 2907.17 2923.5 2922 2933.79 2934 
2932 2923.5 2933.3 2931.5 2939.5 2932.5 2925.7 2933 
2936.83 2939.5 2935.5 2930.7 2928 2936 2929 2929 
2940 2942 2946.5 2924 2915.5 2942.17 2945.9 2943 
2942.5 2947 2933.17 2939.83 2934.3 2910.83 2916.5 2942 
2940.17 2937.5 2933.5 2934 2924.5 2938.5 2934.3 2921.5 
2907.5 2917.17 2913 2933.83 2932 2932.17 2928.17 2925 
2924.1 2941.5 2945.1 2932.83 2939.5 2903.83 2919.17 2929.5 
2945.1 2945.1 2945.1 2945.1 2945.1 2945.1 2945.1 2945.1 
2943.2 2943.2 2943.2 2943.2 2943.2 2943.2 2943.2 2943.2 
2943.2 2943.2 2943.2 2943.2 2943.2 2943.2 2943.2 2943.2 
2943.2 2943.2 2943.2 2943.2 2943.2 2943.2 2943.2 2943.2 
2943.2 2943.2 2943.2 2943.2 2943.2 2943.2 2943.2 2943.2 
# LVDC V1 t0 parameters 
2943.8 2943.8 2943.8 2943.8 2943.8 2943.8 2943.8 2943.8 
2943.8 2943.8 2943.8 2943.8 2943.8 2943.8 2943.8 2943.8 
2943.4 2943.4 2943.4 2943.4 2943.4 2943.4 2943.4 2943.4 
2943.4 2943.4 2943.4 2943.4 2943.4 2943.4 2943.4 2943.4 
2942.7 2942.7 2942.7 2942.7 2942.7 2942.7 2942.7 2942.7 
2942.7 2942.7 2942.7 2942.7 2914.5 2933.83 2942.7 2942.7 
2931.83 2904.5 2910.83 2938.17 2935.17 2907.17 2932.83 2909.5 
2930.5 2915.17 2925.83 2904.5 2943.8 2929.5 2924.83 2908.5 
2930.5 2914.83 2946.3 2942.5 2916 2915.17 2937.17 2946.17 
2940.5 2905.1 2909.5 2942.5 2937 2929.7 2933.5 2930.17 
2945.4 2940 2923.5 2939.5 2906.83 2932.5 2945.4 2935.5 
2935 2926 2919 2937 2945.4 2935.83 2930.83 2925 
2906 2954.1 2945.5 2947.17 2949.5 2954.1 2954.1 2954.1 
2946.7 2933.5 2913.5 2943.5 2948.5 2947.17 2940.1 2942 
2944.83 2923.5 2927.5 2942.5 2943.5 2940.5 2917 2924 
2946.83 2913.83 2928.5 2919 2911.17 2931 2945.17 2942.5 
2936.5 2936.5 2942.5 2944.7 2932 2943.9 2944 2930.5 
2911.5 2939.17 2948.1 2940 2934.5 2929 2928.5 2940.5 
2940.5 2942.83 2910.5 2938.17 2934.5 2947.3 2928.5 2939.5 
2933.5 2936.17 2932.5 2934 2931.5 2947.3 2927.5 2937.5 
2910.83 2941.83 2951.2 2942.83 2927.83 2930.5 2949 2917.5 
2932.3 2949.5 2906.5 2943.17 2941.17 2940.7 2924 2941.83 
2928.17 2945.4 2932.5 2935 2913.5 2936.17 2938.83 2936.5 
2932.17 2940.5 2916.83 2922 2927.5 2912.17 2936.5 2924.5 
2953.5 2942.17 2929.5 2943.5 2933.83 2928.17 2952.2 2942.17 
2921.1 2942.5 2943.5 2952.2 2911 2930.5 2933.5 2938.17 
2945.5 2922.3 2939.17 2949.5 2944.5 2932 2934.5 2942.83 
2942.5 2932.5 2944.83 2940.5 2909 2943.17 2948.2 2932.7 
2931.5 2940.3 2939.5 2941.5 2947.5 2950.5 2939.5 2946.5 
2944 2943.5 2944.5 2948.83 2944 2943.5 2945.83 2931.3 
2947.1 2943.5 2935.5 2946.9 2947 2909.9 2938.5 2946.9 
2944.5 2941.5 2928.9 2936.5 2950.7 2922.5 2938.5 2934.5 
2950.3 2908.17 2939.5 2945.5 2950.9 2943.83 2907.5 2951 
2945.5 2950 2907.7 2947.83 2936 2915.5 2946.5 2940.83 
2930.7 2955.3 2950.17 2951.5 2943.5 2945.5 2949.5 2935 
2950 2926 2947 2948.5 2946.17 2939.7 2922 2935.07 
2950.3 2954.83 2945.5 2934.5 2950.7 2923.83 2909.5 2944.7 
2949.64 2948.7 2947.9 2909.17 2932.83 2945.5 2924.83 2926 
2936 2942.5 2939.17 2907 2942.5 2939.5 2932.5 2913.17 
2954.5 2954.5 2954.5 2954.5 2954.5 2954.5 2954.5 2954.5 
2954.4 2954.4 2954.4 2954.4 2954.4 2954.4 2954.4 2954.4 
2954.4 2954.4 2954.4 2954.4 2954.4 2954.4 2954.4 2954.4 
2952.5 2952.5 2952.5 2952.5 2952.5 2952.5 2952.5 2952.5 
2952.5 2952.5 2952.5 2952.5 2952.5 2952.5 2952.5 2952.5 
2952.5 2952.5 2952.5 2952.5 2952.5 2952.5 2952.5 2952.5 
2952.5 2952.5 2952.5 2952.5 2952.5 2952.5 2952.5 2952.5 
# LVDC V2 t0 parameters 
2945.8 2945.8 2945.8 2945.8 2945.8 2945.8 2945.8 2945.8 
2945.8 2945.8 2945.8 2945.8 2945.8 2945.8 2945.8 2945.8 
2939.7 2939.7 2939.7 2939.7 2939.7 2939.7 2939.7 2939.7 
2939.7 2939.7 2939.7 2939.7 2939.7 2939.7 2939.7 2939.7 
2942.4 2942.4 2942.4 2942.4 2942.4 2942.4 2942.4 2934.83 
2906.5 2929.83 2915.17 2942.4 2942.4 2942.4 2921.17 2915 
2925.17 2921.5 2928 2913.17 2923.17 2906 2940.7 2940.83 
2923.83 2927 2909.17 2933.17 2920.5 2930.17 2940.7 2920.83 
2910 2939.5 2943 2936.5 2943 2903.5 2915 2912.17 
2906.83 2943 2936.5 2943 2935.5 2929.5 2904.5 2932.7 
2942.4 2927 2942.4 2934 2942.4 2930.5 2936.9 2936.83 
2940.5 2935.5 2910.5 2911 2932.17 2927.5 2920.5 2930 
2943.17 2912.83 2929.83 2920.83 2938.5 2921.5 2926.83 2924.5 
2941.83 2920.5 2937.83 2916 2939 2937 2927 2907.5 
2921.79 2937.3 2917.7 2935.17 2921.5 2917 2922.5 2938.17 
2933.17 2934 2936.17 2929.1 2915.5 2908.5 2935.5 2926 
2927.5 2941.2 2933.3 2919 2931.5 2918.5 2941.2 2929.5 
2941.2 2941.2 2907.5 2930.5 2924.17 2934.83 2917 2916.7 
2931.17 2933.83 2940.5 2931.83 2939.83 2935 2925.83 2931.5 
2921.83 2930.5 2904.5 2935 2940.6 2925.17 2933.5 2928.5 
2907.17 2935.5 2936.3 2932.3 2932.83 2909.17 2919.17 2932.17 
2920.5 2937.5 2937.7 2913.5 2935.9 2928.83 2928.5 2925.9 
2913 2931.5 2929.5 2932 2932.17 2943.5 2932.17 2935.5 
2919.83 2936.17 2907 2925.17 2929 2912.5 2931.9 2929.3 
2933.5 2908.5 2944.17 2939.3 2940.5 2919.5 2919.5 2937.3 
2942.5 2935 2931.5 2934.17 2928.7 2909.17 2919 2913.83 
2942.9 2934 2939.5 2927 2935.1 2913.9 2927.5 2920.7 
2931.5 2930.5 2934.5 2928 2932.5 2938.83 2941.1 2916.17 
2944.17 2937.3 2930 2906.5 2942 2909.5 2938.17 2930.17 
2943 2936.83 2909 2940.3 2937.5 2936.17 2925.83 2934.17 
2936.5 2920 2942.5 2935 2919.5 2920.3 2933.5 2935.7 
2931.1 2932.5 2933 2941 2934 2914.5 2929.5 2911.17 
2925 2937.83 2940.5 2922.83 2945.4 2938 2924.1 2932.5 
2925.5 2919.17 2910.5 2937.5 2943.83 2912.3 2931 2932.83 
2938.83 2935.83 2932.5 2912.5 2940.07 2935.5 2934.17 2931.5 
2931.83 2926.1 2904.9 2931.5 2935.83 2922 2937.17 2923 
2912 2939.5 2932.17 2954 2943.83 2930.9 2945 2945.9 
2946.5 2933 2941 2919.17 2934.17 2937 2941.17 2923 
2932 2943.17 2933.17 2941 2939.17 2937.5 2911.17 2941 
2925.17 2914.7 2939.83 2940.5 2910.5 2928.9 2947.3 2903.5 
2950.9 2943.17 2934.17 2950.9 2945.5 2950.9 2950.9 2950.9 
2950.9 2950.9 2950.9 2950.9 2950.9 2950.9 2950.9 2950.9 
2952.3 2952.3 2952.3 2952.3 2952.3 2952.3 2952.3 2952.3 
2952.3 2952.3 2952.3 2952.3 2952.3 2952.3 2952.3 2952.3 
2942.4 2942.4 2942.4 2942.4 2942.4 2942.4 2942.4 2942.4 
2942.4 2942.4 2942.4 2942.4 2942.4 2942.4 2942.4 2942.4 
