# RVDC U1 t0 parameters T0 Error 
0 0 0 0 0 0 0 0 
0 0 0 0 0 0 0 0 
0 0 0 0 0 0 0 0 
0 0 0 0 0 0 0 0 
0 0 0 0 0 0 0 0 
1.88389 0 0 1.90459 0 0.982114 3.53159 2.68135 
1.30656 5.09877 4.27895 2.68135 0.536656 2.44949 0.707107 3.64933 
2.68135 0 10.064 1.88389 2.10693 0 10.064 2.68135 
6.84075 3.53159 6.84075 6.10432 5.72194 5.11081 1.01835 7.66927 
2.44592 9.55595 9.94544 2.60726 2.834 0.951057 16.0153 14.7354 
1.87467 1.8235 2.15154 1.46302 3.11386 7.09561 5.03127 6.75779 
3.51257 1.43324 1.90459 10.064 2.37134 7.9576 3.88235 12.6496 
1.88389 0.985211 0.985211 1.65654 3.17779 2.10693 3.51257 2.15154 
10.432 2.834 5.21886 2.37134 2.834 1.30656 4.11439 0.524599 
5.72194 0.536656 3.11386 5.40453 6.13969 1.65246 10.5618 1.21656 
1.48856 16.0153 18.2842 1.88389 11.4731 5.039 5.39001 1.41068 
8.08462 5.039 10.5618 1.89021 2.55647 12.0642 5.77878 1.46302 
2.48069 3.95016 7.492 5.11081 2.31183 0.985211 0.66341 0 
5.65685 1.8235 3.10371 6.26281 2.97965 0.524599 1.2682 5.11081 
1.65246 2.10819 1.40833 3.88581 3.95016 4.11439 3.51257 2.63561 
2.15154 1.21656 2.48069 4.22958 2.59808 9.55595 2.82505 2.23357 
5.039 2.834 1.88389 14.755 5.4451 2.27297 1.29267 1.89021 
1.75901 17.195 1.60694 2.60726 2.82505 2.05427 4.27906 7.492 
3.67111 0.918695 5.03908 2.17162 3.13031 6.88815 2.23357 0.985211 
14.7354 9.80347 2.30479 4.21768 3.28 5.77878 1.50375 1.03009 
2.21437 2.50954 3.13031 4.55077 7.494 8.71942 8.04668 5.8586 
3.46924 5.39001 2.84572 1.75082 4.21768 18.9031 2.07356 1.65654 
4.26367 0.536656 1.27682 6.87437 9.12564 6.88815 1.18297 12.0642 
5.72194 6.03438 2.60726 0.476935 12.891 11.3674 3.88581 7.70921 
3.10371 5.18416 2.64182 7.62194 9.41238 4.86209 3.05511 3.95016 
3.45443 8.55939 4.4952 5.77878 2.15154 6.67685 5.11081 4.85492 
3.47325 3.18707 5.40453 3.05511 3.06663 1.345 1.76722 7.492 
2.45689 6.16203 7.09561 5.5626 1.82428 3.28 7.494 4.68979 
1.4838 1.36413 9.14667 2.12202 2.21437 6.26281 1.83152 3.60778 
4.52104 1.42953 1.79085 8.04875 6.48682 0.918695 2.42369 6.44813 
4.4952 1.87467 0.681626 2.58199 3.05511 5.74395 1.36413 2.03933 
4.18838 5.49047 1.89021 6.8328 9.0729 4.88967 1.27682 0.707107 
3.51257 2.74597 5.21886 2.15154 7.16707 2.31183 0.918695 18.9031 
5.09877 6.75779 1.46302 1.89021 6.26281 3.64933 9.55595 3.43295 
2.07356 11.4399 0 3.43295 2.89278 1.90459 2.89278 0 
0 0 0 0 0 0 0 0 
0 0 0 0 0 0 0 0 
0 0 0 0 0 0 0 0 
0 0 0 0 0 0 0 0 
0 0 0 0 0 0 0 0 
0 0 0 0 0 0 0 0 
# RVDC U2 t0 parameters T0 Error 
0 0 0 0 0 0 0 0 
0 0 0 0 0 0 0 0 
0 0 0 0 0 0 0 0 
0 0 0 0 0 0 0 0 
1.90459 5.65685 0 2.89278 3.0075 2.68135 7.02947 1.88389 
3.43295 0 4.37696 3.53159 4.27895 1.08766 1.8235 2.44949 
1.8235 4.27895 8.41245 0 4.37696 2.89278 2.48069 1.08766 
3.43295 3.53159 0.536656 4.11439 7.02947 1.30656 5.11081 1.89021 
3.10371 0.524599 5.65685 7.02947 2.834 4.22958 1.87467 2.15154 
1.29267 0 1.89021 3.51257 3.10371 3.13031 0 0.707107 
0 4.18838 4.09101 0.985211 1.60541 0.982114 1.75082 4.86209 
5.03127 4.86209 1.46302 3.56009 0.982114 7.9576 0.536656 4.60056 
1.29267 1.09689 14.7354 4.60056 3.06663 2.37134 2.42369 3.11386 
5.77878 1.89021 4.22958 3.88581 0.524599 0.788403 1.89021 3.79645 
2.15154 0.379886 2.42369 7.9576 5.72194 0 2.85543 3.10371 
0.430331 7.9576 6.37802 3.64933 2.68135 1.79085 1.26206 4.11439 
11.1703 12.0642 8.47163 7.492 1.29267 0.524599 1.79085 8.71942 
8.41245 0 5.03127 2.30479 1.14159 0.536656 4.58258 0.536656 
3.51257 4.4952 3.67111 0.524599 0.781387 5.13616 5.039 3.06663 
7.16707 3.64933 8.31021 1.23122 1.90459 1.75082 2.42369 10.5618 
10.5618 3.79645 0.985211 5.40453 2.30479 4.63885 2.30479 6.26281 
3.06663 5.18416 0.788403 3.95016 2.59808 1.88105 18.2842 2.62149 
11.4731 1.89021 3.88581 3.89026 2.03933 0.524599 2.74695 1.19166 
6.75524 4.27895 2.80614 3.10371 2.48069 4.72159 7.9576 1.78004 
2.30479 0.781387 1.64031 0.681626 2.60726 7.494 6.67685 1.22474 
1.87467 2.32685 13.3887 10.432 11.2999 6.88815 3.0075 5.8586 
3.27746 4.85492 14.3084 10.0536 3.47325 9.41238 1.82812 4.58258 
3.11386 10.1869 1.65246 0.762871 4.85492 6.28642 0 0 
5.72194 4.26367 3.88581 14.3946 0.941945 1.88105 1.40833 6.75524 
1.26206 6.28642 2.82505 1.79085 3.67111 5.39001 1.14159 5.40453 
2.21437 0.781387 3.3277 2.21437 2.37103 1.65654 3.53159 4.11439 
3.18707 5.18416 5.8586 6.75524 2.27297 9.0729 5.06933 2.30479 
3.0769 9.0729 5.4451 1.75082 8.63314 6.75524 7.07898 5.58198 
2.37103 1.22474 2.62939 5.039 0.985211 5.4451 3.3277 12.3942 
1.49891 2.834 0.985211 2.79225 0.524599 2.34487 7.09561 7.50291 
1.64031 6.28642 2.05427 5.49047 6.75524 2.82505 3.59815 2.16087 
2.17162 0 3.40369 2.91448 1.18297 7.494 2.56737 4.22958 
3.7286 2.79043 16.0153 7.9576 3.0769 1.83152 6.13969 2.42369 
2.80614 2.834 4.60056 2.85543 0 5.11081 4.09101 5.39001 
1.09689 5.81656 0 0.549342 2.34487 3.88235 0.358162 1.01835 
2.89278 4.60056 2.15154 2.68135 3.11386 3.06663 0 2.76455 
5.09877 6.10432 1.30656 5.65685 1.49071 1.90459 0 0 
0 0 0 0 0 0 0 0 
0 0 0 0 0 0 0 0 
0 0 0 0 0 0 0 0 
0 0 0 0 0 0 0 0 
# RVDC V1 t0 parameters T0 Error 
0 0 0 0 0 0 0 0 
0 0 0 0 0 0 0 0 
0 0 0 0 0 0 0 0 
0 0 0 0 0 0 0 0 
0 0 0 2.89278 2.76455 1.90459 0 1.40833 
1.49071 1.40833 2.68135 4.37696 1.29267 0 0 0 
4.27895 8.41245 0.707107 1.87467 0 3.43295 1.8235 3.06663 
5.11081 0.985211 1.01835 4.60056 3.53159 1.8235 6.10432 1.40833 
6.84075 2.48069 3.53159 6.84075 4.11439 7.66927 0.762871 0 
3.47555 0.951057 0.707107 7.9576 7.9576 1.89021 5.72194 4.86209 
0.982114 2.55647 4.11439 5.21886 11.7132 5.039 3.06663 3.59815 
0 6.10432 0.762871 10.5618 4.18838 3.13031 5.11081 10.5618 
1.29267 0.536656 6.84075 3.11386 1.01835 5.72194 3.88581 3.18707 
2.69349 2.80614 3.10371 4.60056 0.536656 2.10819 2.38483 1 
6.10432 2.56737 16.0153 1.88389 5.09877 2.48069 16.0153 4.18838 
2.07356 6.13969 2.31183 3.13031 1.23122 8.71942 14.755 0.866189 
4.27906 2.34487 1.60541 2.44949 1.54042 6.0515 2.60726 2.10693 
3.06663 4.21768 1.89021 3.51257 2.63561 7.492 2.48069 15.6975 
1.65654 4.11439 7.494 3.40369 2.15154 2.03933 8.08462 10.0536 
2.80614 1.96567 0.781387 4.0891 0 3.06663 2.21437 3.40369 
6.20482 18.9031 0.536656 0 0 8.71942 9.41238 3.13031 
2.21437 9.94544 1.73567 2.37134 16.0153 7.492 3.40369 1.49295 
2.80614 3.18707 2.74597 1.29267 3.95016 2.12202 4.22958 3.64933 
0 1.08766 3.06663 8.71942 4.60056 3.88581 5.03908 3.13031 
6.13969 4.63885 1.23483 2.30479 0.781387 1.40126 3.40369 1.29267 
1.89021 2.56737 7.66927 1.57093 1.73567 2.48069 5.19746 1.96567 
4.58258 1.0492 1.60541 2.60726 4.92278 0.66341 0.918695 7.62194 
4.80288 5.81656 8.63314 1.42953 1.50375 5.81656 2.80614 6.75524 
6.28642 4.36042 7.21119 0.781387 1.87467 12.3942 4.60056 7.494 
4.27906 4.60056 6.6229 4.14433 1.60694 4.09101 3.89026 2.27297 
5.03127 3.06663 4.60056 0.781387 2.82505 23.489 0.941945 3.11386 
10.7388 5.40453 2.834 4.55077 9.14667 2.31183 6.67685 3.69311 
1.19166 13.3218 5.19746 6.28642 8.45244 3.18707 4.55077 4.52104 
5.81656 3.51364 11.4728 1.89021 2.92918 6.05813 3.11386 3.10371 
4.80288 2.63561 2.97965 9.49604 0.781387 9.04036 2.63809 5.06933 
3.53337 4.72159 3.85985 1.43324 2.48051 1.21656 3.91616 10.0536 
2.89278 5.74395 6.44813 7.09561 3.10371 6.68353 5.11081 2.38483 
0.707107 7.9576 4.86209 4.4952 2.37134 13.3218 4.60056 0 
1.46302 0.918695 2.23357 2.23357 2.48069 1.82428 2.89278 1.90459 
1.49071 0 2.89278 4.37696 2.44949 1.30656 0 4.27895 
0 0 0 0 0 0 0 0 
0 0 0 0 0 0 0 0 
0 0 0 0 0 0 0 0 
0 0 0 0 0 0 0 0 
0 0 0 0 0 0 0 0 
0 0 0 0 0 0 0 0 
# RVDC V2 t0 parameters T0 Error 
0 0 0 0 0 0 0 0 
0 0 0 0 0 0 0 0 
0 0 0 0 0 0 0 0 
0 0 4.27895 0.707107 0 0 1.49071 2.76455 
0 1.30656 1.30656 2.76455 0 6.75779 0.951057 1.8235 
2.89278 0.982114 4.11439 0 5.09877 1.90459 0.536656 2.23357 
1.01835 0 4.86209 2.15154 1.88389 2.15154 0.982114 3.53159 
1.8235 4.86209 0 3.13031 5.11081 1.30656 0 2.834 
2.68135 2.68135 0.681626 2.10693 1.46302 0 0 0.985211 
6.84075 14.7354 9.94544 1.20325 0 5.72194 0.982114 5.77878 
4.27895 3.51257 7.9576 0.982114 14.7354 2.74597 2.37134 5.65685 
3.51257 2.15154 3.61068 2.68135 0.781387 3.40369 2.23357 0.985211 
4.63885 5.09877 1.30656 7.492 6.10432 5.03127 5.03908 4.60056 
4.11439 0 13.3218 3.47555 11.4399 8.39833 5.21886 1.29267 
18.2842 2.30479 5.72194 3.39411 0.701255 3.59815 3.43295 2.15154 
1.30656 5.39001 2.85543 3.18707 3.13031 4.11439 8.47163 1.82428 
9.0729 2.74597 8.08515 14.7354 5.11081 1.46302 4.63885 2.74597 
7.492 22.0715 6.20482 10.0536 4.63885 2.42369 4.58258 0.781387 
3.13031 8.04668 6.20482 5.72194 2.03933 17.195 3.60778 0.707107 
4.63885 0.866189 1.49071 3.13031 2.85543 5.8586 6.84075 1.89021 
3.40369 8.04668 3.88235 5.39001 6.75779 12.0642 3.51257 6.75524 
2.85543 10.5618 12.3134 2.38483 2.07356 1.60541 3.88581 1.90459 
1.44016 2.76455 10.0536 6.75779 4.03627 4.86209 2.68135 6.26281 
1.43324 4.58258 3.59815 0.778466 2.85543 3.06663 3.59815 6.26281 
3.88581 4.4952 7.62194 1.43324 0.646128 5.4451 0 9.41238 
0 4.26367 3.39411 3.39411 1.89021 0.646128 1.89021 4.58258 
3.79645 0.709951 3.0769 5.03908 2.23357 1.79085 4.85492 2.17162 
3.51257 8.71942 2.84572 5.40161 2.32685 7.16707 7.62194 2.63561 
1.48856 4.37696 7.494 2.42369 8.71942 6.26281 10.0536 2.42369 
5.53413 0.832122 3.51406 3.88581 1.46302 3.59815 5.4451 3.0769 
9.49604 6.26281 8.21067 2.48069 1.50375 1.29267 2.48069 2.48051 
6.28642 3.40369 3.95016 2.21437 3.53159 4.09101 3.05511 3.51257 
7.70921 9.49604 2.79043 3.56676 2.63561 1.18297 1.10493 10.6809 
2.88347 3.06663 2.10819 2.60726 5.09877 1.44016 5.18416 1.30656 
1.88105 2.89278 0.653281 2.60726 2.68135 1.87467 3.63547 2.31183 
4.18838 5.039 2.85412 3.9629 1.60541 3.59815 3.39411 3.79645 
1.73567 1.75901 2.60726 3.91616 3.7852 1.46302 2.31183 4.18838 
1.30656 4.11439 3.56676 0.353553 6.67685 4.52104 1.65246 2.68135 
0.423443 5.06933 1.40833 14.3084 8.41245 5.72194 3.40369 0.918695 
0.982114 6.84075 1.87467 6.10432 2.10819 6.75779 1.40833 0.681626 
4.86209 2.48069 1.89021 2.44949 0.951057 2.23357 0 8.41245 
4.37696 2.89278 0 3.43295 2.76455 0 0 0 
0 0 0 0 0 0 0 0 
0 0 0 0 0 0 0 0 
0 0 0 0 0 0 0 0 
0 0 0 0 0 0 0 0 
# LVDC U1 t0 parameters T0 Error 
0 0 0 0 0 0 0 0 
0 0 0 0 0 0 0 0 
0 0 0 0 0 0 0 0 
0 0 0 0 0 0 0 0 
0 0 0 0 0 0 0 0 
0 0 0 0 0 0 3.43295 0 
1.88389 2.89278 4.27895 3.53159 2.68135 2.44949 4.27895 2.89278 
2.68135 5.65685 4.27895 2.68135 0.951057 7.02947 0.707107 0 
4.27895 1.8235 1.29267 1.88389 5.11081 2.68135 4.27895 8.41245 
0.707107 1.18297 2.89278 0 8.41245 3.43295 5.21886 2.834 
2.48069 6.75779 1.89021 5.21886 1.29267 5.21886 1.30656 6.75779 
0.707107 3.53159 1.01835 1.8235 0.430331 2.44949 4.27895 3.11386 
2.89278 11.4399 1.8235 5.09877 2.68135 9.55595 0.951057 8.41245 
4.11439 6.75779 6.75779 2.31183 3.88235 2.44949 0 4.4479 
0 1.01835 0.951057 3.51257 1.30656 3.88235 1.40833 4.18838 
11.4399 2.63809 1.89021 1.01835 0.951057 0 2.15154 6.75779 
4.63885 2.10693 2.89278 0.524599 1.75901 2.68135 5.65685 0 
6.75779 3.88581 2.31183 10.1869 3.11386 2.68135 3.88235 8.41245 
1.49071 3.61068 7.09561 0.681626 0.985211 1.89021 3.11386 0.982114 
3.88581 2.10693 1.88389 5.09877 0 2.48069 7.02947 10.5618 
7.9576 7.66927 1.88389 2.23357 6.10432 0 1.08766 6.84075 
4.80788 9.55595 2.37134 1.90459 8.39833 1.30656 0 0.306186 
1.88389 12.6496 1.14159 5.39001 4.18838 0.681626 5.21886 2.76455 
0.951057 4.11439 0 3.06663 8.08515 2.10693 0 1.11536 
1.75901 3.06663 2.15154 0 6.75779 4.63929 2.31183 0 
1.87467 1.18297 0 4.27895 1.49071 1.08766 3.51257 8.71942 
6.84075 2.89278 0 0 0.707107 0.430331 1.88389 1.90459 
2.07356 0 3.64933 1.01835 1.18297 3.06663 2.48069 2.74597 
2.48069 3.17779 3.47555 0.536656 6.10432 3.64933 1.89021 2.34487 
2.74597 7.492 0.781387 1.18297 1 1.75398 2.68135 3.06663 
4.18838 8.41245 1.43324 3.56676 9.0729 2.68135 0.681626 1.30656 
2.15154 3.51257 5.09877 7.492 9.55595 4.60056 0 5.11081 
0.951057 6.75779 5.11081 10.5618 7.492 5.09877 9.55595 2.68135 
3.88581 1.42953 9.94544 5.09877 0 13.3218 4.4952 7.9576 
3.43295 4.80788 0 7.492 6.84075 6.05813 4.37696 9.94544 
8.71942 0.707107 3.59815 5.21886 1.89021 1.46302 10.5618 7.492 
1.44016 5.03127 1.29267 0.549342 6.84075 0 8.71942 2.48069 
4.21768 3.79645 4.11439 0 4.11439 4.11439 14.7354 4.86209 
1.30656 0.707107 0 4.37696 6.10432 3.0075 1.49071 2.89278 
1.88389 4.27895 5.65685 5.65685 2.76455 1.01835 1.01835 0 
0 0 0 0 0 0 0 0 
0 0 0 0 0 0 0 0 
0 0 0 0 0 0 0 0 
0 0 0 0 0 0 0 0 
0 0 0 0 0 0 0 0 
0 0 0 0 0 0 0 0 
# LVDC U2 t0 parameters T0 Error 
0 0 0 0 0 0 0 0 
0 0 0 0 0 0 0 0 
0 0 0 0 0 0 0 0 
0 0 0 0 0 0 0 0 
0 0 0 0 0 0 4.27895 0 
0 1.90459 0 5.65685 0 0 1.88389 1.30656 
4.27895 4.27895 2.76455 2.44949 0 0 1.30656 0.951057 
0 0 4.27895 2.89278 5.09877 5.65685 1.88389 0.707107 
0 3.56009 2.48069 5.65685 0 1.90459 0 1.01835 
0 1.88389 0 2.68135 3.06663 4.27895 2.44949 6.75779 
4.27895 2.68135 4.11439 3.06663 6.75779 2.23357 1.30656 0 
2.68135 4.27895 5.21886 1.01835 1.89021 1.90459 0.681626 0 
5.77878 6.10432 2.10693 0 0 5.65685 0 0 
1.97442 3.0075 6.10432 3.53159 11.4399 8.41245 0.707107 4.27895 
9.55595 5.11081 0 0 1.88389 0.707107 0 3.11386 
2.34487 2.68135 5.11081 2.07356 0 3.53159 3.64933 9.55595 
1.8235 5.65685 2.44949 0 9.55595 6.75779 5.65685 8.41245 
2.834 1.75398 1.40833 0 1.89021 0.707107 5.09877 0.951057 
10.064 2.68135 5.11081 1.90459 4.60056 9.55595 5.11081 1.82428 
0 0.982114 0 0 5.09877 2.63809 2.44949 0.951057 
7.02947 0 5.65685 1.29267 9.55595 2.10693 9.55595 0 
0 3.11386 0.707107 2.31183 1.44016 8.41245 2.48069 6.75779 
1.44016 10.064 5.65685 3.53159 7.66927 5.11081 0.982114 8.41245 
0 1.90459 2.15154 0 0.951057 0.985211 1.88389 2.10693 
1.01835 8.41245 0.536656 4.60056 0 1.01835 3.06663 0.985211 
1.82428 1.30656 1.18297 1.11536 1.89021 4.37696 3.43295 7.66927 
2.10693 2.89278 1.90459 0 7.66927 1.89021 11.4399 5.77878 
7.02947 3.53159 3.0075 3.88235 1.88389 3.11386 3.11386 5.11081 
0.985211 1.82428 0 1.46302 5.77878 4.60056 8.41245 6.10432 
1.88389 2.10693 2.68135 5.77878 5.11081 0 13.745 1.08766 
2.34487 2.60726 0.622543 5.09877 13.3218 2.10693 2.68135 5.65685 
3.51257 9.55595 0.762871 3.51257 8.47163 9.0729 0 3.43295 
0 0.951057 2.23357 1.08766 1.44016 1.8235 6.75779 0.762871 
3.51257 1.30656 7.9576 1.8235 1.18297 1.20325 2.68135 6.20482 
0.524599 8.71942 0.781387 8.71942 5.11081 11.7132 2.60726 7.492 
7.66927 1.08766 4.11439 1.82428 5.65685 2.68135 12.6496 1.75398 
3.88581 2.68135 4.18838 3.13031 1.87467 9.55595 4.18838 3.13031 
5.09877 3.59815 0 11.4399 4.11439 2.63809 4.37696 5.11081 
5.72194 7.09561 1.97442 1.43324 3.88235 3.59815 5.09877 0.982114 
0.430331 2.68135 0 0.536656 0 2.68135 4.27895 0 
8.41245 0 4.27895 5.65685 1.90459 0 1.90459 1.90459 
4.27895 1.40833 0 0 0 0 0 0 
0 0 0 0 0 0 0 0 
0 0 0 0 0 0 0 0 
0 0 0 0 0 0 0 0 
0 0 0 0 0 0 0 0 
# LVDC V1 t0 parameters T0 Error 
0 0 0 0 0 0 0 0 
0 0 0 0 0 0 0 0 
0 0 0 0 0 0 0 0 
0 0 0 0 0 0 0 0 
0 0 0 0 0 0 0 0 
0 1.01835 0 0 5.65685 0 1.75398 8.41245 
0 2.68135 1.82428 0 4.37696 8.41245 2.23357 3.53159 
3.53159 0.982114 2.68135 0 0 11.4399 2.44949 2.68135 
0 1.8235 2.89278 1.75398 5.09877 8.41245 1.40833 1.49071 
2.48069 4.27895 3.43295 6.75779 6.84075 3.11386 1.49071 0 
0 1.8235 0.951057 1.01835 1.11536 7.02947 0.536656 5.21886 
2.68135 1.30656 4.27895 3.43295 6.75779 0.707107 5.09877 4.11439 
3.43295 0 3.06663 0.681626 7.66927 3.11386 1.88389 1.75398 
1.88389 0.707107 6.75779 0 0.951057 0.681626 1.44016 0 
0 0 3.06663 9.55595 5.09877 0.707107 1.43324 6.10432 
1.8235 5.77878 3.56009 3.03895 2.834 3.43295 3.06663 0 
1.49071 7.9576 2.76455 0 0 0 6.10432 1.8235 
3.47555 2.48069 0.430331 1.87467 0.781387 4.37696 0 2.44949 
3.53159 3.17779 0 2.44949 1.8235 4.11439 3.53159 13.3218 
2.07356 3.51257 3.11386 0.951057 4.27895 1.75398 5.65685 8.41245 
0.707107 1.89021 1.29267 4.11439 1.40833 0 4.4479 0.536656 
9.55595 7.66927 7.9576 1.29267 0 6.10432 2.15154 2.48069 
2.63809 7.9576 0 6.10432 1.43324 2.10693 4.37696 3.53159 
3.53159 0.762871 0.982114 1.43324 0 0 3.56009 14.7354 
5.03127 1.40833 2.44949 0.57735 4.11439 5.11081 9.55595 1.44016 
0.681626 3.06663 0 1.44016 11.4399 7.66927 4.86209 13.3218 
1.8235 11.4399 6.10432 0.430331 3.56009 7.02947 1.88389 18.2842 
7.66927 12.6496 0 3.61068 7.09561 0 12.6496 2.68135 
0.985211 4.86209 1.11536 1.8235 0.524599 2.834 1.30656 4.60056 
2.48069 0 1.29267 0 3.53159 3.06663 1.60541 1.29267 
5.65685 1.83152 5.09877 4.80788 5.77878 4.27906 4.37696 0.681626 
1.88389 0.707107 5.65685 2.44949 0.681626 1.01835 2.68135 3.40369 
0.430331 11.4399 2.17162 4.86209 7.9576 2.834 7.492 2.68135 
3.51257 3.88581 1.69678 0 7.9576 4.37696 0 2.50954 
1.82428 1.20325 2.10693 20.552 1.82428 5.53413 8.08515 6.84075 
13.3218 0.681626 3.39411 2.74597 3.53159 14.7354 1.0492 1.30656 
2.834 5.11081 1.08766 0.536656 5.72194 4.86209 0 3.53159 
5.72194 4.11439 0 8.41245 2.834 4.37696 4.37696 0.951057 
2.68135 6.75779 5.09877 2.68135 4.37696 5.65685 2.68135 1.88389 
0 1.90459 8.41245 0 0 0 0 0 
0 0 0 0 0 0 0 0 
0 0 0 0 0 0 0 0 
0 0 0 0 0 0 0 0 
0 0 0 0 0 0 0 0 
0 0 0 0 0 0 0 0 
0 0 0 0 0 0 0 0 
# LVDC V2 t0 parameters T0 Error 
0 0 0 0 0 0 0 0 
0 0 0 0 0 0 0 0 
0 0 0 0 0 0 0 0 
0 0 0 0 0 0 0 0 
0 0 2.44949 0 0 0 1.01835 0 
0 1.90459 5.65685 7.02947 1.01835 2.76455 4.27895 2.89278 
1.88389 0 0 7.02947 3.11386 1.88389 5.65685 3.43295 
1.88389 3.43295 6.75779 3.61068 4.27895 3.56009 4.37696 5.65685 
0.707107 8.39833 4.27895 1.30656 2.10693 2.89278 4.37696 2.76455 
6.10432 0 1.30656 3.53159 2.34487 6.10432 4.11439 3.51257 
1.30656 1.90459 0 1.8235 0.707107 1.8235 8.39833 2.89278 
0.524599 2.76455 2.48069 2.34487 4.37696 5.11081 2.17162 5.65685 
0.918695 3.53159 2.10693 1.8235 8.41245 6.75779 5.11081 1.49071 
0.681626 0.951057 4.22958 1.69678 6.75779 0.707107 9.55595 3.64933 
1.49071 6.10432 1.8235 0 6.84075 0.982114 2.89278 0 
12.6496 7.02947 7.02947 0 7.02947 2.23357 4.37696 0 
3.88235 0.707107 1.8235 0.707107 2.48069 1.18297 4.11439 2.48069 
3.43295 0.951057 0 1.82428 5.65685 0.982114 10.064 1.69678 
1.90459 0 2.44949 0 3.11386 5.21886 3.43295 2.10693 
1.90459 1.01835 7.9576 0.646128 5.65685 3.59815 0.951057 1.88389 
2.34487 0.951057 3.88235 2.68135 0.781387 0 2.10693 1.88389 
0.430331 7.66927 1.44016 5.21886 3.47555 1.90459 1.75398 8.41245 
9.55595 0.707107 1.82428 1.18297 1.88389 7.66927 0.707107 0 
0 1.87467 4.63885 3.88581 5.09877 1.8235 2.63809 1.89021 
11.4399 3.0075 3.43295 1.82428 3.51257 9.55595 5.72194 2.07356 
4.60056 2.48069 0.707107 0 5.11081 1.88389 0 0 
2.44949 9.55595 7.9576 5.77878 10.064 2.89278 1.43324 4.27895 
1.8235 4.11439 3.11386 0.707107 11.4399 7.9576 3.11386 0 
4.11439 0 0 2.38483 3.13031 1.8235 1.11536 4.37696 
8.71942 2.07356 8.39833 1.87467 4.63885 2.15154 3.11386 0 
7.66927 2.48069 1.43324 0.982114 10.064 2.15154 8.47163 2.23357 
0.646128 2.23357 1.40833 2.37134 3.64933 4.37696 3.06663 1.11536 
4.11439 4.11439 2.10819 2.15154 2.55647 0 2.10693 3.61068 
2.68135 10.1869 1.50375 1.08766 0.57735 6.75779 5.65685 1 
2.10693 6.13969 4.37696 4.18838 0.549342 1.87467 11.4399 6.10432 
0.985211 1.44016 0 1.01835 2.05396 1.90459 4.37696 1.75901 
4.18838 1.89021 2.48069 0.832122 3.53159 3.43295 0 1.89021 
2.31183 4.10854 9.55595 8.39833 1.90459 4.60056 0.762871 1.75901 
0 0 5.72194 5.21886 2.68135 1.30656 2.68135 9.55595 
5.77878 6.75779 2.48069 0 2.89278 3.43295 0 2.89278 
1.88389 5.09877 0 3.0075 0 0 1.90459 0 
0 0 0 0 0 0 0 0 
0 0 0 0 0 0 0 0 
0 0 0 0 0 0 0 0 
0 0 0 0 0 0 0 0 
0 0 0 0 0 0 0 0 
