# RVDC U1 t0 parameters T0 Error 
0 0 0 0 0 0 0 0 
0 0 0 0 0 0 0 0 
0 0 0 0 0 0 0 0 
0 0 0 0 0 0 0 0 
0 0 0 0 0 0 0 1.90459 
1.01835 1.88389 0 0 4.27895 4.27895 0 0 
2.76455 0 1.88389 0 1.8235 0.707107 1.8235 8.41245 
2.89278 7.02947 0.781387 5.65685 0 6.75779 5.65685 6.75779 
3.53159 6.10432 2.48069 0.430331 0.536656 5.53413 5.11081 9.55595 
4.27895 1.87467 4.11439 4.11439 2.63809 0 5.09877 7.9576 
0.762871 1.29267 3.47555 1.09689 2.834 4.18838 2.89278 0 
5.77878 3.51257 2.31183 2.74597 1.87467 3.51257 1.88389 2.38483 
2.34487 4.18838 6.88815 5.77878 2.15154 1.89021 6.10432 3.59815 
5.53413 11.7132 3.95016 3.06663 3.05511 0.762871 1.90459 3.53159 
2.30479 1.40833 1.43324 0.646128 13.745 4.60056 0 1.49071 
2.89278 0.985211 13.3218 3.13031 4.18838 14.7354 2.10819 4.21768 
4.60056 1.60541 0 8.71942 7.66927 1.90459 0.781387 1.79085 
5.65685 2.55647 0 0.982114 4.63885 4.18838 4.09101 0.524599 
0.536656 6.84075 5.58198 1.46302 1.29267 2.10693 4.52104 3.56009 
1.29267 2.834 2.834 0 3.18707 8.41245 3.88581 2.55647 
2.50954 4.63885 3.13031 1.60694 2.15154 3.10371 9.55595 2.10693 
7.492 6.67685 5.11081 6.05813 2.48069 2.37134 1.40833 0.762871 
9.41238 0.681626 12.0642 2.42369 7.492 3.18707 10.0536 6.13969 
0.524599 3.40369 6.13969 6.67685 4.21768 3.06663 2.834 6.26281 
0.985211 4.09101 2.48069 5.21886 0 4.63885 3.63547 4.55077 
5.8586 18.2842 9.07326 5.11081 7.9576 8.08515 1.10493 0.951057 
0 2.85543 1.23122 5.11081 2.84572 4.26367 2.74597 10.5618 
2.68135 12.891 1.88389 6.84075 7.9576 4.11439 2.34487 6.26281 
3.40369 1.29267 3.17779 5.8586 3.95016 2.74597 1.27682 12.0642 
5.039 3.53159 8.92544 1.89021 8.63314 2.82505 5.40453 3.64933 
0 4.09101 1.29267 3.51257 4.52104 3.47555 5.8586 3.28 
2.76455 6.75779 2.50954 3.39411 4.63885 7.16707 6.67685 0.515213 
2.85543 4.21768 1.2682 2.45689 1.09689 7.02947 3.47325 1.60541 
1.96567 0 0.555581 0.985211 3.27746 1.87467 4.18838 2.10693 
1.11536 0 5.65685 4.80788 4.55077 16.6723 3.9629 0.951057 
3.06663 2.85543 6.13969 1.26206 3.51257 4.55077 1.64031 5.039 
1.14159 6.28642 1.44016 1.88389 7.21119 5.21886 0.788403 3.06663 
0.918695 2.03933 0.781387 5.21886 10.5618 4.60056 1.30656 8.71942 
3.17779 5.11081 1.82428 1.87467 2.63809 5.65685 0 3.47555 
3.53159 4.27895 0 1.49071 4.27895 0 1.01835 0 
0 0 0 0 0 0 0 0 
0 0 0 0 0 0 0 0 
0 0 0 0 0 0 0 0 
0 0 0 0 0 0 0 0 
0 0 0 0 0 0 0 0 
0 0 0 0 0 0 0 0 
# RVDC U2 t0 parameters T0 Error 
0 0 0 0 0 0 0 0 
0 0 0 0 0 0 0 0 
0 0 0 0 0 0 0 0 
0 0 0 0 0 0 0 1.01835 
0 0 2.44949 1.01835 0 0 0 3.61068 
0.951057 1.30656 1.01835 1.88389 2.23357 1.90459 4.37696 2.68135 
1.88389 1.88389 7.02947 1.90459 0.707107 2.89278 1.90459 6.75779 
0.707107 3.11386 0.982114 1.29267 1.01835 7.02947 2.23357 1.11536 
0 0 5.72194 1.29267 4.4479 0.536656 10.064 0 
5.09877 8.41245 5.53413 2.48069 8.41245 1.88389 0.781387 11.4399 
6.05813 6.75779 4.37696 2.834 2.34487 4.27895 0 0 
2.89278 1.88389 0 8.41245 0 2.37134 10.5618 4.37696 
1.30656 1.40833 1.88389 1.40833 1.8235 2.10693 8.39833 14.7354 
0.681626 0.681626 1.40833 3.06663 0 7.09561 3.17779 0 
5.09877 2.76455 10.5618 2.37134 8.71942 4.63885 4.60056 2.15154 
6.75779 1.29267 0 7.9576 0.536656 3.10371 4.11439 1.11536 
8.41245 3.53159 12.6496 1.83152 10.5618 2.48069 2.55647 1.65246 
3.10371 6.84075 0 2.48069 6.84075 1.09689 3.0075 4.22958 
2.37134 4.21768 2.10819 0.781387 7.492 2.89278 3.95016 0.707107 
5.53413 5.21886 7.492 1.40833 4.65369 5.77878 0.788403 1.84776 
3.51257 2.84572 3.11386 3.06663 3.06663 7.9576 4.86209 1.89021 
2.74597 0.781387 2.03933 4.37696 5.8586 2.55647 6.10432 0.430331 
6.84075 0.536656 1.82428 4.63885 2.60726 0.866189 2.50954 0 
1.40833 5.03127 6.26281 3.88581 2.38483 6.10432 1.89021 9.55595 
0.788403 5.21886 0 3.13031 4.37696 14.7354 7.9576 5.8586 
0 3.59815 2.03933 3.53159 3.47555 4.37696 0 1.0492 
6.03438 1.03491 13.745 2.68135 2.48069 3.18707 3.13031 0.788403 
1.29267 3.10371 2.48069 6.75779 3.11386 3.53159 1.65246 1.89445 
0 0.918695 10.5618 6.10432 8.04668 5.4451 4.27906 0.788403 
2.85543 5.39001 5.72194 11.4731 8.71942 2.37134 17.195 5.72194 
0.622543 2.48069 3.53159 5.8586 3.88581 5.03908 0 5.039 
2.30479 1.09689 2.85543 4.26367 2.10819 6.20482 2.10693 3.88581 
5.39001 1.43324 4.81797 8.71942 0.536656 4.37696 3.06663 0.45987 
5.21886 2.68135 4.22958 6.75524 3.28 3.67111 8.47163 1.79085 
3.18707 2.88347 3.40369 2.85543 1.19166 2.80614 5.4451 7.21076 
3.17779 3.40369 3.51257 4.14433 1.82428 3.11386 4.11439 4.58258 
9.55595 7.62194 5.03908 2.27297 3.67315 0 0.622543 0.951057 
7.21119 3.47325 2.48069 2.03933 2.56737 3.59815 2.68135 6.67685 
4.18838 7.492 4.60056 1.30656 1.08766 4.65369 4.60056 3.89026 
5.11081 2.10819 0.524599 2.68135 1.87467 5.65685 1.19166 5.11081 
1.75901 3.53159 4.86209 2.48069 3.53159 1.89021 4.37696 3.53159 
0.536656 1.90459 1.49071 2.44949 2.89278 0 0 0 
0 0 0 0 0 0 0 0 
0 0 0 0 0 0 0 0 
0 0 0 0 0 0 0 0 
0 0 0 0 0 0 0 0 
# RVDC V1 t0 parameters T0 Error 
0 0 0 0 0 0 0 0 
0 0 0 0 0 0 0 0 
0 0 0 0 0 0 0 0 
0 0 0 0 0 0 0 0 
0 0 0 0 1.88389 0 0 0 
1.30656 4.27895 0 0 5.21886 1.88389 0 1.8235 
1.40833 2.48069 4.11439 5.21886 1.01835 2.23357 3.0075 4.11439 
1.8235 9.55595 4.37696 0 1.01835 0 8.41245 8.41245 
9.55595 4.11439 6.10432 0 5.77878 5.09877 3.17779 14.7354 
4.63885 8.41245 1.08766 0.707107 0 2.37134 3.47555 7.09561 
0 14.7354 9.55595 4.18838 0 4.27895 13.3218 2.48069 
2.34487 1.8235 1.40833 2.07356 1.29267 0 0.536656 9.0729 
6.75779 2.74597 2.48069 2.74977 3.51257 1.48856 16.0153 3.53159 
1.84776 8.47163 0.536656 2.15154 18.2842 2.15154 1.87467 0.985211 
1.44183 0.536656 6.92155 10.7388 3.88581 6.75779 4.11439 4.09101 
2.15154 0.985211 6.26281 3.88581 6.37802 0.430331 0 5.72194 
2.25094 7.9576 6.10432 4.22958 4.37696 13.745 2.30479 1.43324 
2.76455 5.039 5.77878 1.48856 4.60056 4.18838 6.26281 3.47555 
8.41245 11.4731 4.18838 5.07645 2.34487 5.039 4.21768 3.53159 
6.26281 0.951057 5.53413 1.65246 3.79645 4.86209 1.08766 3.64933 
2.42369 1.09689 0.918695 5.03908 3.11386 7.494 6.84075 10.5618 
4.4952 1.87467 0.918695 2.80614 3.06663 2.42369 4.37696 10.1869 
3.11386 7.16707 2.30479 1.60694 2.48069 4.27895 1.42953 1.09689 
5.72194 6.67685 0.707107 8.71942 0 7.02947 5.8586 0.57735 
6.67685 1.01835 0.982114 9.19888 0 1.03009 0.358162 5.65685 
3.0075 1.42953 4.85492 0.982114 2.68135 7.05623 3.06663 4.44324 
6.88815 5.21886 1.50375 2.63561 5.11081 2.10819 14.755 2.1472 
3.9629 4.52104 1.90459 1.49071 8.04668 0.932422 10.1869 1 
6.84075 6.20482 6.84075 8.04668 3.95016 7.62194 0 2.48069 
3.18713 2.74597 3.88581 6.20482 0 6.26281 16.6723 2.27297 
2.50954 0 1.43324 3.56676 2.15154 4.30632 1.65246 0 
2.74597 9.94544 8.31021 5.18416 2.60726 5.06757 2.63561 2.37134 
3.43295 4.60056 4.62795 1.23122 4.52104 1.65246 1.88389 1.11536 
5.81656 14.3084 2.85543 4.63885 3.40369 4.26367 9.41238 2.30479 
2.34487 1.46302 1.72765 2.834 4.36042 2.45689 6.84075 2.74597 
1.2682 8.92544 17.195 1.65654 3.56009 1.18297 9.41238 5.11081 
0.524599 4.18838 1.43324 2.50954 3.47555 3.95016 10.5618 9.0729 
1.11536 3.17779 6.10432 3.17779 2.44949 3.0075 2.15154 8.41245 
5.72194 2.23357 0.707107 0.707107 4.60056 1.88389 1.01835 2.68135 
4.37696 4.27895 2.89278 0 2.89278 0 2.76455 0 
0 0 0 0 0 0 0 0 
0 0 0 0 0 0 0 0 
0 0 0 0 0 0 0 0 
0 0 0 0 0 0 0 0 
0 0 0 0 0 0 0 0 
0 0 0 0 0 0 0 0 
# RVDC V2 t0 parameters T0 Error 
0 0 0 0 0 0 0 0 
0 0 0 0 0 0 0 0 
0 0 0 0 0 0 0 0 
0 0 0 0 0 4.27895 0 0 
6.75779 2.44949 2.89278 0 2.44949 4.11439 4.4479 1.40833 
0.707107 2.76455 2.76455 1.30656 3.53159 0 0 4.37696 
3.53159 1.30656 2.68135 8.41245 3.43295 2.48069 6.75779 3.64933 
5.09877 4.27895 0 0 11.4399 6.75779 6.75779 0 
2.34487 1.8235 5.21886 4.11439 0 2.89278 0 3.64933 
4.11439 0.982114 6.10432 1.11536 3.95016 6.10432 9.55595 3.11386 
0 6.05813 5.11081 4.86209 2.60726 9.55595 1.88389 4.86209 
5.77878 8.41245 1.08766 1.30656 5.03127 11.4399 0.982114 4.11439 
0.536656 0 0.536656 9.55595 2.31183 6.75779 9.55595 6.10432 
3.11386 2.10693 5.21886 1.78004 1.30656 1.89021 1.08766 1.82428 
5.53413 0 14.7354 2.834 2.74597 5.72194 1.29267 11.7132 
1.22474 0 9.94544 0 0 5.65685 1.44183 1.46302 
0.681626 9.19888 1.20325 2.15154 1.90459 1.8235 3.64933 5.11081 
5.09877 6.10477 2.60726 3.11386 1.8235 1.14159 8.47163 6.26281 
6.84075 2.56737 3.88581 2.48069 7.66927 1.29267 0 0.430331 
0.781387 0.781387 3.18049 1.30656 0 2.15154 3.59815 2.15154 
0.430331 1.11536 2.834 1.75901 1.14159 7.66927 3.47555 0.762871 
6.10432 7.02947 4.63885 4.11439 7.494 2.10693 3.11386 1.29267 
2.34487 4.26367 4.63885 2.44949 3.89026 9.0729 1.87467 8.08462 
4.21768 1.60541 1.26206 9.94544 0 0 15.2021 1.60541 
8.47163 0 1.09689 1.30656 12.0642 0.951057 4.09101 6.20482 
11.4731 4.60056 0 6.88815 2.60726 2.85543 3 3.18707 
16.0153 1.82428 2.84572 2.89278 4.26367 4.60056 6.10432 3.05511 
3.06663 0.524599 4.63885 1.29267 0.430331 2.50954 5.039 5.03127 
6.26281 6.26281 1.11536 5.40453 2.42369 6.84075 4.18838 1.08766 
3.88581 2.23357 3.39411 1.60694 3.13031 2.07356 0.267078 4.60056 
4.63885 6.26281 5.09877 13.3218 1.8235 5.38458 1.75901 0.762871 
2.30479 4.72159 4.97205 3.60778 5.039 5.039 3.06663 3.39411 
3.0769 0.524599 2.834 4.03627 2.05427 5.53413 2.15154 0.941945 
4.30632 2.834 2.30898 7.9576 0.423443 7.9576 0 6.13969 
10.7388 1.87467 3.51257 3.11386 2.44949 4.62795 3.53159 1.46302 
0.781387 4.62795 4.21768 9.41238 2.17162 1.83152 0 2.56737 
3.13031 9.41238 13.3887 1.82428 11.4728 7.494 1.48856 1.08766 
0.236643 6.68353 1.75901 2.88347 5.039 1.11536 2.834 4.60056 
2.37134 3.39411 3.27746 12.6496 2.10693 1.60694 13.745 1.43324 
5.21886 6.10432 1.49071 3.61068 3.11386 0.536656 3.11386 1.44016 
1.89021 2.76455 4.37696 0.982114 2.68135 5.09877 1.30656 2.89278 
2.89278 0 0.982114 1.90459 0 0 0 0 
0 0 0 0 0 0 0 0 
0 0 0 0 0 0 0 0 
0 0 0 0 0 0 0 0 
0 0 0 0 0 0 0 0 
# LVDC U1 t0 parameters T0 Error 
0 0 0 0 0 0 0 0 
0 0 0 0 0 0 0 0 
0 0 0 0 0 0 0 0 
0 0 0 0 0 0 0 0 
0 0 0 0 0 0 0 0 
0 0 0 0 0 1.90459 1.30656 2.76455 
0 2.89278 4.27895 1.01835 0 2.76455 0 1.40833 
2.89278 1.30656 1.49071 0 8.41245 2.89278 1.90459 0 
3.53159 0 3.53159 0 1.8235 4.27895 5.09877 3.61068 
1.8235 3.53159 3.53159 2.68135 2.44949 6.10432 4.27895 0 
6.75779 0 3.43295 1.88389 5.09877 2.23357 0.358162 1.8235 
1.46302 3.53159 1.49071 1.90459 7.02947 4.37696 2.89278 3.43295 
1.75398 1.30656 1.8235 0 5.09877 6.75779 1.30656 0 
6.75779 5.11081 0 4.11439 3.11386 3.53159 1.89021 0 
2.76455 2.10693 8.41245 2.23357 0 2.89278 5.65685 1.29267 
0 0 3.06663 1.49071 8.47163 0 2.68135 0 
0 0.951057 4.27895 5.77878 5.09877 0 3.43295 5.65685 
0 2.68135 3.06663 2.23357 2.68135 0.681626 3.11386 0.536656 
1.75398 6.75779 0 0.982114 3.64933 3.53159 0 1.40833 
0 0 5.09877 2.68135 0 3.06663 1.29267 0 
4.4479 1.75398 0 3.11386 4.18838 5.65685 5.11081 0.951057 
0.781387 1.30656 1.01835 1.01835 3.47555 1.18297 0.982114 3.88581 
3.06663 1.8235 9.55595 0 0 2.10693 3.43295 1.30656 
1.30656 0 1.49071 7.09561 1.8235 0 2.44949 6.75779 
8.41245 9.94544 5.72194 0.781387 0.681626 5.09877 3.06663 10.064 
1.49071 11.4399 8.71942 7.09561 1.30656 0.57735 2.89278 0 
11.4399 1.40833 2.89278 3.53159 9.55595 0.430331 8.41245 0 
11.4399 0.951057 0 1.82428 4.60056 8.41245 2.48069 0.951057 
2.834 6.75779 2.89278 3.11386 0.707107 4.27895 3.47555 1.75901 
0.524599 3.43295 3.51257 11.4399 1.40833 1.89021 1.11536 2.10693 
5.11081 1.01835 4.60056 0 4.22958 5.11081 1.82428 4.27895 
0.707107 2.48069 0 0.524599 3.11386 1.30656 2.68135 1.89021 
2.15154 1.11536 0 1.8235 14.7354 3.43295 0.982114 3.64933 
2.10693 1.94874 8.41245 10.064 4.37696 1.82428 3.64933 4.11439 
4.37696 6.10432 1.88389 6.10432 4.86209 4.11439 3.43295 2.74597 
1.40833 6.89532 0 4.60056 1.88389 0 0 7.9576 
1.87467 3.47555 3.47555 2.10693 8.41245 4.37696 4.11439 8.08515 
11.4399 1.8235 2.23357 3.43295 1.82428 0 2.44949 3.43295 
0 1.8235 4.27895 2.76455 0 0 0 5.27876 
0 2.68135 0 0 0 0 0 0 
0 0 0 0 0 0 0 0 
0 0 0 0 0 0 0 0 
0 0 0 0 0 0 0 0 
0 0 0 0 0 0 0 0 
0 0 0 0 0 0 0 0 
0 0 0 0 0 0 0 0 
# LVDC U2 t0 parameters T0 Error 
0 0 0 0 0 0 0 0 
0 0 0 0 0 0 0 0 
0 0 0 0 0 0 0 0 
0 0 0 0 0 0 0 0 
0 0 0 0 0 0 0 0 
1.90459 1.01835 2.76455 2.44949 1.01835 1.01835 0 4.27895 
5.65685 2.44949 0 0 0 0 0 0 
0 1.01835 1.30656 0 3.0075 0 3.43295 0 
1.49071 5.65685 5.09877 0 0 0.982114 0.707107 1.88389 
1.88389 4.37696 0 1.8235 7.02947 0 3.53159 2.89278 
0 4.27895 0 0 0 4.11439 8.41245 0 
2.68135 1.8235 1.8235 1.90459 0 0 2.23357 1.90459 
6.10432 5.09877 7.02947 0 1.44016 2.10693 0 4.37696 
2.76455 8.41245 5.65685 1.8235 0 1.49071 1.8235 0.707107 
5.65685 2.89278 8.41245 0 0 3.0075 3.0075 0.951057 
3.53159 0 0 0 2.68135 2.76455 0 3.56009 
0 2.07356 3.43295 6.75779 1.30656 1.08766 0 0 
2.89278 4.37696 1.30656 3.06663 0 1.01835 0.707107 4.27895 
4.37696 0 1.49071 1.29267 5.09877 0 1.49071 4.27895 
2.68135 1.01835 4.11439 9.55595 2.44949 1.82428 2.68135 2.10693 
2.68135 0 1.90459 2.68135 0.707107 4.11439 0 3.0075 
0.982114 4.37696 1.11536 2.76455 1.89021 4.27895 2.38483 3.11386 
3.43295 1.29267 0 5.11081 9.55595 7.66927 3.61068 3.53159 
0 6.10432 0 0 8.41245 5.72194 1.30656 2.89278 
2.76455 3.11386 0 1.30656 4.37696 8.39833 8.39833 0 
0.982114 0 5.09877 0 2.44949 0 6.75779 3.64933 
0.707107 0.982114 0 2.68135 3.64933 9.55595 4.11439 3.88581 
3.43295 0 4.37696 1.82428 1.30656 8.39833 7.66927 4.27895 
0.982114 0.982114 1.49071 2.31183 1.88389 3.51257 10.064 7.66927 
2.89278 5.65685 4.11439 18.2842 1.88389 2.68135 5.21886 3.53159 
1.49071 8.39833 3.64933 0 3.53159 1.29267 8.41245 4.27895 
5.77878 3.0075 5.65685 1.8235 0.781387 0 8.41245 0 
5.11081 2.68135 3.64933 2.89278 2.10819 5.65685 5.65685 5.11081 
2.15154 1.49071 3.06663 1.89021 9.55595 4.86209 1.29267 2.76455 
3.88581 1.01835 3.06663 6.05813 1.40833 5.65685 1.87467 2.68135 
11.4399 6.10432 3.53159 2.74597 4.27895 11.4399 4.11439 1.89021 
2.68135 2.48069 2.68135 6.75779 8.41245 3.03895 2.76455 1.30656 
3.56676 0.982114 3.64933 3.53159 3.61068 0.681626 1.88389 1.75901 
7.66927 3.53159 0 2.10693 4.37696 6.75779 2.89278 6.75779 
6.10432 0 0.536656 0.707107 8.41245 0 1.88389 2.89278 
0 0 1.90459 2.89278 0 0 1.90459 0 
0 0 0 0 0 0 0 0 
0 0 0 0 0 0 0 0 
0 0 0 0 0 0 0 0 
0 0 0 0 0 0 0 0 
0 0 0 0 0 0 0 0 
# LVDC V1 t0 parameters T0 Error 
0 0 0 0 0 0 0 0 
0 0 0 0 0 0 0 0 
0 0 0 0 0 0 0 0 
0 0 0 0 0 0 0 0 
0 0 0 0 0 0 0 0 
0 0 0 0 1.49071 2.89278 1.8235 2.76455 
0 0 1.01835 2.89278 0 4.27895 1.49071 0.707107 
1.30656 0 0 2.44949 0.707107 1.49071 1.01835 0.707107 
2.68135 0 0 2.68135 4.4479 2.68135 3.61068 0.536656 
1.90459 2.10693 1.75398 0 0.951057 0.951057 1.75398 2.44949 
2.48069 3.06663 0.430331 1.01835 0.951057 4.27895 5.09877 0.951057 
5.65685 3.43295 1.01835 7.02947 0 3.53159 8.41245 0.646128 
1.8235 2.68135 2.76455 5.65685 0 2.44949 0 3.06663 
0 5.11081 0 2.68135 2.48069 2.89278 8.41245 0 
0 2.44949 4.37696 0.951057 3.53159 1.82428 4.27895 3.53159 
1.01835 8.41245 7.02947 3.11386 1.40833 1.8235 5.77878 1.40833 
1.49071 0.781387 6.10432 5.65685 3.43295 2.07356 4.37696 4.27895 
10.064 4.37696 1.49071 2.68135 1.8235 7.02947 3.06663 2.68135 
5.09877 2.89278 4.27895 3.0075 2.23357 8.41245 0 1.49071 
3.51257 1.75901 1.29267 0 1.89021 2.23357 4.11439 1.40833 
4.11439 1.40833 2.68135 1.90459 1.90459 3.06663 4.37696 0 
5.21886 4.27895 4.11439 0 0 11.4399 3.53159 0.951057 
2.48069 2.89278 3.53159 3.11386 1.8235 2.44949 4.60056 2.76455 
1.49071 9.55595 6.75779 2.74597 7.66927 1.11536 1.01835 7.02947 
2.68135 11.4399 6.84075 9.55595 6.75779 0 4.11439 4.60056 
2.834 9.55595 5.11081 4.60056 1.90459 0 4.11439 3.51257 
8.41245 1.30656 2.23357 4.11439 2.31183 5.09877 5.72194 1.49071 
3.53159 12.6496 2.68135 11.4399 1.43324 2.23357 9.55595 1.08766 
3.43295 2.10693 5.11081 13.3606 4.86209 4.86209 3.06663 8.47163 
3.56009 1.01835 4.27895 9.55595 0 2.10693 7.66927 11.7132 
9.55595 11.4399 8.41245 10.5618 0.781387 11.4399 5.77878 6.10432 
2.834 0 3.06663 3.06663 2.48069 1.29267 3.64933 4.86209 
6.84075 0 1.01835 1.21656 14.7354 5.03127 2.834 4.60056 
4.18838 1.87467 1.29267 0 7.9576 2.10693 0.788403 3.51257 
3.06663 1.08766 5.39001 2.38483 3.64933 9.55595 1.89021 1.8235 
10.5618 1.8235 4.11439 3.43295 5.65685 8.47163 3.10371 0.524599 
2.74597 1.82428 4.18838 3.47555 4.11439 3.43295 2.89278 2.89278 
5.77878 1.89021 5.65685 0 1.8235 3.43295 5.09877 0 
7.02947 0.707107 5.09877 0.707107 0 0 0 0 
0 0 0 0 0 0 0 0 
0 0 0 0 0 0 0 0 
0 0 0 0 0 0 0 0 
0 0 0 0 0 0 0 0 
0 0 0 0 0 0 0 0 
0 0 0 0 0 0 0 0 
0 0 0 0 0 0 0 0 
# LVDC V2 t0 parameters T0 Error 
0 0 0 0 0 0 0 0 
0 0 0 0 0 0 0 0 
0 0 0 0 0 0 0 0 
0 0 0 0 0 0 0 0 
0 0 0 0 0 0 1.01835 1.88389 
0 1.30656 1.8235 2.76455 0 1.01835 2.44949 0 
0 0.982114 1.90459 0 2.76455 0 1.75398 1.01835 
0.982114 3.43295 2.89278 7.02947 0 1.30656 1.90459 1.40833 
0 0.951057 0.707107 5.09877 0 3.43295 0.951057 1.30656 
1.49071 3.43295 1.01835 1.89021 1.8235 1.75398 8.41245 0.951057 
1.01835 0.707107 3.11386 1.8235 3.0075 2.44949 1.29267 5.65685 
2.68135 0.982114 1.01835 2.89278 1.30656 1.01835 1.88389 0.982114 
5.09877 0 0 0.707107 3.53159 1.89021 0 0.707107 
1.88389 6.75779 0 0.707107 4.27895 8.41245 0.707107 0 
0 1.82428 0 5.65685 3.53159 3.0075 0 4.37696 
5.09877 1.01835 0 2.48069 6.75779 0.681626 11.4399 6.75779 
0 0 4.11439 1.30656 5.65685 1.8235 0 1.49071 
4.27895 3.53159 0 0 1.30656 2.89278 11.4399 4.11439 
3.43295 0.951057 2.89278 2.89278 1.30656 0 2.76455 1.75901 
2.89278 3.53159 0.681626 4.37696 1.8235 1.89021 3.43295 2.89278 
0 3.61068 0 4.27895 1.8235 0 3.53159 0.951057 
1.88389 1.75398 3.53159 0.707107 2.76455 0.951057 0 2.68135 
3.61068 3.53159 4.27895 5.11081 1.75398 1.88389 8.41245 2.23357 
3.0075 5.77878 4.37696 0.536656 6.10432 5.09877 1.40833 0.707107 
1.11536 2.44949 0 1.49071 4.37696 2.44949 6.10432 1.8235 
5.11081 1.11536 2.63809 1.08766 2.89278 1.8235 1.8235 1.01835 
1.30656 2.68135 5.72194 6.75779 2.23357 7.66927 4.11439 1.82428 
5.65685 1.75398 1.44016 1.90459 0 0.681626 1.90459 2.15154 
10.5618 4.18838 4.37696 3.64933 2.07356 0 2.48069 6.10432 
2.44949 4.27895 13.3218 2.89278 4.11439 0 0 3.06663 
0.536656 3.47555 0 3.11386 6.75779 2.34487 0 1.82428 
2.89278 12.6496 0.982114 1.8235 0.430331 1.8235 5.65685 1.40833 
0 7.66927 0.524599 2.76455 3.0075 11.4399 1.44016 1.40833 
7.66927 5.65685 6.10432 8.47163 4.37696 3.11386 7.66927 3.64933 
4.86209 1.44183 0.358162 0 6.75779 0 11.4399 1.90459 
4.22958 6.37802 0.985211 3.06663 5.09877 2.10693 1.29267 5.11081 
7.02947 0.646128 1.29267 1.49071 10.5618 3.03895 1.49071 1.89021 
3.11386 1.8235 3.53159 2.07356 4.37696 5.11081 1.11536 4.37696 
0.982114 1.75398 3.43295 2.834 1.8235 0 3.53159 4.27895 
1.30656 2.68135 1.75398 0 2.76455 0 0.536656 3.56009 
0 0 2.89278 0 0 0 0 0 
0 0 0 0 0 0 0 0 
0 0 0 0 0 0 0 0 
0 0 0 0 0 0 0 0 
0 0 0 0 0 0 0 0 
0 0 0 0 0 0 0 0 
