# RVDC U1 t0 parameters T0 Error 
0 0 0 0 0 0 0 0 
0 0 0 0 0 0 0 0 
0 0 0 0 0 0 0 0 
0 0 0 0 0 0 0 0 
0 0 0 0 0 0 0 0 
0 2.76455 2.68135 1.01835 1.01835 5.65685 0 2.76455 
1.8235 0 0 3.53159 3.43295 1.88389 5.65685 1.82428 
1.01835 0 0.536656 1.88389 1.8235 0.951057 0.707107 0.707107 
8.41245 4.18838 4.11439 6.26281 1.8235 0 2.48069 3.53159 
1.08766 3.11386 3.47555 1.01835 0.982114 7.02947 3.11386 1.49071 
1.11536 10.064 0.985211 6.75779 1.82428 1.89021 4.37696 2.44949 
2.15154 2.84572 5.03127 1.8235 1.87467 1.44016 5.21886 3.06663 
4.11439 2.68135 3.95016 8.47163 11.4399 5.77878 0.707107 6.84075 
0.646128 2.48069 0.430331 1.83152 4.11439 2.17162 1.87467 0.707107 
2.68135 1.42953 7.02947 5.09877 8.47163 0.536656 3.51257 5.11081 
0 6.26281 0.982114 0 4.11439 6.84075 4.63885 6.75779 
0.951057 0 5.11081 1.21656 5.39001 6.75524 1.46302 1.87467 
0.982114 2.10819 2.31183 13.3218 2.68135 6.67685 0.982114 4.60056 
5.039 2.15154 1.20325 5.09877 1.11536 8.08515 5.03127 1.48856 
3.40369 3.10371 3.06663 2.48069 1.89021 1.29267 6.28642 4.0891 
3.11386 4.18838 3.39411 1.48856 2.03933 6.75779 2.37134 2.15154 
5.8586 3.39411 2.74977 2.85543 3.11386 1.89021 5.8586 4.21768 
0.932422 2.68135 0.709951 4.85492 8.04668 5.21886 3.10371 3.88581 
3.11386 3.43295 4.63885 3.11386 9.55595 8.41245 3.63547 1.60694 
5.039 2.42369 2.68135 2.74597 4.11439 6.03438 8.47163 3.40369 
2.48069 2.80614 6.88815 4.11439 3.67111 0 1 1.87467 
16.6723 5.39001 1.09689 1.60541 7.02947 0.866189 2.48069 5.42369 
2.44949 5.07305 3.88581 0.593166 3.88581 0.985211 0 3.53159 
7.9576 0.918695 6.84075 2.10693 1.36413 2.84572 2.15154 4.18838 
1.50375 7.21119 2.79043 1.60541 1.83152 4.63885 3.06663 5.11081 
4.37696 8.71942 2.37103 2.80614 1.19166 1.23483 8.92544 3.47555 
8.47163 7.16707 1.22474 3.67111 3.48159 1.50375 7.9576 2.38483 
11.4728 4.4952 10.064 6.13969 1.43324 3.64933 4.4952 1.18297 
2.21437 3.7852 2.2621 2.42369 6.68353 16.0153 1.29267 8.39833 
0.358162 1.35531 2.21437 4.55077 1.23483 3.06663 4.80788 0.622543 
1.09689 8.71942 0.353553 6.84075 0.549342 3.0769 2.31183 4.85492 
16.6723 1.30656 1.43324 7.494 2.23357 3.88581 8.92544 8.41245 
3.51257 7.492 6.13969 3.51257 2.89278 3.10371 6.84075 4.63885 
0.781387 5.09877 12.6496 3.11386 5.72194 1.88389 0.951057 8.41245 
3.0075 1.30656 0 0.707107 0 0 0 0 
0 0 0 0 0 0 0 0 
0 0 0 0 0 0 0 0 
0 0 0 0 0 0 0 0 
0 0 0 0 0 0 0 0 
0 0 0 0 0 0 0 0 
0 0 0 0 0 0 0 0 
# RVDC U2 t0 parameters T0 Error 
0 0 0 0 0 0 0 0 
0 0 0 0 0 0 0 0 
0 0 0 0 0 0 0 0 
0 0 0 0 0 0 0 0 
4.37696 2.76455 0 1.30656 2.44949 0 3.61068 5.65685 
1.90459 0 1.01835 0.951057 0.951057 4.27895 4.27895 5.09877 
3.0075 3.0075 3.0075 0.951057 2.89278 7.66927 3.43295 1.43324 
9.55595 3.53159 1.90459 4.27895 2.48069 1.89021 7.9576 0 
2.15154 1.46302 3.17779 0.707107 1.89021 1.30656 1.60694 2.10693 
1.30656 0.430331 1.44016 5.11081 1.82428 0 11.7132 2.34487 
1.90459 1.40833 0.358162 3.47555 1.8235 3.51257 2.15154 1.60541 
3.56009 11.4731 1.40833 0.762871 6.84075 0.430331 1.49071 1.29267 
2.44949 2.31183 0 6.37802 0.45987 1.29267 1.30656 1.75398 
5.65685 6.13969 5.72194 0 7.09561 7.9576 5.09877 3.64933 
1.29267 4.11439 2.834 2.69349 1.43324 0.707107 5.11081 6.84075 
3.79645 1.43324 14.7354 4.22958 0.781387 0.951057 0.549342 4.60056 
5.03127 2.15154 2.10819 0 4.60056 4.11439 1.30656 5.21886 
3.0075 6.13969 0 8.39833 3.64933 1.09689 1.40833 7.494 
7.494 1.75901 10.064 8.47163 1.11536 7.66927 4.18838 4.21768 
0.951057 20.552 5.39001 8.47163 4.11439 2.03933 3.27746 8.08462 
16.8199 5.8586 4.60056 0.524599 1.90459 1.46302 2.10693 3.06663 
5.72194 0.985211 1.40833 1.48856 0.524599 6.13969 3.47555 8.71942 
1.60541 13.3218 2.10819 2.27297 2.17162 4.58258 2.60726 0.423443 
6.84075 7.492 2.834 12.6496 1.20325 10.1869 2.31183 1.49071 
9.41238 3.63547 1.09689 1.11536 1.40833 1.09689 1.8235 3.40369 
10.7388 1.18297 4.60056 0 2.10693 3.03895 5.42369 8.71942 
2.82505 2.63809 7.16707 0 6.28642 3.56676 0.985211 1.65246 
8.08462 1.03009 2.03933 5.42369 3.06663 2.60726 1.79085 2.27297 
6.03438 1.21656 2.03933 3.11386 2.57881 3.11386 4.52104 6.88815 
1.09689 20.552 3.53159 5.72194 5.11081 3.11386 4.4952 12.6496 
1.75901 5.8586 5.8586 16.0153 1.8235 5.8586 4.60056 1.21656 
3.13031 1.73567 5.03908 9.12564 2.38483 1.83152 0.982114 2.48069 
3.0769 1.09689 2.48069 5.39001 2.60726 2.28691 3.89026 2.63561 
0.379886 2.27297 3.18713 5.42369 7.07898 14.3084 8.04668 1.11536 
1.79085 8.92544 6.26281 1.44016 1.95482 5.03127 2.04064 2.80614 
1.29267 3.51257 2.30479 3.85149 3.40369 5.58198 4.52104 3.60778 
2.834 2.85543 6.44813 3.43295 5.11081 5.39001 1.89021 7.6356 
4.11439 7.66927 3.11386 6.13969 5.03127 2.15154 0.536656 1.43324 
19.6338 0 0.681626 6.13969 2.10693 10.5618 0 2.31183 
2.834 9.55595 2.68135 7.66927 5.39001 1.30656 4.18838 0 
0.707107 0.536656 5.72194 2.48069 3.11386 1.29267 0 3.53159 
1.01835 2.68135 1.88389 1.90459 0 0 0 0 
0 0 0 0 0 0 0 0 
0 0 0 0 0 0 0 0 
0 0 0 0 0 0 0 0 
0 0 0 0 0 0 0 0 
# RVDC V1 t0 parameters T0 Error 
0 0 0 0 0 0 0 0 
0 0 0 0 0 0 0 0 
0 0 0 0 0 0 0 0 
0 0 0 0 0 0 0 0 
0 0 0 0 0 1.30656 2.89278 2.44949 
0 4.27895 0.707107 0.536656 2.76455 8.41245 1.88389 5.09877 
1.89021 2.89278 0 1.30656 0.982114 2.23357 2.07356 2.76455 
3.53159 2.68135 2.10693 2.48069 0 3.51257 2.68135 5.09877 
11.4399 8.41245 4.27895 1.8235 6.10432 4.86209 1.40833 3.64933 
7.66927 1.30656 1.01835 1.29267 2.57881 10.064 1.87467 5.65685 
3.53159 8.71942 1.8235 0.536656 7.9576 3.06663 4.18838 7.66927 
2.38483 2.834 11.4399 2.74597 5.03127 2.23357 4.11439 0.707107 
2.74597 3.53159 0 2.15154 6.26281 7.492 2.15154 1.87467 
4.60056 4.86209 0.918695 1.30656 3.59815 2.10819 1.40833 3.60778 
4.27906 4.58258 0.762871 2.76455 10.5618 2.34487 13.3218 3.64933 
1.44016 0 7.02947 3.11386 7.492 7.66927 1.83152 7.9576 
8.71942 7.9576 4.4952 0.681626 1.29267 2.42369 3.59815 10.064 
4.4479 2.10693 1.49071 6.84075 2.56737 14.7354 9.0729 1.65246 
4.63885 1.30656 1.89021 3.06663 2.34487 0.762871 1.69678 6.10432 
7.492 2.68135 3.10371 3.0075 11.7132 0 0 3.53159 
8.39833 5.11081 0.430331 0 2.60726 7.16707 0 11.4731 
2.64182 3.64933 0 2.15154 0.762871 1.18297 3.64933 2.00079 
1.41068 3.10371 1.30656 0 8.08515 3.59815 5.03908 7.492 
1.08766 8.71942 2.10693 5.81656 1.49891 2.30479 6.26281 4.18838 
8.71942 2.48051 4.63885 7.9576 13.745 6.67685 10.0536 10.7388 
8.71942 2.48069 3.10371 1.65246 5.81656 3.56676 2.10819 1.83152 
3.47555 3.89026 4.55077 2.80614 3.88581 6.75779 2.74597 4.85492 
6.67685 5.81656 3.67111 10.7388 5.8586 1.87467 8.71942 6.84075 
1.46302 4.85492 6.28642 1.45584 2.56737 1.60541 2.05427 5.72194 
1.89021 1.11536 3.67111 0.45987 3.59815 3.06663 0.982114 4.26367 
1.09689 2.80614 2.15154 3.60778 3.67111 3.40369 3.10371 3.27746 
8.55939 1.75082 9.41238 1.60694 0.622543 0.758317 4.21768 7.16707 
0 1.08766 4.27895 2.31183 2.68135 13.66 6.28642 5.53413 
3.51257 1.48856 5.4451 1.75082 2.60726 4.63885 1.75901 7.9576 
4.18838 0.992145 1.46302 3.59815 3.28 0.549342 1.83152 2.48051 
8.63314 1.79085 2.60726 1.87467 4.85492 0.951057 2.37134 4.4952 
5.039 0.358162 5.72194 7.492 5.11081 2.10819 2.834 4.09101 
2.68135 3.88581 2.834 0.549342 5.21886 10.5618 12.6496 6.75779 
5.03127 1.29267 3.88235 1.49071 1.49071 2.68135 4.27895 0 
1.40833 1.88389 0 0 1.01835 1.88389 0 0 
0 0 0 0 0 0 0 0 
0 0 0 0 0 0 0 0 
0 0 0 0 0 0 0 0 
0 0 0 0 0 0 0 0 
0 0 0 0 0 0 0 0 
0 0 0 0 0 0 0 0 
# RVDC V2 t0 parameters T0 Error 
0 0 0 0 0 0 0 0 
0 0 0 0 0 0 0 0 
0 0 0 0 0 0 0 0 
0 0 0 0 1.01835 1.82428 0 1.90459 
4.27895 5.65685 2.76455 2.68135 1.88389 0 1.8235 2.10693 
7.02947 4.60056 2.23357 1.8235 0.536656 0 0 6.75779 
0.951057 2.68135 3.0075 1.75398 1.30656 1.40833 2.89278 3.53159 
0.982114 3.06663 0 0 2.68135 0.707107 4.37696 0 
1.40833 11.4399 3.61068 1.88389 4.11439 4.80788 0.707107 2.89278 
5.65685 10.064 1.08766 3.64933 2.89278 6.10432 5.09877 12.6496 
2.10693 1.87467 3.64933 3.43692 5.11081 11.4399 3.88581 6.84075 
0.681626 1.88389 2.48069 10.064 0.985211 5.11081 0 1.89021 
2.63809 2.60726 12.6496 5.53413 1.46302 4.18838 0 7.9576 
5.77878 0.866189 6.13969 3.43295 0.951057 5.11081 0.57735 1.09689 
4.97205 5.72194 8.47163 3.43295 3.47555 0.681626 0.982114 5.11081 
1.01835 1.30656 0.982114 9.86978 2.15154 4.27895 0 4.11439 
2.56737 1.29267 1.75398 2.10819 1.29267 2.10819 8.41245 0.646128 
0 2.834 3.10371 9.94544 2.19831 0.524599 3.11386 3.88235 
4.18838 5.53413 3.10371 1.83152 7.9576 1.40833 5.11081 6.20482 
4.18838 11.4731 2.834 4.86209 8.08515 0 2.15154 1.11536 
1.49071 5.65685 5.03127 6.67685 2.44949 4.11439 6.44813 1.90459 
4.60056 5.09877 12.6496 0 16.8199 3.88581 4.85492 2.42369 
5.8586 0.951057 3.79645 3.51257 1.09689 6.37802 1.46302 4.26367 
3.95016 1.11536 1.09689 3.59815 4.0891 1.29267 3.7286 3.59815 
0.524599 7.66927 3.47325 3.10371 8.41245 1.30656 19.6338 1.60541 
6.37802 5.8586 5.03127 3.43295 8.08462 2.34487 0 2.89278 
0.866189 5.58198 11.7132 1.46302 0 0 4.4952 1.48856 
2.30479 4.22958 4.37696 2.10819 7.16707 5.03908 2.30479 7.494 
2.19831 2.31183 2.68135 0.45987 6.75524 7.07898 1.44016 1.75082 
3.51257 1.30656 1.88389 6.75524 1.89021 2.10693 1.29267 0 
1.26206 2.48069 3.7852 2.63561 7.16707 8.92544 2.80614 3.47555 
2.44949 0.681626 3.47555 14.8397 4.26367 1.88389 0.524599 2.10819 
3.51257 3.17779 0 0.709951 4.22958 4.63885 5.8586 6.88815 
9.94544 3.53159 1.95482 1.50375 14.755 3.05511 7.21119 6.88815 
3.67111 6.75779 1.2682 7.16707 5.40453 7.70921 2.42369 17.195 
4.63885 0 4.26367 1.82428 2.60726 1.44016 10.064 2.31183 
5.8586 8.71942 0 3.40369 1.44016 4.26367 11.1703 17.195 
0.781387 3.06663 0.430331 2.834 0.622543 1.94874 1.88389 3.64933 
9.41238 3.47555 5.03127 6.26281 0 1.29267 0.918695 2.10693 
3.53159 1.46302 2.68135 1.75901 2.76455 1.46302 0.982114 1.82428 
2.68135 1.8235 4.11439 0 2.23357 2.44949 1.82428 0 
1.49071 1.01835 1.49071 0 0 0 0 0 
0 0 0 0 0 0 0 0 
0 0 0 0 0 0 0 0 
0 0 0 0 0 0 0 0 
0 0 0 0 0 0 0 0 
# LVDC U1 t0 parameters T0 Error 
0 0 0 0 0 0 0 0 
0 0 0 0 0 0 0 0 
0 0 0 0 0 0 0 0 
0 0 0 0 0 0 0 0 
0 0 0 0 0 0 0 0 
0 0 0 0 0 0 2.76455 1.88389 
0 0 0.707107 1.88389 1.30656 0 4.27895 0 
0 1.49071 2.89278 1.30656 4.27895 1.49071 1.8235 2.89278 
4.27895 1.97442 1.8235 0.536656 0 2.89278 5.65685 8.41245 
1.90459 0 1.30656 1.30656 3.0075 6.75779 9.55595 5.09877 
5.65685 2.44949 2.68135 1.8235 3.61068 0 0.707107 2.89278 
0 5.11081 4.37696 5.77878 0 3.53159 2.68135 8.41245 
5.11081 1.49071 2.76455 6.75779 3.11386 0.982114 7.02947 2.48069 
3.06663 0 3.88235 1.29267 3.53159 7.02947 7.02947 3.47555 
2.89278 3.61068 1.01835 7.66927 2.68135 1.11536 0 11.4399 
4.37696 0 2.76455 1.82428 1.49071 2.89278 4.37696 4.27895 
5.21886 4.18838 2.68135 7.02947 2.89278 1.88389 5.09877 5.65685 
4.11439 0 2.68135 11.4399 2.68135 6.75779 7.9576 5.09877 
1.49071 5.11081 0 1.82428 2.89278 1.11536 0.681626 3.64933 
4.22958 0 0.536656 1.88389 6.75779 2.834 1.88389 5.77878 
5.11081 0.536656 2.68135 6.75779 5.77878 4.37696 1.90459 1.90459 
0 2.48069 2.834 5.72194 3.53159 4.11439 5.09877 0.536656 
2.89278 7.66927 2.10693 3.47555 8.47163 4.60056 2.63809 0 
2.89278 2.74597 6.75779 0.982114 3.06663 3.11386 4.27895 0.707107 
0.681626 3.51257 6.10432 3.47555 6.10432 4.37696 0 7.492 
3.88581 2.76455 3.51257 6.10432 0.681626 1.88389 1.44016 0.707107 
3.06663 1.11536 7.9576 6.10432 6.75779 0 5.11081 4.86209 
0.982114 0 0 5.65685 0 0.951057 9.55595 0.781387 
6.10432 3.88235 12.6496 0 0.681626 4.11439 0.536656 3.64933 
2.23357 1.01835 8.41245 0.681626 0 4.37696 2.15154 0 
5.65685 0.781387 4.11439 1.88389 1.89021 2.07356 3.11386 0 
1.40833 3.88235 1.08766 4.86209 1.46302 9.55595 3.64933 1.94874 
0.707107 3.53159 1.8235 3.88235 4.37696 2.74597 3.53159 2.89278 
7.9576 0 1.89021 4.37696 1.49071 3.43295 3.51257 6.26281 
1.01835 3.06663 1.75398 10.5618 2.76455 3.88235 11.4399 6.10432 
16.0153 0 0 2.48069 1.08766 4.86209 5.77878 3.95016 
2.48069 1.83152 8.41245 3.88581 4.27895 0.707107 7.02947 1.8235 
0 1.49071 1.40833 2.76455 1.01835 1.01835 2.10693 0 
3.06663 2.89278 5.65685 1.89021 1.88389 1.88389 0 0 
0 0 0 0 0 0 0 0 
0 0 0 0 0 0 0 0 
0 0 0 0 0 0 0 0 
0 0 0 0 0 0 0 0 
0 0 0 0 0 0 0 0 
0 0 0 0 0 0 0 0 
0 0 0 0 0 0 0 0 
# LVDC U2 t0 parameters T0 Error 
0 0 0 0 0 0 0 0 
0 0 0 0 0 0 0 0 
0 0 0 0 0 0 0 0 
0 0 0 0 0 0 0 0 
0 0 0 0 0 0 0 0 
0 0 1.01835 1.01835 0 0 1.01835 1.88389 
0 0 1.30656 0 0 1.01835 1.49071 3.61068 
0.951057 1.88389 0 0 0 7.02947 0.982114 0.707107 
1.8235 5.65685 1.30656 0 0 4.27895 6.75779 1.30656 
0 1.90459 0 4.37696 3.06663 3.61068 0 0 
0.536656 1.88389 2.89278 3.61068 2.10693 1.8235 0.707107 1.8235 
0 4.27895 1.49071 3.61068 5.09877 0 2.89278 2.68135 
3.06663 0 3.0075 1.90459 1.88389 7.02947 0 7.02947 
2.68135 5.11081 5.21886 1.88389 4.37696 0 1.88389 0.536656 
0.430331 2.63809 5.09877 0 0 8.41245 0.982114 1.30656 
0 1.88389 3.53159 0.951057 2.44949 0 0 1.30656 
2.89278 6.75779 7.02947 3.53159 0.982114 6.10432 1.30656 2.89278 
2.68135 3.53159 0 2.68135 1.88389 8.41245 1.01835 2.15154 
3.43295 5.65685 1.90459 3.0075 1.30656 0 4.11439 1.89021 
5.77878 7.66927 1.43324 1.11536 0 6.75779 3.61068 0 
2.68135 4.60056 5.11081 5.09877 1.90459 8.41245 5.09877 0 
0 3.61068 3.0075 4.18838 5.09877 0 1.90459 2.76455 
5.09877 10.064 1.89021 0 0.536656 1.88389 3.43295 6.75779 
1.01835 2.63809 5.09877 1.30656 4.18838 4.37696 0 1.30656 
2.48069 6.10432 9.55595 10.064 3.13031 0.536656 10.5618 3.43295 
7.66927 6.10432 1.29267 0.536656 6.10432 0.982114 1.8235 3.51257 
4.86209 6.75779 4.37696 2.68135 2.76455 2.07356 3.0075 3.43295 
5.09877 3.17779 0.951057 9.55595 5.21886 1.11536 1.01835 6.10432 
6.75779 2.44949 3.11386 0 5.09877 0.536656 0 0 
9.55595 4.11439 5.65685 10.5618 5.53413 2.44949 0.951057 2.68135 
0.781387 1.30656 6.84075 3.53159 0 3.53159 2.89278 5.11081 
5.09877 0 1.90459 1.49071 0 0.430331 0.707107 2.74597 
2.48069 2.37134 5.65685 0.536656 6.84075 11.4399 1.30656 1.40833 
5.11081 1.89021 0.681626 0 9.55595 1.40833 7.66927 0 
4.37696 5.11081 6.10432 5.03127 5.11081 1.01835 1.8235 2.68135 
8.47163 11.4399 4.11439 3.06663 4.86209 2.10693 4.86209 0 
1.8235 0 1.89021 5.65685 0 7.66927 2.76455 5.11081 
8.41245 2.834 4.37696 0.358162 0.951057 5.65685 3.11386 5.11081 
1.82428 1.30656 1.29267 1.88389 1.88389 6.75779 1.8235 1.01835 
5.11081 1.30656 1.8235 4.37696 0 4.27895 1.49071 0 
2.76455 0 5.09877 2.76455 2.89278 4.27895 0 0 
0 0 0 0 0 0 0 0 
0 0 0 0 0 0 0 0 
0 0 0 0 0 0 0 0 
0 0 0 0 0 0 0 0 
0 0 0 0 0 0 0 0 
# LVDC V1 t0 parameters T0 Error 
0 0 0 0 0 0 0 0 
0 0 0 0 0 0 0 0 
0 0 0 0 0 0 0 0 
0 0 0 0 0 0 0 0 
0 0 0 0 0 0 0 0 
0 0 0 1.01835 1.01835 2.89278 0.707107 0.707107 
1.90459 0 4.27895 1.01835 0.707107 1.90459 2.44949 0 
1.40833 1.90459 1.90459 1.90459 0 2.10693 2.48069 1.49071 
0 0 0 0 0 0 5.09877 0 
1.40833 1.82428 0.951057 1.01835 0 3.53159 0 1.8235 
2.68135 0.982114 0 1.8235 5.09877 0 5.09877 0.536656 
1.75901 3.0075 0 0.707107 6.75779 0 0.982114 0 
4.4479 1.40833 0 1.40833 0.951057 0 3.53159 2.76455 
4.27895 4.27895 1.75901 0 0 5.65685 6.75779 2.89278 
6.75779 6.75779 2.68135 2.44949 1.88389 1.01835 0.951057 1.88389 
5.09877 6.75779 4.27895 2.31183 1.8235 1.82428 2.10693 0 
7.02947 5.77878 2.834 2.63809 4.11439 0.918695 1.29267 0 
0 6.10432 1.88389 1.40833 4.27895 2.44949 7.66927 2.23357 
1.89021 0 1.08766 3.06663 9.55595 2.10693 3.06663 6.10432 
0 5.21886 0.951057 3.53159 3.43295 0.536656 3.06663 1.89021 
0.681626 1.89021 2.31183 0.982114 2.44949 0 2.44949 4.27895 
5.09877 3.47555 0 0 3.0075 5.65685 0 3.06663 
2.68135 6.10432 2.48069 8.39833 3.61068 0 3.11386 11.4399 
4.11439 3.43295 2.74597 2.48069 8.47163 1.8235 3.11386 1.89021 
3.51257 3.88581 3.11386 6.10432 1.14159 1.89021 1.11536 3.88235 
0.536656 4.11439 2.74597 0.536656 2.10693 9.55595 1.82428 4.37696 
0.536656 5.77878 8.41245 0 2.68135 1.44016 1.01835 0 
5.77878 3.43295 2.48069 0.536656 4.18838 4.27895 3.51257 0 
1.75901 7.02947 1.29267 6.37802 1.40833 6.89532 5.03127 0.536656 
2.76455 1.29267 10.064 1.08766 0.536656 3.64933 0.536656 3.17779 
1.88389 4.86209 6.75779 4.37696 3.61068 2.834 3.88235 11.4399 
9.55595 0 5.72194 0.524599 1.49071 2.10693 1.8235 1.49071 
5.72194 1.82428 1.01835 1.97442 16.0153 5.72194 2.37134 4.60056 
3.88235 6.10432 12.6496 2.44949 8.41245 7.9576 0 3.11386 
6.13969 5.21886 0.681626 7.02947 3.10371 4.11439 2.48069 7.02947 
0 5.09877 0 1.30656 6.75524 4.18838 4.27895 0.781387 
1.89021 0.707107 3.43295 0 1.49071 5.11081 5.09877 1.82428 
7.02947 5.09877 5.09877 0.982114 0 0 1.90459 1.8235 
2.76455 0 6.75779 0 0 0 1.90459 0.951057 
0.982114 1.30656 0 0 0 0 0 0 
0 0 0 0 0 0 0 0 
0 0 0 0 0 0 0 0 
0 0 0 0 0 0 0 0 
0 0 0 0 0 0 0 0 
0 0 0 0 0 0 0 0 
0 0 0 0 0 0 0 0 
# LVDC V2 t0 parameters T0 Error 
0 0 0 0 0 0 0 0 
0 0 0 0 0 0 0 0 
0 0 0 0 0 0 0 0 
0 0 0 0 0 0 0 0 
0 0 0 0 0 0 1.90459 0 
5.65685 2.76455 0 0 0 2.76455 0 1.49071 
2.76455 1.30656 2.76455 0 0 0.707107 0 6.75779 
6.75779 0 2.89278 3.61068 1.88389 1.30656 0 3.43295 
5.65685 0.536656 0 2.834 1.88389 1.8235 1.30656 0.707107 
2.23357 2.23357 0 2.44949 0.982114 6.75779 1.8235 3.53159 
0 3.43295 5.65685 8.41245 3.61068 5.09877 5.65685 1.8235 
6.75779 4.27895 1.49071 4.37696 8.39833 0.707107 6.10432 0 
0.982114 1.8235 0 1.01835 1.8235 2.68135 3.61068 1.40833 
1.88389 6.75779 0 0 6.75779 5.11081 2.76455 1.8235 
1.8235 4.37696 0 1.75398 2.68135 0.707107 1.49071 5.09877 
0 0 0 0.707107 1.88389 3.53159 1.44016 3.53159 
0.951057 3.88235 0 2.89278 2.89278 1.90459 0 1.40833 
1.30656 0 3.43295 0 4.37696 1.88389 5.21886 0 
2.89278 1.49071 4.27895 4.37696 2.44949 2.89278 0 0 
8.41245 2.89278 3.53159 3.53159 4.37696 7.02947 8.41245 2.48069 
3.53159 2.68135 0 1.8235 3.06663 4.27895 3.53159 3.53159 
6.75779 2.44949 0.430331 2.89278 0.918695 11.4399 0.707107 3.53159 
1.11536 0 3.53159 0.982114 1.29267 2.68135 1.8235 6.75779 
8.41245 2.89278 4.37696 4.37696 7.9576 2.68135 6.10432 1.30656 
5.21886 5.53413 0.951057 1.30656 1.8235 1.8235 2.48069 0 
2.89278 5.39001 0 0 3.06663 0 8.41245 4.27895 
2.44949 5.77878 4.63885 4.22958 6.75779 0.707107 0.536656 1.90459 
1.88389 6.37802 2.89278 5.09877 11.4399 1.89021 6.75779 1.43324 
2.89278 0.951057 5.09877 8.41245 1.90459 1.90459 9.55595 3.53159 
3.11386 5.72194 1.44016 2.68135 3.88235 3.53159 1.89021 11.4399 
6.13969 7.66927 2.07356 6.10432 5.72194 4.60056 1.89021 1.8235 
2.48069 2.68135 4.37696 1.88389 3.53159 0 8.41245 1.40833 
0.681626 0.951057 1.29267 3.06663 0.951057 1.29267 4.86209 1.08766 
2.10693 4.27895 3.47555 3.64933 3.11386 6.10432 0.681626 0 
1.11536 0 1.44183 2.834 0 1.90459 1.82428 0.707107 
5.09877 0 5.09877 1.90459 2.10819 2.89278 6.10432 1.89021 
3.0075 1.11536 9.55595 4.37696 2.31183 5.03127 3.47555 0 
4.18838 6.75779 1.08766 0.951057 2.89278 0 8.41245 4.27895 
2.68135 3.53159 4.27895 6.10432 0.781387 1.90459 1.49071 2.68135 
2.44949 2.44949 1.49071 1.30656 1.88389 0 0 5.65685 
3.43295 4.27895 1.88389 1.90459 1.01835 0 0 0 
0 0 0 0 0 0 0 0 
0 0 0 0 0 0 0 0 
0 0 0 0 0 0 0 0 
0 0 0 0 0 0 0 0 
0 0 0 0 0 0 0 0 
