# RVDC U1 t0 parameters T0 Error 
0 0 0 0 0 0 0 0 
0 0 0 0 0 0 0 0 
0 0 0 0 0 0 0 0 
0 0 0 0 0 0 0 0 
0 0 0 0 0 0 0 2.76455 
0 1.90459 1.49071 2.44949 1.8235 4.27895 4.27895 1.90459 
4.37696 1.90459 6.10432 3.53159 0 8.41245 0.707107 5.11081 
4.4479 4.37696 0.951057 1.82428 1.01835 5.11081 4.37696 1.29267 
4.22958 9.55595 2.76455 4.86209 5.77878 0.681626 3.11386 0 
1.89021 5.09877 0.985211 1.8235 3.53159 4.37696 5.11081 4.18838 
5.42369 3.06663 0.536656 3.10371 2.48069 3.51257 10.5618 2.10693 
2.48069 0 5.8586 0 2.74597 1.43324 1.44183 0.536656 
3.47555 3.53159 12.6496 5.11081 1.49071 14.7354 3.61068 0.778466 
0.781387 7.09561 4.86209 4.11439 3.59815 3.0075 3.06663 4.09101 
6.84075 12.6496 10.5618 5.03127 3.95016 4.27906 2.10819 3.95016 
3.53159 3.88581 0.985211 2.37134 2.37134 1.88389 6.28642 0 
3.53159 0.681626 6.88815 14.7354 3.47325 5.039 5.039 0 
0 11.4399 9.94544 2.68135 3.0769 6.84075 1.97442 3.56676 
9.41238 4.60056 1.08766 2.48069 1.46302 0.707107 1.09689 1.43324 
2.10819 1.75082 8.71942 0.788403 1.27682 16.0153 9.19888 3.0769 
1.65246 6.26281 2.44949 6.26281 3.39411 11.4399 8.39833 2.834 
1.11536 0.951057 3.64933 2.15154 3.10371 1.88105 4.63885 2.31183 
5.039 3.27746 11.4728 1.18297 3.59815 1.08766 3.51257 6.03438 
3.13031 1.88389 1.09689 2.10819 7.09561 16.0153 9.94544 6.26281 
1.79085 10.1869 7.494 1.65246 3.79645 4.22958 7.66927 4.63885 
6.88815 6.67685 4.22958 0.430331 1.73567 3.05511 5.53413 1.87467 
1.43324 3.47325 2.31183 2.31183 6.28642 5.42369 4.30632 1.50375 
22.0715 1.345 0.863845 3.10371 7.66927 3.06663 10.5618 1.43324 
7.09561 3.46924 0 4.63885 1.69678 6.05813 2.45689 1.65654 
3.7286 3.51257 3.47555 1.35531 2.48051 5.72194 0 6.88815 
3.43692 0.57735 4.4952 1.43324 6.28642 0 4.44324 5.5243 
2.03933 4.21768 8.71942 5.8586 1.75082 8.55939 2.48069 2.63561 
2.48069 3.51257 0 3.53159 1.90117 3.39411 1.48856 0 
3.12289 3.7286 5.18416 10.064 5.07305 0.866189 3.69311 1.03009 
7.494 6.8328 3.03895 9.49604 2.15154 6.68353 0.963965 4.52104 
1.29267 1.72765 4.4952 1.09689 2.44949 3.59815 0 2.62149 
17.195 4.55077 3.95016 3.13031 3.67111 2.31183 1.40833 0 
7.09561 2.17162 3.59815 4.11439 2.1807 1.09689 2.15154 1.46302 
2.15154 6.10432 6.37802 0.536656 1.82428 1.29267 8.41245 5.11081 
3.43295 1.01835 1.8235 1.90459 0 2.76455 0 0 
0 0 0 0 0 0 0 0 
0 0 0 0 0 0 0 0 
0 0 0 0 0 0 0 0 
0 0 0 0 0 0 0 0 
0 0 0 0 0 0 0 0 
0 0 0 0 0 0 0 0 
# RVDC U2 t0 parameters T0 Error 
0 0 0 0 0 0 0 0 
0 0 0 0 0 0 0 0 
0 0 0 0 0 0 0 0 
0 0 0 0 0 0 1.01835 2.76455 
0 2.76455 1.88389 1.88389 2.44949 5.65685 0 0.536656 
2.89278 5.09877 2.89278 5.65685 1.90459 1.40833 2.89278 0.536656 
2.76455 2.10693 0.982114 1.8235 8.41245 1.40833 0 5.77878 
3.11386 1.87467 4.11439 1.40833 3.06663 0 4.27895 2.44949 
4.27895 1.49071 8.41245 4.60056 1.8235 0.707107 1.88389 0.707107 
1.08766 5.53413 1.08766 0.982114 2.15154 1.89021 10.064 2.68135 
1.11536 1.43324 0.985211 6.10432 1.18297 3.51257 2.74597 2.834 
12.6496 1.29267 0.430331 1.82428 2.31183 0 4.11439 8.41245 
4.27895 3.53159 4.09101 10.5618 0.707107 1.8235 3.11386 0 
14.7354 1.88389 3.11386 0.918695 1.89021 5.65685 1.40833 3.56676 
2.74597 9.94544 6.13969 2.48069 5.21886 1.83152 5.39001 0 
0 2.89278 12.3134 0.781387 2.834 2.68135 0.832122 1.8235 
3.88581 2.15154 3.88581 7.494 3.51257 5.72194 16.0153 1.46302 
5.39001 1.90459 3.95016 0 0.985211 4.18838 7.09561 6.68353 
3.13031 1.48856 3.95016 1.43324 6.67685 6.84075 9.0729 1.26206 
0.758317 5.11081 7.492 1.83152 4.63885 6.75779 2.834 6.75779 
1.30656 5.53413 1.46302 2.37134 3.39411 5.72194 12.891 0.982114 
1.43324 0 5.03908 1.20325 5.03127 7.494 2.834 8.71942 
0.681626 6.13969 3.88581 14.7354 3.13031 0.536656 2.27297 3.13031 
3.59815 1.88105 0.982114 12.3942 1.89021 3.10371 5.03127 2.85543 
3.88581 3.64933 3.18707 1.30656 4.09101 1.90459 2.834 4.37696 
12.0642 4.22958 11.1703 5.03127 2.31183 1.01835 1.60694 8.63314 
11.7132 6.13969 5.8586 0.524599 7.02947 1.8235 3.47555 2.31183 
2.10693 1.48856 5.8586 2.80614 1.72765 5.39001 3.88581 6.67685 
1.89021 3.18707 3.0769 1.88105 8.08462 2.55647 5.53413 4.21768 
0.798021 0 3.13031 8.71942 4.63885 4.80788 4.21768 2.32685 
5.78722 0.524599 12.6496 1.96567 3.10371 1.30656 1.22474 7.66927 
2.74977 1.63975 2.834 1.30656 12.3134 3.28 13.3218 9.0729 
6.67685 5.03127 1.60541 2.15154 4.32317 0 8.08462 5.03127 
4.85492 1.79085 6.28642 6.13969 10.1869 6.67685 2.56737 2.74597 
2.85543 1.14159 2.834 8.04875 2.37134 3.06663 7.9013 0.423443 
5.81656 2.85543 2.42369 1.18297 6.68353 2.07356 3.27746 2.10693 
4.4952 6.03438 12.0642 2.30479 2.68135 2.10693 5.38458 2.07356 
1.73567 2.56737 4.26367 2.55647 2.27297 3.17779 2.10693 6.26281 
0.985211 1.60694 5.39001 8.71942 0.524599 5.21886 3.17779 1.75082 
3.53159 2.68135 1.89021 1.88389 0.762871 3.17779 10.064 1.11536 
4.11439 0 1.44016 1.8235 5.77878 1.75398 2.76455 1.82428 
0 1.88389 2.68135 1.01835 1.90459 0 0 0 
0 0 0 0 0 0 0 0 
0 0 0 0 0 0 0 0 
0 0 0 0 0 0 0 0 
0 0 0 0 0 0 0 0 
# RVDC V1 t0 parameters T0 Error 
0 0 0 0 0 0 0 0 
0 0 0 0 0 0 0 0 
0 0 0 0 0 0 0 0 
0 0 0 0 0 0 0 0 
0 0 0 0 0 2.76455 2.44949 1.49071 
0 1.01835 0 4.27895 0 2.89278 1.88389 4.37696 
0 0.951057 0.536656 2.89278 0 2.89278 3.53159 1.75398 
6.10432 1.01835 0 0 6.10432 1.8235 0 1.49071 
0.951057 3.11386 2.48069 7.66927 0.524599 6.37802 3.06663 3.11386 
1.90459 3.47555 6.84075 4.11439 4.18838 1.40833 6.26281 3.43295 
11.4399 3.79645 0.430331 2.68135 2.834 1.30656 2.10693 13.3218 
1.79085 3.47555 0.982114 4.27906 0.681626 2.60726 3.53159 2.15154 
9.55595 7.9576 4.86209 3.06663 3.17779 0 1.14159 0.681626 
3.47555 3.56009 3.51257 3.18707 14.7354 1.43324 11.1703 2.68135 
7.09561 1.18297 2.48069 5.53413 3.06663 6.10432 5.39001 2.48069 
10.5618 1.60694 1.87467 5.65685 3.53159 3.94541 6.75779 1.97442 
4.18838 1.87467 6.84075 2.85543 10.7388 8.71942 16.8199 3.13031 
11.4728 1.46302 12.6496 2.23357 1.40833 3.51257 0.707107 0.781387 
3.06663 2.15154 0 0 5.65685 1.29267 3.95016 4.86209 
2.10819 5.21886 2.10819 2.03933 0 1.83152 9.19888 11.4731 
3.18707 1.14159 3.51257 8.71942 1.30656 6.13969 1.90459 9.41238 
1.60541 1.8235 0.982114 0 1.26206 6.67685 1.65246 1.11536 
16.0153 0.758317 3.10371 2.37134 1.40833 2.48069 2.68135 0.646128 
0.788403 1.44674 13.745 1.43324 6.03438 0.951057 2.68135 3.10371 
7.492 8.92544 3.88581 1.46302 6.75524 10.7388 4.4952 2.834 
5.40453 0 6.13969 3.64933 4.37696 4.27895 3.51257 2.31183 
11.4731 2.60726 2.34487 0.430331 6.92155 6.67685 1.48856 5.09877 
7.492 2.17162 3.11386 3.18707 5.11081 3.95016 5.72194 6.68353 
2.30479 2.86817 1.60541 9.12564 2.21437 1.79085 1.64031 2.56737 
0.788403 1.0492 3.40369 2.63561 4.09101 1.44016 10.7388 5.11081 
1.79085 1.78004 5.72194 2.12202 4.44324 3.11386 2.85543 0.762871 
2.48051 10.7388 0.781387 3.51257 2.37103 4.63885 1.87467 1.40833 
6.44813 3.95016 6.44813 3.95016 3.27746 3.17779 2.00079 8.41245 
4.60056 3.9629 14.3084 6.28642 6.28642 3.60778 5.42369 3.10371 
9.80347 4.81797 3.64933 18.2958 4.55077 1.60694 1.4838 2.64944 
4.81797 1.29267 6.87437 1.49891 2.15154 5.03127 6.20482 3.17779 
7.492 4.58258 8.92544 2.60726 1.29267 0.681626 0 0 
8.71942 3.13031 1.29267 3.11386 1.40833 0.985211 7.66927 8.47163 
4.11439 1.88389 0.430331 3.11386 0 2.48069 3.06663 1.75901 
2.68135 2.44949 1.88389 1.30656 1.49071 0 0 0 
0 0 0 0 0 0 0 0 
0 0 0 0 0 0 0 0 
0 0 0 0 0 0 0 0 
0 0 0 0 0 0 0 0 
0 0 0 0 0 0 0 0 
0 0 0 0 0 0 0 0 
# RVDC V2 t0 parameters T0 Error 
0 0 0 0 0 0 0 0 
0 0 0 0 0 0 0 0 
0 0 0 0 0 0 0 0 
0 0 0 1.01835 0 4.27895 1.01835 0.707107 
1.88389 1.88389 5.65685 2.89278 1.49071 1.49071 5.65685 0 
2.89278 5.65685 0.707107 1.30656 3.61068 0.430331 1.89021 0 
1.49071 0.707107 0.707107 3.11386 1.89021 0 2.68135 2.89278 
1.82428 1.29267 1.49071 3.0075 1.8235 1.49071 0.982114 4.22958 
5.11081 7.09561 0.430331 0.982114 0 3.53159 1.89021 8.39833 
7.02947 1.14159 3.88235 3.79645 1.89021 1.69678 4.22958 1.08766 
0.762871 3.53159 0.57735 6.75779 3.47555 1.40833 6.84075 0 
3.53159 5.11081 2.48069 0.681626 1.44016 2.48069 1.11536 4.60056 
3.47555 8.47163 1.43324 1.29267 1.90459 4.27895 3.11386 1.60541 
4.11439 5.39001 2.42369 3.53159 6.37802 0 9.55595 5.65685 
1.30656 1.90459 1.8235 5.53413 0.985211 0.951057 1.43324 2.60726 
5.72194 7.09561 6.84075 5.21886 3.11386 4.11439 4.60056 11.4728 
4.09101 3.51257 1.89021 1.69678 3.10371 1.23122 2.834 1.11536 
4.63885 5.11081 5.09877 0.982114 2.10693 4.21768 5.39001 3.0075 
1.90459 2.17162 3.40369 2.834 1.30656 2.48069 2.17162 4.63885 
0.778466 3.43295 11.4399 4.09101 18.2842 0 4.0891 7.492 
6.26281 1.43324 1.8235 1.29267 3.95016 6.05813 8.71942 0.982114 
26.0843 2.48069 0.379886 4.26367 2.74597 2.834 2.10819 0.985211 
9.41238 0.951057 0.762871 1.87467 1.30656 0.646128 2.68135 0 
5.03127 10.5618 6.75524 1.8235 6.10432 9.86978 0.982114 5.42369 
4.37696 1.19166 3.51257 0.353553 3.47555 0.653281 2.30479 2.60726 
1.345 1.09689 4.63885 3.47555 2.85543 5.03127 6.68353 3.51257 
2.23357 3.51257 2.84572 2.30479 4.37696 3.47555 3.11386 19.6338 
10.064 4.0891 0.788403 9.41238 1.29267 1.75082 14.3084 0.430331 
2.80614 6.28642 1.43324 0.430331 7.09561 12.891 2.74597 1.87467 
7.73079 3.53159 0.681626 1.40833 2.38483 1.21656 7.07898 5.8586 
6.67685 0.932422 0.423443 3.43295 3.13031 3.40369 1.48856 3.39411 
4.85492 1.89021 7.66927 4.63885 4.09101 7.6356 3.12289 8.92544 
3.67111 1.60541 12.6496 12.8078 0 0.932422 7.07898 5.03908 
4.58258 7.492 6.84075 1.08766 5.40161 5.4451 0.762871 4.09101 
3.67111 7.492 0.646128 0.430331 2.57881 6.37802 1.29267 4.62795 
2.03933 1.11536 17.566 4.97205 3.17779 2.27297 6.12404 0.653281 
12.0642 2.34487 3.06663 9.04036 3.64933 0.782886 5.18416 3.47325 
3.43692 9.94544 9.41238 1.89021 5.39001 4.18838 6.67685 5.53413 
4.85492 14.3084 8.92544 5.11081 0.985211 7.73079 3.18049 7.09561 
7.02947 5.53413 1.75901 4.11439 1.87467 4.27895 5.65685 0 
2.48069 1.8235 5.11081 0 2.89278 1.01835 0 1.49071 
5.65685 4.37696 4.27895 0 0 0 0 0 
0 0 0 0 0 0 0 0 
0 0 0 0 0 0 0 0 
0 0 0 0 0 0 0 0 
0 0 0 0 0 0 0 0 
# LVDC U1 t0 parameters T0 Error 
0 0 0 0 0 0 0 0 
0 0 0 0 0 0 0 0 
0 0 0 0 0 0 0 0 
0 0 0 0 0 0 0 0 
0 0 0 0 0 0 0 0 
0 0 0 0 0 0 5.65685 0 
1.01835 0 5.65685 5.65685 2.44949 1.49071 1.90459 0 
1.01835 0 0 3.53159 1.49071 1.8235 0 1.75398 
5.65685 1.88389 2.68135 4.11439 0 1.89021 4.27895 4.37696 
2.68135 1.90459 0 3.53159 0 0 4.11439 6.10432 
0 0 0 0 0 1.82428 1.30656 8.41245 
4.27895 4.37696 1.30656 0.707107 3.06663 1.01835 5.21886 8.41245 
0.430331 2.10693 0.982114 2.89278 0 1.49071 0 0 
2.89278 3.43295 2.68135 4.18838 0.681626 3.11386 0 3.61068 
4.22958 2.68135 2.10693 4.60056 5.09877 1.82428 5.65685 5.65685 
3.53159 5.77878 1.40833 5.09877 0 9.94544 1.75398 4.11439 
1.08766 0 0.707107 0 0 0.707107 6.75779 0 
5.11081 6.75779 0 3.56009 0 0.985211 1.44016 5.21886 
0.536656 0 0 3.53159 6.75779 3.06663 0 5.09877 
7.66927 4.18838 1.88389 1.30656 1.29267 1.90459 12.6496 0.951057 
8.41245 1.90459 1.89021 3.43295 1.97442 4.11439 1.01835 1.89021 
0.536656 2.44949 2.89278 1.8235 4.11439 1.88389 3.06663 6.75779 
1.49071 3.43295 7.9576 0.681626 7.9576 0.982114 1.90459 3.47555 
2.10819 9.55595 0.982114 1.90459 3.43295 5.39001 4.60056 1.90459 
4.27895 4.11439 3.0075 5.8586 0.707107 2.48069 0.430331 6.75779 
2.76455 5.11081 3.03895 4.09101 1.87467 6.10432 0 8.41245 
0.982114 7.09561 3.11386 10.064 0 3.51257 0 3.88235 
12.6496 1.43324 4.11439 4.27906 3.53159 1.90459 1.44016 0 
0 8.41245 5.11081 0.707107 2.48069 0.536656 13.3218 2.44949 
1.90459 4.60056 1.18297 0.951057 4.60056 5.09877 2.10819 3.06663 
5.53413 0 2.48069 12.6496 3.64933 0.707107 0.536656 2.31183 
1.49071 4.60056 3.0075 1.29267 2.48069 5.72194 5.65685 6.75779 
4.86209 0.982114 1.87467 4.60056 3.17779 2.80614 0 3.11386 
0.536656 4.11439 2.48069 0.524599 2.10693 4.86209 3.53159 7.66927 
1.30656 1.60541 0.951057 1.90459 3.60778 0 5.65685 3.06663 
2.68135 6.10432 0.707107 4.11439 5.09877 0 0 1.89021 
5.09877 2.59808 3.88581 0.707107 1.97442 0 1.8235 1.29267 
5.77878 8.41245 3.53159 3.11386 1.82428 2.10693 5.21886 5.11081 
1.90459 1.90459 1.01835 4.27895 1.88389 4.11439 0.982114 3.43295 
0.707107 1.90459 2.68135 1.30656 0 0 0 0 
0 0 0 0 0 0 0 0 
0 0 0 0 0 0 0 0 
0 0 0 0 0 0 0 0 
0 0 0 0 0 0 0 0 
0 0 0 0 0 0 0 0 
0 0 0 0 0 0 0 0 
# LVDC U2 t0 parameters T0 Error 
0 0 0 0 0 0 0 0 
0 0 0 0 0 0 0 0 
0 0 0 0 0 0 0 0 
0 0 0 0 0 0 0 0 
0 0 0 0 0 0 0 0 
2.76455 0 1.01835 0 1.01835 2.89278 1.88389 5.65685 
5.65685 1.88389 1.90459 2.76455 0 0 4.27895 1.30656 
2.89278 0 3.0075 0.951057 2.89278 2.76455 1.01835 0 
0 0 5.65685 0.707107 1.88389 0 0 3.53159 
2.76455 2.76455 3.43295 1.01835 1.01835 3.53159 2.76455 1.8235 
0 3.61068 1.8235 1.49071 5.65685 1.90459 2.23357 0 
0 6.75779 0 1.40833 2.44949 2.89278 0.982114 5.09877 
1.40833 6.75779 1.30656 1.88389 4.4479 1.40833 4.22958 8.41245 
0.536656 4.27895 2.76455 2.68135 2.89278 3.64933 3.43295 1.11536 
4.4479 0.781387 3.53159 1.88389 3.53159 1.89021 0 0 
2.68135 4.37696 3.43295 0 5.09877 0 0.951057 2.76455 
8.41245 0.982114 0 0 0 2.89278 7.02947 1.82428 
6.75779 3.64933 0.536656 0 6.10432 1.46302 3.11386 2.89278 
3.53159 7.02947 1.30656 0 5.11081 3.43295 8.41245 1.75398 
1.40833 1.30656 5.09877 3.53159 1.90459 0.951057 0 0.707107 
3.61068 11.4399 0 5.11081 0.951057 0 6.75779 0.707107 
1.88389 0.707107 7.9576 7.66927 5.09877 1.90459 1.11536 0.982114 
2.89278 1.14159 3.53159 4.27895 2.23357 3.53159 0 2.68135 
11.4399 1.88389 7.66927 0.358162 0 3.47555 0 0.951057 
6.75779 4.37696 0 1.30656 5.11081 0.707107 1.01835 0.985211 
4.27895 2.68135 2.10693 0 2.48069 0 2.23357 2.31183 
3.53159 1.40833 7.09561 0 2.44949 4.11439 2.68135 1.82428 
5.09877 6.10432 2.44949 0 5.77878 6.10432 2.68135 4.37696 
0 0.982114 11.4399 2.68135 1.88389 5.65685 11.4399 0.536656 
1.30656 2.15154 0 2.48069 0 0 1.40833 6.10432 
1.88389 3.11386 0 1.75398 0.681626 4.37696 1.30656 0 
0 2.68135 3.51257 18.9031 5.77878 2.15154 2.68135 0.918695 
1.89021 0.536656 9.55595 1.8235 3.53159 0.536656 7.02947 5.09877 
5.77878 7.66927 4.63885 0 0 1.75901 5.77878 6.10432 
0 1.75901 13.3218 4.37696 7.66927 4.63885 1.88389 4.11439 
4.11439 3.0075 5.11081 3.11386 8.41245 2.48069 7.492 5.53413 
4.22958 4.60056 5.09877 4.86209 1.49071 4.37696 2.68135 0.982114 
1.89021 1.40833 2.76455 5.11081 1.01835 3.51257 1.40833 2.23357 
2.76455 1.88389 6.75779 9.55595 5.09877 3.0075 5.65685 3.43295 
2.89278 5.09877 0.536656 8.41245 0.951057 1.90459 0 0 
1.40833 1.90459 2.34487 2.76455 0.707107 5.65685 0 0 
0 0 0 0 0 0 0 0 
0 0 0 0 0 0 0 0 
0 0 0 0 0 0 0 0 
0 0 0 0 0 0 0 0 
0 0 0 0 0 0 0 0 
# LVDC V1 t0 parameters T0 Error 
0 0 0 0 0 0 0 0 
0 0 0 0 0 0 0 0 
0 0 0 0 0 0 0 0 
0 0 0 0 0 0 0 0 
0 0 0 0 0 0 0 0 
0 0 0 0 1.88389 4.27895 3.61068 2.89278 
3.61068 1.30656 5.65685 0 0 5.65685 1.01835 1.90459 
4.27895 2.89278 0.707107 0.707107 1.90459 1.01835 0 2.68135 
2.89278 2.89278 1.75398 0 3.61068 4.27895 0 5.65685 
2.23357 0 1.30656 1.82428 3.64933 0 1.49071 1.01835 
0 1.49071 4.37696 0.982114 5.77878 0 1.75398 6.10432 
3.43295 0.982114 3.53159 8.47163 1.88389 3.06663 2.68135 6.10432 
0 11.4399 1.30656 2.48069 0 6.75779 0.681626 0 
2.44949 0 1.89021 4.37696 0.707107 2.68135 7.9576 6.75779 
2.76455 2.44949 1.08766 8.41245 2.68135 5.65685 1.8235 6.10432 
0 5.09877 1.40833 0 1.90459 0 1.89021 5.09877 
0 0 1.8235 1.82428 4.11439 4.27895 3.43295 1.90459 
5.09877 0 7.66927 1.49071 4.37696 3.06663 0 0.707107 
4.37696 3.10371 1.49071 0.430331 1.44016 1.29267 4.11439 1.8235 
0 8.39833 2.48069 0.536656 2.10693 5.72194 0.707107 3.88235 
6.75779 1.44016 8.71942 3.06663 2.68135 1.89021 0 5.11081 
12.6496 4.18838 1.46302 0.707107 5.09877 2.68135 0 5.09877 
0.430331 6.10432 1.75901 0.430331 5.72194 0 8.41245 3.0075 
4.4479 0.681626 4.37696 3.47555 0 1.29267 1.40833 7.66927 
4.37696 2.68135 2.34487 3.06663 0 1.88389 4.60056 7.66927 
0 0 0.781387 6.10432 7.66927 3.53159 0.707107 1.87467 
2.834 1.88389 7.9576 2.07356 5.11081 0 1.40833 1.29267 
3.10371 7.9576 6.75779 4.11439 1.88389 3.06663 3.06663 3.53159 
2.15154 0 6.10432 5.09877 2.31183 3.11386 13.3218 2.48069 
3.51257 3.51257 8.41245 3.0075 3.53159 3.47555 3.61068 5.11081 
2.15154 4.86209 1.83152 1.44016 3.88235 2.10819 4.37696 1.49071 
5.72194 5.77878 5.77878 1.43324 7.09561 4.86209 1.8235 8.41245 
2.834 3.64933 5.09877 4.11439 2.48069 0.707107 1.87467 2.89278 
0.762871 1.29267 0 1.30656 3.51257 5.39001 5.65685 1.94874 
6.84075 3.88581 2.15154 6.13969 9.94544 7.66927 5.72194 4.11439 
2.834 0.781387 11.4399 5.53413 1.30656 5.09877 0.985211 0.536656 
2.10693 1.08766 0 2.23357 7.9576 0.707107 1.90459 1.89021 
7.9576 6.10432 3.64933 3.06663 2.07356 0.707107 0 0 
5.09877 2.68135 2.44949 1.30656 1.01835 1.01835 0 0.707107 
2.89278 0 0 0 0 0 0 0 
0 0 0 0 0 0 0 0 
0 0 0 0 0 0 0 0 
0 0 0 0 0 0 0 0 
0 0 0 0 0 0 0 0 
0 0 0 0 0 0 0 0 
0 0 0 0 0 0 0 0 
# LVDC V2 t0 parameters T0 Error 
0 0 0 0 0 0 0 0 
0 0 0 0 0 0 0 0 
0 0 0 0 0 0 0 0 
0 0 0 0 0 0 0 0 
0 0 0 0.707107 2.76455 2.76455 1.30656 1.88389 
1.90459 0.707107 0.707107 0 1.49071 1.30656 2.44949 2.89278 
0 2.89278 1.88389 4.27895 0 5.65685 0 1.88389 
0.707107 0 0.707107 0 2.76455 0 0 2.89278 
0 0.781387 2.89278 2.44949 0 2.44949 1.30656 0 
4.27895 0 0.951057 1.01835 1.82428 5.65685 3.64933 2.44949 
0.707107 1.30656 1.90459 1.88389 6.75779 1.88389 5.11081 0 
1.8235 1.88389 6.75779 0 1.30656 1.30656 0 3.43295 
3.61068 5.65685 0 5.77878 3.11386 4.27895 0.707107 4.11439 
1.40833 1.01835 3.0075 4.37696 0.951057 0 6.75779 0 
4.37696 1.8235 8.41245 6.75779 4.37696 1.82428 1.90459 4.27895 
2.10693 3.43295 2.68135 4.37696 8.41245 3.43295 1.8235 1.30656 
5.09877 1.90459 1.75901 2.89278 1.49071 1.40833 6.75779 0 
1.01835 2.68135 0 1.88389 1.90459 8.41245 1.29267 11.4399 
1.49071 2.23357 3.53159 2.89278 0.951057 1.88389 2.44949 3.43295 
2.63809 0 5.21886 3.11386 6.75779 5.11081 11.4399 1.89021 
0.536656 3.53159 3.06663 2.10693 5.65685 5.09877 5.21886 4.37696 
1.75398 2.68135 5.11081 2.68135 11.4399 0 1.8235 6.75779 
0 3.61068 0 3.0075 1.89021 4.11439 3.51257 4.37696 
10.064 5.65685 3.53159 0.430331 4.37696 5.11081 5.72194 0.707107 
2.68135 0.951057 3.64933 3.11386 0 1.88389 4.37696 3.43295 
5.11081 3.53159 6.10432 1.82428 2.10693 0.707107 1.29267 0.536656 
5.11081 4.4479 0 7.02947 8.39833 4.86209 4.37696 2.48069 
1.89021 7.66927 11.4399 1.11536 3.43295 2.44949 6.75779 1.01835 
3.61068 1.18297 1.30656 11.7132 0.430331 4.27895 1.30656 1.49071 
4.60056 0 4.11439 2.31183 0 5.09877 0 2.834 
0 3.06663 7.66927 5.21886 1.87467 1.75398 3.11386 5.11081 
1.08766 0 3.06663 3.11386 0 6.10432 1.40833 1.82428 
3.11386 0.646128 2.48069 0.681626 1.01835 3.13031 3.53159 1.8235 
11.4399 4.11439 3.43295 2.10819 0 0 1.89021 5.09877 
3.88235 7.02947 4.37696 0.536656 0 3.64933 6.75779 0.430331 
0 1.90459 0.57735 5.11081 1.82428 5.77878 10.064 2.23357 
2.834 1.89021 1.8235 7.9576 8.47163 6.10432 1.29267 2.10693 
3.43295 1.29267 4.60056 0 1.8235 0.982114 0 7.66927 
2.68135 2.68135 1.08766 5.11081 3.64933 5.65685 4.37696 5.21886 
1.49071 4.37696 2.76455 0 0 4.27895 2.76455 0 
1.88389 2.89278 0 2.76455 2.76455 0 0 0 
0 0 0 0 0 0 0 0 
0 0 0 0 0 0 0 0 
0 0 0 0 0 0 0 0 
0 0 0 0 0 0 0 0 
0 0 0 0 0 0 0 0 
