# RVDC U1 t0 parameters 
2644 2644 2644 2644 2644 2644 2644 2644 
2644 2644 2644 2644 2644 2644 2644 2644 
2644 2644 2644 2644 2644 2644 2644 2644 
2644 2644 2644 2644 2644 2644 2644 2644 
2643.1 2643.1 2643.1 2643.1 2643.1 2643.1 2643.1 2643.1 
2643.1 2643.1 2623.5 2617.83 2643.1 2637.5 2631.5 2637.5 
2635.5 2624 2630.83 2635.5 2633.5 2623.5 2619.83 2630.17 
2616.83 2629.5 2632 2634.83 2629.9 2627.5 2616.17 2609.5 
2618.5 2633.3 2633.5 2631.5 2626.5 2638.83 2640 2634.5 
2639 2629.17 2637.5 2631 2638.5 2615.5 2638 2621.83 
2634.17 2622.3 2634.5 2627.17 2632.5 2635.5 2604.5 2632.17 
2629.83 2624.17 2606.5 2621.1 2631.17 2619.17 2627.21 2627 
2637.5 2636.5 2627.5 2634 2636.17 2639.3 2637 2645.5 
2633 2620.5 2643.7 2621.17 2628.5 2628.17 2625.5 2635.5 
2643.5 2642.3 2633 2625 2637.17 2638.5 2639.5 2642.9 
2635 2632.5 2638.5 2627.5 2634.5 2636.5 2635.83 2621.9 
2644.1 2628.5 2644.7 2614.5 2629.5 2620 2630.17 2607.25 
2608 2636.7 2641.83 2639.5 2627.3 2639.5 2631.17 2636 
2639.5 2634.7 2645 2628 2639.79 2641.5 2641.83 2641.17 
2614.5 2635.5 2636.5 2632.17 2641 2634.7 2632.7 2636.3 
2633.5 2643.5 2645.5 2637.3 2637.5 2631.5 2646 2639.1 
2621.5 2637.83 2650.83 2644.5 2647.3 2637.1 2647.17 2641.83 
2617.3 2643.9 2641.9 2646.17 2645 2642.7 2627.3 2630.7 
2641.5 2623.17 2642.1 2642.7 2644.83 2643.83 2638.5 2646.9 
2636.5 2634 2647.5 2621.5 2625.5 2644.7 2640.1 2607 
2640.5 2644.5 2646.5 2629.93 2638.17 2636.5 2643.1 2627.83 
2645.7 2644 2626.1 2644.36 2630 2642.5 2642.7 2638.17 
2640.1 2640.75 2645.5 2628.5 2631.5 2640.9 2638.5 2640.17 
2643.7 2619.9 2640.83 2644.83 2635.5 2636.9 2640.1 2631.64 
2638.5 2639.5 2644.1 2613.1 2635.17 2639.1 2642.83 2629.5 
2640.83 2630.5 2644.17 2633.5 2633.5 2631.17 2640.83 2642 
2638.5 2641.5 2639.9 2640.5 2635.5 2636.9 2641 2633.93 
2650.7 2622.5 2643.5 2652.6 2644.75 2644 2650.3 2642.1 
2640.83 2645.83 2640.7 2629.07 2639.61 2641.17 2642.5 2623.1 
2642.1 2648.3 2635.83 2634.64 2642.83 2638.3 2638.7 2641.5 
2641.36 2641.5 2643.36 2640.5 2641.5 2642.5 2611.7 2627.93 
2643.1 2624.93 2640 2645 2633.5 2637.5 2645 2628.5 
2650.5 2645.5 2648.5 2619 2644.17 2627.9 2609.3 2631 
2623.17 2631 2637.17 2628.17 2649.17 2652.1 2631 2639.5 
2611.17 2640.5 2623.5 2652.1 2652.1 2652.1 2652.1 2652.1 
2655.4 2655.4 2655.4 2655.4 2655.4 2655.4 2655.4 2655.4 
2655.4 2655.4 2655.4 2655.4 2655.4 2655.4 2655.4 2655.4 
2652.1 2652.1 2652.1 2652.1 2652.1 2652.1 2652.1 2652.1 
2652.1 2652.1 2652.1 2652.1 2652.1 2652.1 2652.1 2652.1 
2655.4 2655.4 2655.4 2655.4 2655.4 2655.4 2655.4 2655.4 
2655.4 2655.4 2655.4 2655.4 2655.4 2655.4 2655.4 2655.4 
# RVDC U2 t0 parameters 
2634.6 2634.6 2634.6 2634.6 2634.6 2634.6 2634.6 2634.6 
2634.6 2634.6 2634.6 2634.6 2634.6 2634.6 2634.6 2634.6 
2634.6 2634.6 2634.6 2634.6 2634.6 2634.6 2634.6 2634.6 
2634.6 2634.6 2634.6 2634.6 2634.6 2634.6 2634.6 2634.6 
2637.5 2623.17 2637.5 2637.5 2604.83 2628.9 2618.17 2637.5 
2627 2610.17 2637.5 2637.5 2624.17 2632.5 2629.83 2637.5 
2632.3 2614.5 2606.5 2616.5 2626.5 2611.5 2613.5 2625.5 
2624.17 2632.3 2632.3 2621.83 2622.5 2632.3 2624.17 2610 
2615.17 2617.7 2603.7 2615.7 2632.5 2628.5 2625.5 2609.5 
2607.17 2625.9 2621.5 2636.5 2624.5 2617.5 2627.83 2625.5 
2606.5 2616.17 2631 2610.17 2627.5 2626 2633.4 2621.83 
2618.5 2618.3 2622 2616.5 2620.5 2605.5 2621.7 2620.9 
2639.6 2628.5 2631.5 2625.17 2639.6 2616.21 2639.6 2639.6 
2632.5 2622.3 2615.5 2631.83 2625.5 2625.3 2635.17 2628.5 
2608 2628.83 2630.7 2622 2629.7 2620.5 2628 2626 
2624.5 2619 2633 2639.1 2633.79 2626.7 2626.3 2625.17 
2630.5 2613 2632.9 2630.17 2626.17 2615.5 2617.3 2628.5 
2621.5 2622.5 2613 2632 2631.5 2621.83 2631.17 2632.5 
2639 2632.5 2625.83 2627.5 2630.5 2634 2630.5 2619.5 
2631 2608 2640.9 2626.17 2612.17 2618.5 2629.17 2624.9 
2631.3 2625.5 2625.17 2639.9 2636.1 2631 2618.5 2627.17 
2630.07 2611.07 2634.83 2634.83 2625.5 2632.3 2631.5 2635 
2632 2638.17 2634.3 2614.1 2615.83 2632.83 2629.93 2636.5 
2612.1 2631.5 2637.9 2633.9 2623.5 2625.83 2634.9 2627.5 
2633.17 2634.17 2622.5 2628 2620 2619.3 2627.83 2626.64 
2615 2626.9 2625.5 2633.5 2626.7 2612.3 2626.21 2630.3 
2632.5 2627.5 2629.5 2625.3 2630.83 2630 2627.5 2633.5 
2614 2618.5 2626 2640 2630.5 2626 2622.17 2635.5 
2635.17 2635.21 2630.83 2633.5 2635.17 2615.3 2630.64 2630.7 
2629.64 2631.1 2633.17 2619.5 2636 2634.83 2634 2627.1 
2635 2623.3 2625.3 2633.5 2629.5 2619.36 2633.5 2608.79 
2628.5 2628.5 2629.93 2631.5 2628.7 2617.9 2620.7 2617.17 
2633 2634.5 2643 2642.7 2639.17 2625.17 2633.9 2633.17 
2635.36 2635.5 2632.5 2632.5 2641.83 2607.3 2629.25 2631.3 
2638.1 2627.7 2621.9 2633 2629.5 2642.3 2629.5 2631.3 
2633.64 2630.17 2629.83 2628.75 2631.5 2616.5 2627.5 2635.9 
2641.5 2636.17 2628.7 2640 2628.5 2646 2620.1 2636.5 
2634.7 2629 2638.93 2631.5 2631.83 2635.9 2633 2636.5 
2630.3 2642.79 2638.83 2637.9 2632.83 2636.5 2632 2641.5 
2634.5 2630.5 2638.9 2635.9 2611.3 2629.5 2642.5 2623.5 
2626.5 2635 2643.9 2616.5 2627.83 2606.17 2630.5 2643.9 
2611.5 2643.9 2643.9 2643.9 2643.9 2643.9 2643.9 2643.9 
2647.6 2647.6 2647.6 2647.6 2647.6 2647.6 2647.6 2647.6 
2647.6 2647.6 2647.6 2647.6 2647.6 2647.6 2647.6 2647.6 
2647.6 2647.6 2647.6 2647.6 2647.6 2647.6 2647.6 2647.6 
2647.6 2647.6 2647.6 2647.6 2647.6 2647.6 2647.6 2647.6 
# RVDC V1 t0 parameters 
2649.3 2649.3 2649.3 2649.3 2649.3 2649.3 2649.3 2649.3 
2649.3 2649.3 2649.3 2649.3 2649.3 2649.3 2649.3 2649.3 
2649.3 2649.3 2649.3 2649.3 2649.3 2649.3 2649.3 2649.3 
2649.3 2649.3 2649.3 2649.3 2649.3 2649.3 2649.3 2649.3 
2649.3 2649.3 2649.3 2649.3 2649.3 2649.3 2649.3 2649.3 
2604.5 2637.83 2608.83 2609.3 2608.17 2638.83 2643 2641 
2607.83 2649 2624 2632.5 2639.5 2615.17 2650.83 2611.1 
2606.5 2604.5 2640.5 2626.5 2610.83 2639.1 2641.5 2633.17 
2618.83 2609.17 2647.5 2610.83 2645 2637 2639.83 2621.17 
2642 2650.5 2620 2627.5 2641.17 2636.17 2634.83 2637.5 
2642 2634.83 2645.7 2647.83 2639.1 2641 2637.5 2643.17 
2640.17 2645.7 2611.7 2636.7 2643 2624 2619.5 2641.83 
2638.83 2607.83 2640 2636 2638.17 2636.5 2617 2643.5 
2638.7 2642.5 2642.5 2636.17 2617.3 2651 2640.9 2634 
2645.83 2623.1 2648.9 2643.5 2646 2642.5 2612.5 2641.17 
2641.5 2648.9 2649 2636 2648.5 2644.5 2640.5 2632 
2630.3 2640.83 2613 2644.5 2646.5 2628.83 2615 2641.5 
2647.3 2642.9 2637.9 2633.5 2604.5 2647.7 2643.17 2621.5 
2640.17 2635.83 2638.5 2645.9 2639.5 2632.17 2627.83 2642.3 
2639.7 2629.83 2646 2641.5 2641.9 2631.5 2638.5 2627.3 
2644.1 2632.17 2642 2639.5 2636.5 2632.5 2640.5 2642.7 
2648.5 2638.83 2645.1 2646.3 2641.25 2644.83 2643.7 2643.1 
2642.83 2646.83 2650.5 2616.5 2649 2626.5 2639.9 2643.5 
2643.5 2642.17 2646.1 2636.7 2647.17 2635.3 2619.5 2645.5 
2644.5 2640.5 2641 2611 2642.79 2649 2654.2 2648.5 
2634.5 2649.5 2632.7 2641.21 2645.1 2640 2638 2646.7 
2648.3 2636 2619.5 2642.5 2651.5 2643.3 2622.3 2645 
2644.1 2647.7 2642.5 2634.3 2641.64 2638.5 2639.5 2639.83 
2645 2643 2631.5 2636.75 2645.5 2642.5 2645.9 2609.9 
2641 2649.83 2646 2635 2645.5 2645.9 2642.83 2641.1 
2620.17 2649 2644.9 2630 2645.5 2640.5 2647.17 2648.7 
2629.5 2647.1 2642.7 2644.17 2622 2640.17 2644 2644.17 
2646.7 2644 2651.17 2642.5 2636.5 2653.7 2651.3 2643 
2639.17 2645.5 2645.5 2615.83 2645.3 2639.17 2640.7 2642.5 
2626.5 2642 2643.17 2637.07 2641.5 2631.7 2639.5 2639.83 
2624.21 2642.83 2640.17 2645 2645.17 2640.83 2646.83 2641.7 
2645.5 2613 2632.1 2618.3 2645.17 2642.17 2646.83 2652 
2646 2609.5 2608 2650.9 2634.17 2645.5 2653.3 2656.1 
2608.17 2647.83 2615.83 2641.5 2646.83 2653.8 2607 2612 
2647.5 2653.8 2639.83 2647.17 2653.8 2653.8 2653.8 2653.8 
2656.3 2656.3 2656.3 2656.3 2656.3 2656.3 2656.3 2656.3 
2656.3 2656.3 2656.3 2656.3 2656.3 2656.3 2656.3 2656.3 
2643.7 2643.7 2643.7 2643.7 2643.7 2643.7 2643.7 2643.7 
2643.7 2643.7 2643.7 2643.7 2643.7 2643.7 2643.7 2643.7 
2643.7 2643.7 2643.7 2643.7 2643.7 2643.7 2643.7 2643.7 
2643.7 2643.7 2643.7 2643.7 2643.7 2643.7 2643.7 2643.7 
# RVDC V2 t0 parameters 
2652.7 2652.7 2652.7 2652.7 2652.7 2652.7 2652.7 2652.7 
2652.7 2652.7 2652.7 2652.7 2652.7 2652.7 2652.7 2652.7 
2647.8 2647.8 2647.8 2647.8 2647.8 2647.8 2647.8 2647.8 
2647.8 2647.8 2647.8 2647.8 2647.8 2647.8 2647.8 2607.5 
2641.83 2647.1 2644.17 2647.1 2647.1 2620.5 2638.5 2647.1 
2611.17 2620.83 2604.5 2641 2643 2619.5 2630 2647.1 
2635.17 2614.5 2625 2629.1 2640 2630.7 2637.17 2642 
2642.5 2625.83 2638.5 2640.5 2620.5 2618.5 2637.5 2645.9 
2618.17 2631.5 2636 2635.1 2636.7 2633.5 2646 2622.5 
2622 2618.83 2638.83 2615 2605.83 2630.83 2633.83 2622 
2633 2626.9 2630.5 2627 2638.5 2643.9 2640.17 2637.17 
2634.5 2629.3 2633.5 2629.9 2608.83 2637.5 2627.17 2621.5 
2635 2646.5 2646.8 2611.1 2632 2636.7 2630.5 2641.3 
2636.83 2644.5 2640.5 2632.5 2628.5 2646.8 2642 2644.83 
2638.17 2632.5 2623.83 2636.3 2617 2638.5 2643.7 2637.83 
2634 2613 2634 2631.5 2620 2633.83 2626.83 2629 
2638.5 2639.5 2628.83 2627.83 2622.7 2615.9 2637.83 2634.17 
2636.7 2621.5 2645 2634.83 2638.83 2625.5 2634.7 2628.5 
2643 2634.5 2646.8 2634 2644 2641.7 2638 2640.83 
2637.5 2636.3 2624.5 2626.5 2639.9 2631.1 2621.83 2632.5 
2621 2633 2616.9 2642.5 2639.1 2621.5 2639.36 2641.5 
2642.5 2624 2639.5 2635.9 2639.75 2639.5 2611 2633.83 
2641.1 2614.17 2644.9 2639 2637.5 2636.83 2641.9 2641.5 
2612.5 2637.9 2628.5 2635.83 2629.17 2636.5 2620.17 2629 
2643.5 2641.83 2609.5 2636.21 2608.1 2643 2638.83 2643.9 
2640 2638.9 2635.17 2638.5 2624.83 2611.21 2642.36 2635.5 
2638.1 2629.83 2611.5 2634.5 2640.5 2630.5 2624 2639.83 
2635.83 2628.9 2639.7 2639.1 2632.83 2644.83 2627.5 2635.3 
2648.5 2641.5 2642.7 2640 2648.5 2629.17 2640.7 2643.17 
2646.36 2614.5 2642.5 2636.7 2640.5 2639.5 2633.17 2640.1 
2639.5 2640 2647.5 2640.7 2643.5 2645.7 2637.17 2644.83 
2636.64 2642.5 2621 2637.5 2637.7 2616.1 2637.1 2637.17 
2606 2641.3 2640.17 2637.5 2642.83 2629 2634.5 2640.17 
2644.17 2623.83 2644.5 2624.79 2644.83 2641.3 2638.5 2642.5 
2639.5 2640.64 2638.83 2644.5 2641.3 2632.79 2640.9 2646.3 
2636.25 2640 2628.17 2641.83 2631.5 2638.3 2638 2643.5 
2647.7 2638.7 2643.7 2644.5 2652.1 2644.17 2632.83 2647.5 
2651 2635.5 2645.17 2651.5 2644.17 2638.9 2633.5 2610.9 
2642.5 2645.5 2642.07 2646.83 2643 2623.7 2612.17 2625.5 
2641 2644.83 2604.5 2649.7 2635.1 2645.5 2646.5 2642.17 
2642 2640 2626.17 2653.1 2613.5 2646.5 2616.17 2644.17 
2638.5 2653.1 2653.1 2653.1 2653.1 2653.1 2653.1 2653.1 
2652.7 2652.7 2652.7 2652.7 2652.7 2652.7 2652.7 2652.7 
2652.7 2652.7 2652.7 2652.7 2652.7 2652.7 2652.7 2652.7 
2652.7 2652.7 2652.7 2652.7 2652.7 2652.7 2652.7 2652.7 
2652.7 2652.7 2652.7 2652.7 2652.7 2652.7 2652.7 2652.7 
# LVDC U1 t0 parameters 
2947.1 2947.1 2947.1 2947.1 2947.1 2947.1 2947.1 2947.1 
2947.1 2947.1 2947.1 2947.1 2947.1 2947.1 2947.1 2947.1 
2944 2944 2944 2944 2944 2944 2944 2944 
2944 2944 2944 2944 2944 2944 2944 2944 
2942 2942 2942 2942 2942 2942 2942 2942 
2942 2942 2942 2942 2942 2942 2942 2942 
2940.5 2940.5 2914.5 2922.5 2940.5 2923.5 2911 2940.5 
2940.5 2940.5 2931.5 2940.5 2924.83 2930 2930 2930.5 
2910.17 2941.7 2936.5 2941.7 2941.7 2942.5 2937 2941.7 
2925.5 2941.17 2936.5 2938.83 2933.17 2907.83 2941.7 2941.7 
2927.83 2912.5 2942.9 2913.17 2937.5 2930.17 2928.5 2938.5 
2921.5 2925.5 2905.17 2935.17 2913.7 2933.5 2937.5 2942.9 
2943.17 2946.6 2936.5 2946.6 2945.17 2931 2919.83 2929.5 
2913.7 2945.5 2930.5 2930.83 2905.5 2911.17 2935 2942 
2933 2911.5 2944.6 2936.83 2939.5 2939.5 2946.5 2935.1 
2935.17 2928 2935.5 2925.5 2938 2931.5 2923.5 2939.5 
2937.5 2915.5 2943.5 2906.7 2914 2906.5 2944.1 2913.5 
2934.5 2908.5 2924.5 2937.3 2923.17 2905.5 2932.1 2928.17 
2941.5 2907.83 2936 2914.17 2931 2935.5 2933.5 2932.5 
2934.9 2932 2939.5 2914 2935.17 2926 2928 2930.5 
2927.3 2930.83 2911.17 2915.83 2933 2940.6 2937 2940.5 
2940.6 2915.17 2934.7 2908.5 2930.83 2906.5 2930.5 2935.1 
2904.5 2928.83 2936.3 2936.5 2934.83 2915.5 2936.83 2932.17 
2930.5 2931.83 2929 2925.17 2936.5 2920.5 2916.5 2915.5 
2944.5 2939.83 2939 2946.5 2938.7 2934 2933.5 2936.17 
2940 2945.4 2907.5 2930 2943.5 2946.5 2914.83 2945.4 
2940.5 2922 2936.83 2909.83 2941 2943.8 2924.17 2909.1 
2934.5 2934 2943.8 2930.17 2936.5 2928.9 2927 2932.83 
2940.83 2931 2946.5 2934.1 2927.17 2942.83 2938.5 2913.5 
2918 2937.5 2915.17 2938.5 2904.5 2939 2908.5 2931.17 
2936.5 2924 2937.17 2929.5 2930.17 2905.5 2934.83 2941 
2904.5 2939 2942.5 2934.5 2933.83 2930.83 2934.5 2927.1 
2940.83 2944.17 2940.5 2912.83 2943.5 2945.7 2917.5 2938.83 
2932 2907 2907.83 2938.5 2931.5 2937.5 2934.5 2911.5 
2925.9 2945.83 2945.4 2940.5 2945.5 2936.5 2939.5 2945 
2941.5 2925.3 2918.5 2937.5 2936.5 2935.1 2925.83 2945.4 
2944.83 2947.1 2948.5 2937.5 2939.83 2909.17 2936 2940 
2942.7 2939.5 2921.17 2934.83 2947.1 2934.83 2938.5 2947.1 
2942.5 2945.1 2913.5 2909.5 2905.83 2945.1 2945.1 2945.1 
2945.1 2945.1 2945.1 2945.1 2945.1 2945.1 2945.1 2945.1 
2945.8 2945.8 2945.8 2945.8 2945.8 2945.8 2945.8 2945.8 
2945.8 2945.8 2945.8 2945.8 2945.8 2945.8 2945.8 2945.8 
2945 2945 2945 2945 2945 2945 2945 2945 
2945 2945 2945 2945 2945 2945 2945 2945 
2945 2945 2945 2945 2945 2945 2945 2945 
2945 2945 2945 2945 2945 2945 2945 2945 
# LVDC U2 t0 parameters 
2934.9 2934.9 2934.9 2934.9 2934.9 2934.9 2934.9 2934.9 
2934.9 2934.9 2934.9 2934.9 2934.9 2934.9 2934.9 2934.9 
2930.4 2930.4 2930.4 2930.4 2930.4 2930.4 2930.4 2930.4 
2930.4 2930.4 2930.4 2930.4 2930.4 2930.4 2930.4 2930.4 
2931.6 2931.6 2931.6 2931.6 2931.6 2931.6 2931.6 2931.6 
2931.6 2931.6 2931.6 2931.6 2931.6 2931.6 2931.6 2931.6 
2909 2915.5 2912 2930.4 2930.4 2922.83 2927.83 2930.4 
2925.17 2918.17 2915.5 2920.83 2914 2904.5 2930.4 2926.83 
2918.17 2924.83 2909.5 2933.4 2934 2927.5 2918.83 2914.5 
2906 2927.17 2921.5 2921 2933.4 2908.5 2915.5 2925.5 
2930.4 2918.3 2922.83 2930.5 2929.5 2918.5 2918 2927.17 
2911.83 2915.5 2919.5 2920.5 2929.83 2923.17 2923.5 2904.5 
2917.5 2925.5 2905 2942.4 2922.17 2931.9 2915.5 2926.1 
2915.3 2915.83 2934.83 2903.7 2932.5 2913.83 2907.5 2930.3 
2941.6 2912.17 2941.6 2931.17 2934.5 2912.5 2913.5 2933 
2941.6 2934.17 2907.1 2927.5 2930.5 2920.5 2941.6 2918.1 
2939.4 2939.4 2939.4 2930.17 2915.5 2907.5 2939.4 2933.17 
2939.4 2922.5 2939.4 2925.5 2939.4 2939.4 2933.17 2930.5 
2926 2906.5 2917.17 2924.83 2930.83 2935.7 2918.5 2934.5 
2930 2935.7 2927.83 2903.83 2908.17 2926.17 2935.7 2935.7 
2912.17 2926 2929 2916.1 2933.5 2911 2926.3 2914.5 
2923.83 2938.4 2927 2925.5 2906.5 2905.9 2938.4 2925.3 
2938.7 2938.7 2938.7 2938.7 2925.17 2926.83 2924 2938.7 
2923.17 2928.83 2931.17 2922.5 2913.17 2917.83 2915.5 2921.9 
2928.83 2907.5 2933.5 2928.5 2933 2919.17 2911 2919 
2918.5 2937.17 2921.5 2934.5 2923.5 2934.5 2940.5 2940.5 
2935 2924.17 2915.17 2905 2915.83 2932 2927.5 2930.5 
2932.3 2904.5 2939.4 2923 2921 2932 2931 2939.4 
2924.83 2914.1 2941.2 2905 2936.17 2940.17 2937.17 2926.3 
2932.5 2909.5 2934.17 2936.17 2932.5 2936 2933 2925.5 
2907.83 2934 2926.83 2926.83 2937.17 2916.5 2939.5 2933.83 
2929.1 2925.5 2940.5 2933.5 2918.5 2940.5 2930.1 2934.3 
2921.83 2919.5 2922.1 2930 2927.1 2925.9 2934 2928.5 
2930.5 2931.17 2929.3 2932.5 2927.3 2930.5 2921 2917.5 
2939.5 2904.5 2932.1 2907.5 2933.5 2933 2907.5 2927.17 
2910.21 2928 2911 2911 2927 2926.3 2928.5 2919.5 
2941.83 2934.17 2947 2917.9 2929.5 2933 2949.5 2922 
2934.1 2933.5 2940.5 2921.83 2938.5 2921.83 2925.5 2908.83 
2936.3 2933.83 2914 2938 2914 2935.5 2932.17 2932 
2938.83 2944.1 2935 2910.17 2939.83 2922.5 2944.1 2934.5 
2945.1 2945.1 2945.1 2945.1 2945.1 2945.1 2945.1 2945.1 
2945.1 2945.1 2945.1 2945.1 2945.1 2945.1 2945.1 2945.1 
2943.2 2943.2 2943.2 2943.2 2943.2 2943.2 2943.2 2943.2 
2943.2 2943.2 2943.2 2943.2 2943.2 2943.2 2943.2 2943.2 
2943.2 2943.2 2943.2 2943.2 2943.2 2943.2 2943.2 2943.2 
2943.2 2943.2 2943.2 2943.2 2943.2 2943.2 2943.2 2943.2 
# LVDC V1 t0 parameters 
2943.8 2943.8 2943.8 2943.8 2943.8 2943.8 2943.8 2943.8 
2943.8 2943.8 2943.8 2943.8 2943.8 2943.8 2943.8 2943.8 
2943.4 2943.4 2943.4 2943.4 2943.4 2943.4 2943.4 2943.4 
2943.4 2943.4 2943.4 2943.4 2943.4 2943.4 2943.4 2943.4 
2942.7 2942.7 2942.7 2942.7 2942.7 2942.7 2942.7 2942.7 
2942.7 2942.7 2942.7 2942.7 2942.7 2942.7 2914.5 2942.7 
2936.5 2907.83 2911.83 2916.5 2942 2908.17 2943.8 2943.8 
2912.17 2929.5 2928 2924.83 2904.5 2943.8 2905.5 2917.5 
2943 2934.83 2924 2933.5 2924.5 2936.5 2938.5 2913.17 
2942.5 2938.5 2913.17 2908 2933.5 2946.3 2911.83 2927.5 
2905.5 2920.83 2925 2939.17 2945.4 2945.4 2915.83 2945.4 
2936.17 2945.4 2936.5 2927.3 2934.3 2936.5 2927.1 2918.83 
2933.17 2947.83 2945.5 2904.5 2938.83 2954.1 2907.5 2949.83 
2942 2919 2934.17 2946.3 2943.5 2904.5 2947.5 2945.5 
2916.17 2953.7 2916 2918.5 2942.5 2944.17 2947.5 2913 
2946 2906.7 2906.17 2941.5 2926.17 2928.1 2910.5 2925.7 
2937.5 2943 2910.5 2944.83 2941.17 2931.83 2942.5 2930 
2904.5 2912.83 2939 2948.1 2944.17 2942.83 2915.17 2948.1 
2947.3 2947.3 2910.17 2926.83 2937.83 2933.83 2936.5 2947.3 
2924.5 2936.5 2927 2911.5 2916.83 2934.9 2937.5 2917.83 
2943.5 2919.17 2934.3 2938 2913.17 2923.83 2929.5 2913 
2907 2912.83 2946.5 2907.83 2950.17 2935 2926.83 2929 
2932.5 2919.5 2934.5 2938.17 2922 2942 2946.17 2935.3 
2904.1 2929 2945.4 2935.5 2933.5 2938.17 2937.5 2933.5 
2913.83 2952.2 2917.17 2943.9 2947.5 2952.2 2946.17 2919.17 
2945.3 2942.83 2950 2919.83 2936.17 2952.2 2927 2941.9 
2934.1 2937.3 2931.83 2950 2943.5 2938.5 2937 2935.9 
2937.9 2931.83 2932.5 2930.83 2941 2931.5 2938.5 2907.5 
2947 2920.1 2936.83 2933 2925 2934.5 2947.5 2950.7 
2935.83 2936.5 2938.5 2947 2941.83 2944.5 2941.9 2919.17 
2943.83 2944.5 2943.83 2954.5 2950.5 2949.17 2950.7 2945.5 
2916.9 2945.17 2942.83 2921 2946.5 2927.5 2945.5 2950.7 
2948.3 2941.3 2946.17 2953.9 2941 2935.83 2953.9 2930 
2941.5 2911.5 2938.83 2950.5 2944 2936.17 2928.5 2919 
2936.83 2945.5 2934.83 2938.5 2928.5 2955.3 2943.5 2913.1 
2942.17 2955.3 2927.5 2948.5 2943.5 2947.3 2941.5 2936.5 
2946.17 2946.9 2950.5 2933.5 2946.5 2942.5 2944.5 2930.5 
2940 2929.83 2933.7 2911.83 2949.17 2947 2959 2954.17 
2940.83 2933.83 2947.17 2913.1 2954.5 2954.5 2954.5 2954.5 
2954.5 2954.5 2954.5 2954.5 2954.5 2954.5 2954.5 2954.5 
2954.4 2954.4 2954.4 2954.4 2954.4 2954.4 2954.4 2954.4 
2954.4 2954.4 2954.4 2954.4 2954.4 2954.4 2954.4 2954.4 
2952.5 2952.5 2952.5 2952.5 2952.5 2952.5 2952.5 2952.5 
2952.5 2952.5 2952.5 2952.5 2952.5 2952.5 2952.5 2952.5 
2952.5 2952.5 2952.5 2952.5 2952.5 2952.5 2952.5 2952.5 
2952.5 2952.5 2952.5 2952.5 2952.5 2952.5 2952.5 2952.5 
# LVDC V2 t0 parameters 
2945.8 2945.8 2945.8 2945.8 2945.8 2945.8 2945.8 2945.8 
2945.8 2945.8 2945.8 2945.8 2945.8 2945.8 2945.8 2945.8 
2939.7 2939.7 2939.7 2939.7 2939.7 2939.7 2939.7 2939.7 
2939.7 2939.7 2939.7 2939.7 2939.7 2939.7 2939.7 2939.7 
2942.4 2942.4 2942.4 2942.4 2942.4 2942.4 2942.4 2942.4 
2942.4 2942.4 2942.4 2942.4 2914.5 2934.17 2920.83 2937.5 
2940.7 2917.83 2907.17 2919.5 2928.83 2928.5 2940.7 2940.7 
2923.83 2935.83 2940.7 2916 2940.7 2936.5 2940.7 2924.5 
2930 2932.83 2912 2919.17 2943 2919.5 2916.5 2934.5 
2914.5 2943 2943 2921.17 2906.5 2919.83 2943 2929 
2911 2919.83 2932.17 2914.83 2937 2936.5 2921.83 2942.4 
2925.5 2903.83 2926.5 2915.5 2905.5 2913.9 2934 2929.17 
2925.83 2940.5 2946 2916.17 2941.5 2950.5 2943.83 2935.7 
2926.5 2912.5 2926.83 2938.5 2932.17 2939.5 2924.83 2936.83 
2941.5 2944.83 2934.5 2927.17 2932.17 2945.5 2943.5 2939 
2931.17 2935.3 2933 2920.5 2903.17 2933.5 2904 2938.5 
2937.9 2941.2 2933.7 2925.5 2914 2930.83 2910.83 2930.3 
2941.2 2941.2 2926.5 2915.17 2941.2 2934.17 2930.5 2904 
2931.17 2925.5 2934.17 2914.17 2937.17 2931.83 2938.83 2907.5 
2931.5 2919.5 2907.83 2936.5 2937 2911.83 2929.17 2908.5 
2912.83 2929 2942.5 2936.5 2928.5 2920.5 2906.83 2933.17 
2912.17 2935 2925.5 2933.3 2929.5 2928 2914.5 2931.5 
2935.17 2905 2911.17 2930.83 2936 2921.83 2917.3 2937.9 
2916.1 2929 2940.8 2933.5 2917.5 2936.5 2940.8 2926.17 
2906.17 2921.83 2945.3 2925.83 2939.5 2937 2942 2936.83 
2909.5 2939 2921.17 2938 2910.17 2925.5 2931 2930.83 
2938.5 2933.7 2942.7 2911 2936.3 2922.5 2939.83 2920 
2942.7 2913.5 2919 2938 2924 2937 2929.17 2934.5 
2922.5 2934 2942 2935 2942 2942 2937.17 2932.5 
2935.5 2914.5 2925 2928 2923.83 2919 2933.17 2933.5 
2940 2935 2934.5 2911.5 2942 2930.17 2929 2931.5 
2932.5 2935.5 2938.83 2915.1 2933.83 2922.7 2910 2927.5 
2934.1 2937.5 2925 2918.17 2936 2936.5 2934 2939.5 
2905 2923.17 2931 2930.5 2930.17 2934.5 2916 2924.5 
2938.5 2943.5 2938.5 2925.1 2940.5 2943.5 2936 2931.9 
2933.9 2923.83 2929.5 2927.5 2935 2937.5 2930.5 2935.17 
2940.5 2947.5 2948.3 2938.5 2934 2935.7 2926.5 2949.5 
2954 2950.5 2947.17 2949.5 2935.83 2954 2954 2920.17 
2919.7 2936.9 2931 2934.5 2941.83 2919 2904 2926.83 
2940.17 2935.5 2927.17 2933.5 2947.3 2933.83 2947.3 2947.3 
2950.9 2950.9 2950.9 2950.9 2950.9 2950.9 2950.9 2950.9 
2950.9 2950.9 2950.9 2950.9 2950.9 2950.9 2950.9 2950.9 
2952.3 2952.3 2952.3 2952.3 2952.3 2952.3 2952.3 2952.3 
2952.3 2952.3 2952.3 2952.3 2952.3 2952.3 2952.3 2952.3 
2942.4 2942.4 2942.4 2942.4 2942.4 2942.4 2942.4 2942.4 
2942.4 2942.4 2942.4 2942.4 2942.4 2942.4 2942.4 2942.4 
