# RVDC U1 t0 parameters T0 Error 
0 0 0 0 0 0 0 0 
0 0 0 0 0 0 0 0 
0 0 0 0 0 0 0 0 
0 0 0 0 0 0 0 0 
0 0 0 0 0 0 0 0 
0 0.707107 1.49071 0 2.89278 2.68135 0.707107 5.09877 
2.44949 3.0075 0 5.09877 1.30656 5.65685 2.48069 0.707107 
7.66927 3.53159 1.40833 6.75779 1.8235 5.65685 1.90459 2.44949 
7.02947 5.77878 3.47555 3.06663 4.11439 11.4399 3.47555 0 
0.982114 0.985211 1.75901 0.681626 2.23357 2.76455 6.13969 6.37802 
2.74597 2.834 3.53159 4.27895 1.40833 0.358162 2.68135 1.90459 
4.11439 1.22474 2.68135 1.46302 2.68135 0 6.84075 6.84075 
0 0.707107 6.10432 1.82428 5.77878 1.11536 0 2.74597 
2.85543 2.91406 2.31183 4.11439 2.15154 8.39833 5.39001 2.17162 
4.10854 3.88581 0 8.41245 0 1.44016 2.34487 1.48856 
1.89021 0.707107 2.68135 2.30479 4.46351 9.94544 9.94544 0 
3.95016 5.21886 1.83152 4.58258 14.7354 0.646128 8.08515 7.494 
0.430331 4.21768 3.13031 1.11536 1.44183 11.4399 5.03127 11.1703 
0.781387 1.89021 1.60541 0.951057 5.39001 0 2.89278 1.48856 
1.46302 5.21886 2.42369 1.40833 0.707107 11.7132 0.982114 8.71942 
1.08766 1.46302 1.48856 4.03627 5.03127 2.68135 3.51257 1.43324 
6.03438 2.17162 3.59815 6.20482 4.03627 2.30479 12.3942 0.707107 
1.82428 11.4399 1.88389 3.13031 1.48856 5.039 2.80614 1.89021 
12.0642 1.27682 6.10432 3.88581 0.707107 4.86209 3.11386 13.745 
4.60056 7.66927 2.38483 1.89021 7.02947 8.71942 1.49891 6.16203 
0.788403 5.11081 0.430331 3.60778 1.65246 5.40453 1.60541 5.39001 
16.0153 0.707107 4.4952 4.21768 7.492 18.2842 3.51257 1.87467 
3.39411 5.03908 1.60541 3.67111 5.039 2.48069 6.75524 3.06663 
2.56737 5.03908 1.21656 7.6356 4.0891 2.834 5.03908 6.0626 
20.8928 0.941945 0.918695 3.28 3.05511 2.37103 5.74395 2.45689 
10.5372 2.10819 3.05511 5.39001 7.63818 2.37134 1.48856 1.60541 
3.67111 0.549342 1.27682 1.26206 4.07069 1.48856 2.37103 3.67111 
1.22474 9.41238 9.86978 8.04668 1.75901 4.18838 3.10371 1.48856 
8.60768 0.781387 1.09689 7.70921 4.60056 2.37134 5.40453 3.17779 
14.3946 9.41238 12.6496 3.7286 1.60541 2.15154 8.04668 2.74695 
9.31358 4.17871 0.982114 1.89021 8.04668 5.11081 1.46302 9.41238 
0.45987 5.74395 4.63885 12.1596 3.13031 18.2842 2.834 5.039 
1.30656 0.646128 3.95016 10.064 1.87467 0 3.88581 1.43324 
4.86209 2.34487 16.0153 0 0.951057 6.84075 4.37696 0 
1.89021 3.0075 6.75779 0 0 0 0 0 
0 0 0 0 0 0 0 0 
0 0 0 0 0 0 0 0 
0 0 0 0 0 0 0 0 
0 0 0 0 0 0 0 0 
0 0 0 0 0 0 0 0 
0 0 0 0 0 0 0 0 
# RVDC U2 t0 parameters T0 Error 
0 0 0 0 0 0 0 0 
0 0 0 0 0 0 0 0 
0 0 0 0 0 0 0 0 
0 0 0 0 0 0 0 0 
0 1.01835 0 1.01835 0 1.90459 2.44949 0 
5.65685 5.65685 0 1.01835 0 3.53159 0 0.982114 
6.75779 4.11439 6.75779 1.44016 2.68135 0 8.41245 5.65685 
1.29267 9.55595 0 0 3.13031 0.951057 1.44016 3.56009 
1.08766 6.10432 0.982114 2.89278 1.75901 5.77878 4.11439 5.27876 
4.27895 10.064 0.536656 3.61068 7.66927 1.30656 1.29267 5.65685 
2.76455 0.985211 4.63885 1.08766 3.47555 6.13969 0 2.60726 
9.55595 6.75779 12.6496 2.31183 1.29267 0 8.47163 3.06663 
0.985211 5.11081 0.707107 0.866189 6.75779 1.46302 10.5618 1.11536 
7.66927 6.37802 2.834 0.536656 6.84075 1.49071 6.84075 4.11439 
5.72194 3.61068 1.44016 0.985211 4.86209 1.63975 6.75779 0.985211 
8.08515 0.646128 1.60694 1.40833 7.09561 10.5618 7.66927 1.30656 
0.306186 2.48069 1.49071 6.84075 0.681626 10.1869 2.31183 2.68135 
1.8235 0.707107 1.48856 6.26281 7.66927 4.18838 2.85543 13.745 
3.64933 0.524599 5.03127 5.03127 0 2.834 0.951057 2.85543 
3.13031 1.8235 2.48069 5.03127 0.430331 3.40369 0.430331 4.60056 
1.65246 3.11386 3.59815 0.549342 0 2.34487 1.44016 6.26281 
7.492 16.0153 1.49071 2.07356 2.17162 1.11536 7.9576 3.10371 
7.494 3.51257 1.40833 7.09561 4.80788 3.43295 2.48069 5.039 
1.22474 1.60694 3.12289 2.834 1.43324 4.37696 5.39001 0.536656 
5.53413 0 7.09561 1.60694 8.08515 6.28642 2.31183 3.59815 
2.42369 0 3.18707 1.82428 2.60726 10.064 5.58198 3.0075 
7.09561 2.48069 5.09877 3.88581 2.31183 2.30479 18.2958 9.04036 
0 2.10819 7.494 0.781387 4.85492 2.31183 3.64933 1.87467 
3.46924 1.09689 5.39001 4.22958 0.762871 6.26281 1.26206 1.87467 
0 3.13031 1.72765 3.39411 5.09877 5.53413 6.84075 6.03438 
7.9576 6.67685 6.28642 7.492 3.06663 4.63929 17.195 3.88581 
2.05396 3.17779 14.7354 6.28642 9.0729 1.01835 2.56737 1.65246 
1.65246 4.09101 2.50954 3.13031 5.18416 5.53413 1.60694 16.7515 
5.42369 1.65654 2.30479 5.42369 2.30479 2.05396 4.81797 10.7545 
2.44949 2.834 8.55939 0.536656 0.918695 3.13031 1.75901 1.8235 
4.80288 0.951057 0 3.40369 3.63547 1.14159 1.36413 2.15154 
7.07898 1.03009 0 3.39411 18.9031 8.63314 3.43692 2.55647 
10.064 3.53159 2.48069 0.646128 3.47555 5.4451 0.985211 3.40369 
3.95016 0.918695 2.68135 4.11439 1.60541 1.89021 5.03127 5.11081 
1.08766 6.75779 3.64933 4.11439 2.10693 1.8235 2.76455 0.985211 
3.06663 3.11386 2.68135 5.21886 4.11439 3.53159 1.8235 0.707107 
0 0 1.88389 1.90459 0 0 0 0 
0 0 0 0 0 0 0 0 
0 0 0 0 0 0 0 0 
0 0 0 0 0 0 0 0 
0 0 0 0 0 0 0 0 
# RVDC V1 t0 parameters T0 Error 
0 0 0 0 0 0 0 0 
0 0 0 0 0 0 0 0 
0 0 0 0 0 0 0 0 
0 0 0 0 0 0 0 0 
0 0 0 0 0 1.49071 0 1.49071 
4.27895 2.89278 3.64933 1.88389 0.536656 3.43295 8.39833 3.53159 
2.44949 3.11386 2.23357 0.951057 3.53159 3.64933 2.89278 1.49071 
6.10432 6.10432 0.762871 1.08766 6.10432 2.23357 2.68135 0.57735 
0.536656 0.707107 4.4479 0.536656 8.39833 5.72194 4.18838 1.89021 
16.0153 1.8235 0.982114 0.707107 1.30656 2.48069 0 1.83152 
3.64933 2.48069 1.82428 1.29267 12.6496 1.42953 0 5.21886 
10.5618 5.53413 0.985211 1.43324 3.51257 1.29267 8.08515 5.72194 
7.66927 5.4451 12.6496 0 0 4.86209 2.15154 1.40833 
4.86209 9.55595 6.26281 4.63885 4.63885 2.834 9.55595 3.64933 
2.37134 1.89021 2.10819 1.29267 5.11081 0 3.06663 1.30656 
4.22958 2.89278 4.37696 1.90459 9.94544 0.646128 2.48069 3.88581 
8.08515 5.72194 6.84075 1.83152 1.87467 1.89021 5.18416 4.09101 
2.76455 2.68135 0 0 5.21886 5.21886 1.20325 0 
0 0.681626 5.72194 2.42369 3.59815 5.03908 1.46302 7.9576 
1.82428 3.39411 9.55595 1.14159 0.985211 12.891 2.68135 0.985211 
1.65246 2.834 4.63885 4.4952 3.95016 2.834 4.09101 2.31183 
4.37696 3.11386 3.13031 2.85543 6.10432 2.10819 4.18838 2.38483 
1.44016 8.04668 3.67111 8.08462 12.6496 3.53159 3.51257 0.430331 
7.9576 3.59815 3.95016 3.43295 2.68135 5.8586 2.48069 2.17162 
8.92544 3.06663 7.16707 3.63547 4.37696 3.64933 4.60056 4.63885 
7.9576 1.29267 2.42369 6.28642 9.94544 1.03009 5.40453 0.430331 
2.10819 5.72194 4.27906 4.60056 0 13.0978 8.92544 5.72194 
0.707107 9.94544 8.38218 5.11081 1.87467 1.48856 1.89021 8.04668 
1.11536 3.13031 1.22474 6.10432 5.03908 1.22474 1.89021 2.99909 
0.681626 0.918695 3.45443 2.48051 3.67111 7.16707 2.32685 4.60056 
1.29267 2.12202 2.48051 4.18838 16.8199 3.69311 6.84075 12.3134 
1.345 0.781387 4.37696 0.781387 13.3218 4.58258 9.49604 3.67111 
1.43324 2.17162 14.3084 2.834 4.26367 0.430331 6.75779 3.95016 
5.39001 3.28 12.0642 2.34487 2.834 2.60726 8.92544 7.16707 
5.40453 3.91616 3.40369 8.45244 11.4728 1.09689 1.78548 12.3942 
3.47325 1.345 8.31021 1.03009 2.60726 3.45443 1.08766 4.09101 
4.85492 0.778466 3.60778 4.21768 4.21768 4.21768 4.60056 4.63929 
5.72194 6.88815 2.48069 0.536656 2.10693 0 2.68135 3.43295 
5.11081 11.4399 0 1.30656 1.90459 1.08766 0 3.43295 
1.30656 1.30656 0 0 1.88389 0 1.01835 0 
0 0 0 0 0 0 0 0 
0 0 0 0 0 0 0 0 
0 0 0 0 0 0 0 0 
0 0 0 0 0 0 0 0 
0 0 0 0 0 0 0 0 
0 0 0 0 0 0 0 0 
# RVDC V2 t0 parameters T0 Error 
0 0 0 0 0 0 0 0 
0 0 0 0 0 0 0 0 
0 0 0 0 0 0 0 0 
0 0 0 0 2.44949 0 0 0 
2.89278 2.44949 1.90459 5.65685 0.707107 0.707107 2.89278 2.23357 
0.707107 1.90459 2.68135 0.707107 0.982114 1.49071 3.53159 4.37696 
6.75779 3.43295 2.89278 1.88389 4.11439 1.90459 0 5.11081 
5.09877 0.982114 0 1.01835 0 1.89021 0.982114 1.40833 
9.55595 5.72194 5.09877 3.88235 1.8235 5.21886 7.9576 3.11386 
8.71942 3.43295 1.89021 2.89278 0.707107 1.30656 7.09561 7.66927 
13.3218 0 5.77878 0.781387 10.5618 2.89278 1.43324 18.2842 
0.358162 0.985211 12.6496 3.79645 3.10371 1.14159 1.20325 3.11386 
7.9576 2.74597 1.49071 6.84075 4.60056 5.11081 1.75082 0.430331 
0.918695 3.47555 1.94874 3.06663 4.63885 0.866189 1.44016 3.11386 
0.681626 3.06663 1.88389 7.09561 3.64933 2.31183 0 1.30656 
1.83152 5.65685 2.31183 0.951057 2.34487 1.09689 0.707107 0 
7.494 1.87467 0.707107 1.89021 11.1703 2.03933 2.74597 0.358162 
0.982114 3.13031 8.41245 6.13969 1.89021 6.10432 6.26281 0.707107 
6.13969 12.6496 0.918695 2.76455 3.13031 8.47163 4.09101 1.88389 
10.7388 3.51257 4.18838 3.79645 11.4399 1.14159 1.88389 1.88389 
9.41238 0.430331 5.39001 4.11439 6.13969 1.01835 0.985211 3.05511 
11.4399 3.67111 3.10371 1.11536 7.9576 5.039 3.95016 4.37696 
6.67685 11.4399 2.80614 8.92544 1.78004 6.26281 3.17779 0.267078 
2.17162 4.18838 1.43324 1.29267 1.09689 0.681626 0.707107 4.58258 
3.0769 1.28886 5.8586 10.7388 3.40369 1.48856 2.84572 1.43324 
2.68135 2.10693 3.10371 4.63885 0 1.83152 6.75779 0.536656 
1 8.08515 9.94544 3.10371 3.47555 1.78548 1.96567 3.51257 
7.494 2.834 5.39001 0.863845 4.09101 7.21119 0.982114 1.90459 
4.63885 2.834 2.10819 1.30656 2.56737 3.13031 6.88815 5.81656 
1.21656 5.42369 1.43324 3.0769 2.834 3.10371 1.83152 2.48069 
17.195 5.77878 4.63885 5.8586 5.39001 2.834 5.39001 3.13031 
1.75901 1.60694 4.60056 8.92544 1.03009 0.985211 12.0642 0.482068 
3.12289 6.88815 5.39001 1.75082 7.494 1.50375 3.40369 4.85492 
1.65246 1.75082 0 3.11386 0.681626 0 3.11386 0.788403 
3.06663 0.781387 3.61068 7.62194 4.86209 0.681626 4.21768 2.12202 
22.0715 2.80614 1.88389 2.834 7.6356 11.1703 2.85543 6.75524 
2.10819 1.60541 2.60726 5.8586 6.12404 4.21768 5.42369 12.0642 
2.15154 6.8328 3.53159 6.84075 3.51257 5.39001 1.89021 5.03127 
0.762871 5.03908 13.6646 7.9576 1.40833 3.64933 3.43295 3.88581 
2.31183 2.834 3.53159 3.47555 3.13031 0.430331 11.4399 1.40833 
0 2.68135 3.53159 0.982114 1.75398 0.707107 8.41245 4.27895 
1.49071 2.89278 0 2.89278 0 0 0 0 
0 0 0 0 0 0 0 0 
0 0 0 0 0 0 0 0 
0 0 0 0 0 0 0 0 
0 0 0 0 0 0 0 0 
# LVDC U1 t0 parameters T0 Error 
0 0 0 0 0 0 0 0 
0 0 0 0 0 0 0 0 
0 0 0 0 0 0 0 0 
0 0 0 0 0 0 0 0 
0 0 0 0 0 0 0 0 
0 0 0 0 0 0 0 0 
0.707107 0 5.65685 5.65685 2.44949 0 4.27895 1.90459 
2.44949 1.8235 0 2.89278 1.90459 1.49071 0 8.39833 
1.88389 0.707107 1.29267 4.37696 1.49071 0 1.01835 3.61068 
1.90459 5.09877 1.90459 0 2.68135 1.8235 1.49071 0.707107 
10.064 3.11386 4.4479 3.61068 5.77878 3.61068 0 0.781387 
5.09877 0 2.68135 11.4399 1.8235 0.982114 2.07356 7.66927 
0 5.11081 4.37696 0.951057 0.982114 0 1.75398 1.8235 
0 3.53159 1.08766 11.4399 4.11439 2.68135 1.90459 8.41245 
6.75779 1.49071 5.11081 1.01835 1.8235 5.65685 3.11386 5.21886 
1.89021 1.01835 0 0.707107 0 1.49071 2.89278 2.89278 
5.65685 0.951057 0 2.89278 8.41245 0 1.29267 0 
0.951057 8.41245 0.681626 7.66927 2.10693 1.90459 1.75398 4.11439 
4.27895 1.88389 2.68135 1.01835 0 5.21886 6.75779 3.53159 
3.43295 3.88581 4.60056 6.75779 1.01835 3.06663 1.82428 4.37696 
0 4.86209 8.41245 1.82428 1.43324 6.10432 4.11439 1.01835 
1.46302 4.27895 0 1.29267 3.06663 1.29267 10.064 0 
7.66927 2.10693 6.10432 3.53159 1.75901 0.951057 3.43295 1.89021 
1.88389 0 5.09877 5.21886 10.064 4.37696 5.65685 0 
1.11536 1.82428 0 0 4.37696 3.61068 1.75398 1.89021 
9.55595 6.75779 5.21886 5.11081 4.09101 0.681626 6.75779 3.53159 
1.89021 0.707107 0.918695 2.76455 0 0 6.10432 4.60056 
0 0.951057 0.536656 2.48069 3.47555 2.834 9.55595 1.08766 
0.430331 1.46302 8.41245 5.65685 3.10371 5.09877 3.43295 0 
3.43295 7.02947 6.10432 8.41245 2.34487 2.63809 2.48069 14.7354 
5.11081 1.43324 8.39833 4.11439 3.06663 4.60056 0 0.982114 
6.10432 0.707107 3.11386 6.10432 3.47555 1.29267 0.57735 4.27895 
3.88235 2.10819 3.95016 5.77878 2.15154 7.492 7.66927 1.11536 
4.60056 0.918695 2.07356 3.0075 5.72194 0.918695 1.44016 5.72194 
0.358162 3.53159 1.30656 1.87467 3.06663 4.27895 0.681626 1.87467 
3.47555 0.982114 8.47163 4.27895 7.9576 1.89021 2.19831 4.63885 
6.84075 0.982114 0 3.53159 9.55595 0 4.27895 2.23357 
6.84075 5.11081 1.29267 2.44949 1.88389 5.09877 2.63809 2.834 
4.37696 1.40833 0 0 2.68135 3.53159 5.65685 1.88389 
2.76455 1.49071 1.49071 0 1.30656 0 0 0 
0 0 0 0 0 0 0 0 
0 0 0 0 0 0 0 0 
0 0 0 0 0 0 0 0 
0 0 0 0 0 0 0 0 
0 0 0 0 0 0 0 0 
0 0 0 0 0 0 0 0 
# LVDC U2 t0 parameters T0 Error 
0 0 0 0 0 0 0 0 
0 0 0 0 0 0 0 0 
0 0 0 0 0 0 0 0 
0 0 0 0 0 0 0 0 
0 0 0 0 0 0 0 0 
1.90459 0 0 2.89278 2.44949 5.65685 2.89278 2.76455 
0 0 1.88389 0 0 4.37696 0 2.76455 
2.76455 4.27895 1.01835 2.89278 1.01835 1.30656 5.65685 0 
0 0 0.536656 4.37696 0 0.707107 3.43295 0 
2.89278 0.982114 1.90459 4.11439 0 0.707107 0 3.61068 
1.30656 0 3.53159 2.07356 0 5.65685 4.11439 4.27895 
1.44016 1.89021 1.88389 2.89278 6.75779 0.951057 1.8235 4.27895 
0 5.09877 1.40833 0 3.53159 1.8235 0 0.707107 
0 2.89278 0 3.53159 0.707107 2.48069 1.30656 0.681626 
5.09877 11.4399 3.61068 0.982114 3.53159 2.44949 5.65685 5.09877 
0 1.40833 3.53159 1.88389 0 3.88235 1.90459 4.11439 
1.90459 2.89278 1.88389 5.09877 1.82428 0.982114 7.02947 0 
1.82428 0 1.30656 3.53159 1.49071 8.41245 1.8235 1.08766 
0.951057 1.8235 1.88389 8.41245 3.53159 0 1.30656 0 
2.48069 0 1.88389 7.66927 0 6.75779 0 1.40833 
2.89278 3.53159 1.01835 0 1.49071 3.11386 2.89278 1.8235 
3.53159 1.30656 0 2.07356 8.47163 2.44949 2.23357 0 
2.89278 4.27895 1.88389 1.29267 5.09877 6.75779 1.88389 2.68135 
0 0 0.781387 3.0075 0.982114 7.02947 4.11439 6.10432 
1.40833 5.21886 0 0 2.68135 0.951057 1.40833 1.29267 
3.43295 2.68135 4.11439 1.11536 7.66927 0.707107 4.86209 0.536656 
1.88389 2.48069 8.41245 10.064 0.536656 0 1.89021 0 
3.06663 0 7.02947 2.76455 4.60056 0 3.88235 3.64933 
2.48069 0 2.68135 3.43295 2.10693 0.536656 0 2.89278 
0 1.30656 6.75779 9.55595 6.75779 1.14159 5.77878 1.49071 
1.8235 0 7.66927 2.68135 0 4.27906 0.358162 1.87467 
7.09561 3.61068 1.8235 4.60056 3.61068 4.37696 0 7.66927 
2.44949 4.37696 4.37696 2.34487 10.064 2.15154 11.4399 1.11536 
2.68135 0 12.6496 7.9576 0 7.9576 0 7.66927 
2.48069 2.10693 4.18838 3.64933 1.75901 0 2.834 2.76455 
6.37802 0.781387 2.63809 2.89278 1.30656 1.88389 4.11439 11.4399 
1.46302 6.75779 4.60056 4.11439 2.48069 4.37696 4.11439 0 
3.10371 7.66927 3.11386 0 10.064 4.37696 1.30656 2.15154 
6.75779 1.40833 4.11439 2.89278 1.40833 0.951057 8.41245 1.46302 
1.29267 5.65685 4.27895 1.40833 5.65685 2.89278 1.49071 0 
2.89278 4.27895 5.09877 0.707107 1.30656 0 0.707107 1.90459 
0 0 0 0 0 0 0 0 
0 0 0 0 0 0 0 0 
0 0 0 0 0 0 0 0 
0 0 0 0 0 0 0 0 
0 0 0 0 0 0 0 0 
# LVDC V1 t0 parameters T0 Error 
0 0 0 0 0 0 0 0 
0 0 0 0 0 0 0 0 
0 0 0 0 0 0 0 0 
0 0 0 0 0 0 0 0 
0 0 0 0 0 0 0 0 
0 0 1.90459 0 0 5.65685 1.01835 0 
1.88389 1.30656 0 0 2.89278 1.30656 2.89278 1.90459 
5.65685 0 0.707107 2.76455 0 0.982114 1.49071 0 
2.89278 0 4.37696 0 2.44949 4.37696 0.982114 0 
4.27895 0 4.27895 3.11386 1.90459 5.11081 0 4.27895 
0.536656 6.75779 0 2.44949 5.65685 4.4479 4.37696 1.87467 
1.30656 1.90459 4.27895 4.27895 6.75779 1.30656 0.951057 1.75398 
0 6.10432 1.82428 0.707107 5.09877 3.11386 6.75779 1.40833 
5.65685 5.77878 2.68135 0.707107 3.06663 8.39833 8.41245 3.53159 
6.75779 6.10432 0 1.40833 5.65685 1.29267 5.11081 2.68135 
0.536656 5.09877 2.76455 1.69678 2.89278 5.09877 3.06663 0.951057 
0.982114 0.982114 2.44949 5.65685 0 1.88389 3.88581 0.951057 
4.27895 2.48069 0 1.40833 6.75779 4.11439 5.09877 3.88235 
0 2.68135 1.30656 4.37696 1.29267 1.08766 1.30656 3.61068 
0 6.10432 5.11081 3.53159 1.8235 11.4399 0.951057 3.43295 
2.68135 1.30656 1.29267 1.89021 0 1.30656 4.11439 1.30656 
4.18838 8.41245 3.06663 1.29267 9.55595 4.37696 1.40833 1.90459 
0.707107 2.68135 4.11439 2.10693 4.60056 0.982114 4.18838 0 
0.536656 4.11439 3.11386 1.01835 2.89278 4.27895 1.30656 5.27876 
4.11439 4.11439 4.11439 4.11439 4.18838 0 3.53159 1.8235 
3.51257 0 2.10693 1.01835 0.781387 6.75779 2.48069 0 
0 0.951057 2.76455 7.02947 1.20325 4.86209 1.29267 1.75901 
1.89021 1.48856 2.76455 1.11536 2.48069 1 2.15154 3.11386 
5.77878 4.86209 1.87467 4.11439 2.38483 1.30656 0.982114 8.71942 
11.4399 1.89021 6.10432 3.53159 0.951057 8.41245 4.11439 5.11081 
9.55595 0 5.11081 1.40833 7.9576 9.55595 2.10693 2.834 
3.51257 0.707107 1.88389 4.37696 8.41245 0.982114 0.781387 5.53413 
3.10371 0 3.11386 0.982114 0 1.60694 1.08766 2.60726 
2.44949 1.89021 4.11439 1.8235 7.492 4.63885 5.39001 0 
3.47555 1.40833 7.66927 5.09877 3.39411 2.17162 3.53159 1.89445 
0.707107 10.064 1.89021 2.63809 1.40833 2.68135 0.536656 2.10693 
3.11386 3.47555 16.0153 3.11386 0.982114 5.72194 1.89021 10.064 
2.68135 0.707107 5.09877 0.681626 3.61068 2.48069 3.61068 0 
0 1.01835 0 0 2.68135 0 2.89278 2.76455 
0 0.707107 0 0 0 0 0 0 
0 0 0 0 0 0 0 0 
0 0 0 0 0 0 0 0 
0 0 0 0 0 0 0 0 
0 0 0 0 0 0 0 0 
0 0 0 0 0 0 0 0 
0 0 0 0 0 0 0 0 
# LVDC V2 t0 parameters T0 Error 
0 0 0 0 0 0 0 0 
0 0 0 0 0 0 0 0 
0 0 0 0 0 0 0 0 
0 0 0 0 0 0 0 0 
0 0 0 0 0 0 1.90459 0 
0 2.44949 1.49071 1.90459 1.90459 0 0 2.89278 
0.951057 1.30656 0 2.76455 1.88389 3.53159 2.89278 1.90459 
4.27895 1.49071 1.90459 0 0.681626 0 2.23357 6.75779 
0 0 0.982114 0.536656 2.89278 0 5.65685 0.982114 
0 4.11439 1.88389 1.01835 0 1.01835 1.01835 3.53159 
2.44949 1.40833 1.90459 0 8.41245 1.8235 0.536656 1.90459 
1.89021 1.8235 0.707107 2.89278 2.89278 8.41245 5.65685 2.68135 
0 1.88389 6.75779 2.89278 1.82428 2.89278 1.88389 9.55595 
0 0 3.43295 2.89278 6.75779 0 3.53159 5.09877 
2.89278 1.82428 1.30656 4.27895 2.23357 4.27895 0.707107 0 
3.64933 0.707107 3.53159 1.01835 1.40833 1.40833 1.89021 0 
1.89021 5.09877 3.64933 0.536656 2.23357 2.68135 2.76455 0 
1.90459 1.8235 8.41245 0 0 3.11386 1.30656 3.43295 
2.89278 1.49071 3.11386 0 4.37696 2.44949 1.49071 3.11386 
0 1.49071 3.43295 8.41245 0.951057 1.88389 5.11081 5.65685 
1.30656 9.55595 2.23357 1.40833 2.07356 0 0.982114 8.41245 
5.65685 0.951057 0 2.44949 3.11386 1.01835 2.68135 0 
0 2.89278 1.40833 5.21886 2.48069 2.89278 3.47555 2.23357 
2.44949 1.30656 1.29267 2.68135 1.90459 1.88389 1.49071 2.89278 
5.11081 0 4.27895 10.064 0.951057 8.41245 11.4399 5.65685 
11.4399 5.77878 0 6.10432 1.89021 0 0 0 
2.76455 2.31183 4.37696 2.68135 0 2.89278 3.61068 1.90459 
6.10432 5.11081 0 0.982114 0 0.536656 11.4399 3.53159 
0 1.11536 6.75779 0.707107 1.90459 6.84075 0 2.60726 
3.11386 1.30656 1.11536 1.49071 2.48069 0 10.064 0 
10.064 2.44949 0 1.90459 1.30656 1.01835 11.4399 1.8235 
0.982114 0 0 1.89021 0.762871 8.41245 1.8235 12.6496 
5.21886 5.09877 2.68135 1.75901 3.0075 0.951057 11.4399 3.43295 
8.41245 4.11439 3.06663 5.09877 1.90459 3.43295 4.22958 5.72194 
4.27895 7.9576 4.11439 1.40833 6.75779 5.09877 0 14.7354 
3.43295 0 1.89021 8.41245 9.41238 1.60694 1.11536 3.51257 
3.17779 8.08462 0.536656 4.11439 2.07356 1.44016 4.27895 1.60694 
1.30656 1.30656 8.41245 3.53159 4.37696 7.66927 12.6496 5.09877 
5.11081 2.48069 5.09877 11.4399 1.40833 6.75779 5.09877 1.01835 
6.75779 2.34487 1.40833 0 5.77878 1.49071 2.44949 0.982114 
1.90459 0.951057 0 0 2.76455 0 0 0 
0 0 0 0 0 0 0 0 
0 0 0 0 0 0 0 0 
0 0 0 0 0 0 0 0 
0 0 0 0 0 0 0 0 
0 0 0 0 0 0 0 0 
