# RVDC U1 t0 parameters 
2644 2644 2644 2644 2644 2644 2644 2644 
2644 2644 2644 2644 2644 2644 2644 2644 
2644 2644 2644 2644 2644 2644 2644 2644 
2644 2644 2644 2644 2644 2644 2644 2644 
2643.1 2643.1 2643.1 2643.1 2643.1 2643.1 2643.1 2643.1 
2643.1 2643.1 2643.1 2643.1 2643.1 2643.1 2643.1 2643.1 
2643.4 2643.4 2643.4 2643.4 2643.4 2643.4 2643.4 2643.4 
2643.4 2643.4 2643.4 2643.4 2643.4 2643.4 2643.4 2643.4 
2643.4 2643.4 2643.4 2643.4 2643.4 2625.5 2643.4 2622.5 
2620.17 2623.5 2626 2643.4 2615 2643.4 2608.5 2643.4 
2640 2640 2623.83 2640 2634.17 2638.17 2640 2629 
2640 2613.5 2626 2605.5 2640 2625.83 2605 2607 
2643.7 2638.17 2643.7 2607.5 2615 2635.83 2607.17 2629.83 
2633.5 2643.7 2638.1 2628.17 2637.5 2623.5 2645.5 2643.7 
2632.5 2645.6 2645.6 2645.6 2614.5 2612 2637 2631.83 
2638.5 2645.6 2634.17 2615.17 2645.6 2645.6 2618.83 2645.6 
2644.83 2606.5 2647.1 2624.17 2633.5 2639.83 2623 2619.5 
2617.83 2647.1 2647.1 2627.17 2644.83 2633.5 2632 2624.5 
2641.5 2638 2616.83 2632 2646.5 2624.83 2645.7 2645.7 
2616.17 2634 2645.7 2624.17 2632.5 2643.83 2627 2605.5 
2617.5 2603.83 2617 2609 2631.83 2638 2606.83 2624.5 
2637.3 2646.5 2624.5 2606.5 2625.83 2631 2647.3 2633 
2646.9 2619.83 2625.5 2606.83 2645.83 2643.17 2646.9 2611.83 
2641.83 2639.5 2646.9 2621.5 2638.17 2605 2616 2604.83 
2608.5 2605.5 2634.5 2633.7 2634.17 2649.4 2609.17 2645.5 
2623.5 2633.3 2641 2638.5 2637.83 2637.5 2621.5 2630 
2627.5 2640 2622 2627 2648 2605 2638 2637.83 
2632.17 2609.1 2629.5 2638 2613.17 2648 2632.5 2638 
2612 2647.7 2623.5 2637.5 2647.7 2615.83 2637 2635.5 
2613.5 2620.5 2630.17 2642.17 2631.83 2638.17 2617 2622.1 
2633.5 2628.5 2630 2638.5 2640 2630 2641.5 2644.17 
2618 2621.17 2638.5 2648.2 2630.7 2640.5 2605.17 2621 
2652.6 2617 2643.5 2633.17 2646 2621.5 2609 2652.6 
2640.3 2636 2630.17 2632 2604.5 2652.6 2652.6 2644 
2637.7 2629 2633 2635.5 2634.5 2645 2648.5 2637.5 
2645 2627.83 2645 2633.17 2626.17 2615.5 2623.83 2604.5 
2628.5 2614.5 2639.17 2631 2634.83 2617.17 2631.5 2655.2 
2655.2 2642.5 2622.83 2618 2642.17 2622.3 2655.2 2655.2 
2652.1 2652.1 2652.1 2652.1 2652.1 2652.1 2652.1 2652.1 
2652.1 2652.1 2652.1 2652.1 2652.1 2652.1 2652.1 2652.1 
2655.4 2655.4 2655.4 2655.4 2655.4 2655.4 2655.4 2655.4 
2655.4 2655.4 2655.4 2655.4 2655.4 2655.4 2655.4 2655.4 
2652.1 2652.1 2652.1 2652.1 2652.1 2652.1 2652.1 2652.1 
2652.1 2652.1 2652.1 2652.1 2652.1 2652.1 2652.1 2652.1 
2655.4 2655.4 2655.4 2655.4 2655.4 2655.4 2655.4 2655.4 
2655.4 2655.4 2655.4 2655.4 2655.4 2655.4 2655.4 2655.4 
# RVDC U2 t0 parameters 
2634.6 2634.6 2634.6 2634.6 2634.6 2634.6 2634.6 2634.6 
2634.6 2634.6 2634.6 2634.6 2634.6 2634.6 2634.6 2634.6 
2634.6 2634.6 2634.6 2634.6 2634.6 2634.6 2634.6 2634.6 
2634.6 2634.6 2634.6 2634.6 2634.6 2634.6 2634.6 2634.6 
2637.5 2637.5 2637.5 2637.5 2637.5 2637.5 2637.5 2637.5 
2637.5 2637.5 2637.5 2637.5 2637.5 2637.5 2637.5 2637.5 
2632.3 2632.3 2632.3 2632.3 2632.3 2632.3 2632.3 2632.3 
2632.3 2632.3 2632.3 2632.3 2632.3 2632.3 2632.3 2632.3 
2632.5 2632.5 2632.5 2632.5 2632.5 2632.5 2632.5 2616.83 
2622.5 2632.5 2632.5 2632.5 2627.17 2632.5 2627.5 2632.5 
2623.5 2633.4 2633.4 2618.83 2621.83 2624 2615.83 2619.17 
2633.4 2621 2625.5 2611.17 2633.4 2633.4 2609.17 2623.5 
2630.17 2603 2627 2624.5 2609.5 2618.5 2618.17 2639.6 
2613.83 2639.6 2639.6 2623.5 2625.17 2639.6 2634.17 2614.17 
2623.5 2611.17 2635.17 2617.83 2616.5 2605.17 2639.1 2631.83 
2639.1 2639.1 2639.1 2621.83 2623.5 2630.17 2639.1 2624.5 
2627.5 2617.83 2612.5 2639.2 2639.2 2639.2 2635.17 2628.17 
2620.83 2609.5 2617 2606.5 2639.2 2603.17 2608.17 2627.5 
2624.5 2621 2640.9 2630.83 2628.83 2628.5 2640.9 2603 
2622.5 2617.83 2625 2637.5 2604.83 2640.9 2614.5 2640.9 
2630.5 2618 2639.9 2632.5 2626.17 2609.17 2611.17 2622.83 
2609.17 2639.9 2639.9 2636.17 2628.17 2639.9 2633.5 2639.9 
2625.5 2611.17 2637.17 2629.5 2620.17 2629.3 2625.5 2637.5 
2617.83 2618 2605.17 2605.17 2640.4 2629.17 2630 2629.5 
2640.4 2624.17 2624.17 2619.5 2623.17 2617.83 2629.17 2626.17 
2624.83 2622.5 2629.5 2629 2608.5 2612.5 2632.5 2614.83 
2623.83 2631.5 2631.17 2640 2616.5 2615.5 2613.83 2640 
2607 2640 2612 2639.83 2623.83 2623 2632.5 2640 
2639.17 2630.5 2634.5 2618 2615 2611.5 2606.5 2630.5 
2626.5 2631.17 2625.5 2620.5 2623.5 2622.83 2633.17 2641.2 
2639 2627 2627.5 2628.5 2626 2623 2639 2639 
2633.83 2620 2639 2634.5 2626.1 2604.5 2623.83 2616.5 
2632.5 2612 2630.17 2611 2605.3 2613.5 2623.83 2628.5 
2642.7 2623.17 2627.7 2642.7 2632.9 2630.9 2611.17 2642.7 
2638.5 2623.5 2622.5 2642.3 2642.3 2611 2627 2638 
2635.5 2616.83 2611.3 2626.5 2642.3 2628.5 2625.5 2617 
2613.83 2631.5 2640 2634.5 2637.5 2623.5 2634.5 2628.5 
2628.17 2640.5 2623 2624 2640.5 2645.5 2645.5 2629.5 
2625.17 2632.83 2637.5 2645 2612.5 2645 2645 2645 
2609.5 2645 2645 2645 2645 2645 2645 2645 
2643.9 2643.9 2643.9 2643.9 2643.9 2643.9 2643.9 2643.9 
2643.9 2643.9 2643.9 2643.9 2643.9 2643.9 2643.9 2643.9 
2647.6 2647.6 2647.6 2647.6 2647.6 2647.6 2647.6 2647.6 
2647.6 2647.6 2647.6 2647.6 2647.6 2647.6 2647.6 2647.6 
2647.6 2647.6 2647.6 2647.6 2647.6 2647.6 2647.6 2647.6 
2647.6 2647.6 2647.6 2647.6 2647.6 2647.6 2647.6 2647.6 
# RVDC V1 t0 parameters 
2649.3 2649.3 2649.3 2649.3 2649.3 2649.3 2649.3 2649.3 
2649.3 2649.3 2649.3 2649.3 2649.3 2649.3 2649.3 2649.3 
2649.3 2649.3 2649.3 2649.3 2649.3 2649.3 2649.3 2649.3 
2649.3 2649.3 2649.3 2649.3 2649.3 2649.3 2649.3 2649.3 
2649.3 2649.3 2649.3 2649.3 2649.3 2649.3 2649.3 2649.3 
2649.3 2649.3 2649.3 2649.3 2649.3 2649.3 2649.3 2649.3 
2649 2649 2649 2649 2649 2649 2649 2649 
2649 2649 2649 2649 2649 2649 2649 2649 
2647.8 2647.8 2647.8 2647.8 2647.8 2618.83 2629.17 2647.8 
2647.8 2647.8 2621 2643.83 2645.5 2642.5 2624.17 2626.5 
2645.7 2626.17 2643.83 2609.5 2618 2607 2645.7 2614.5 
2628.83 2622.17 2630.17 2605.83 2644.17 2605.5 2645.7 2645.7 
2651 2651 2642 2619 2651 2639.5 2624.5 2616.5 
2610.5 2636.5 2651 2642.5 2642 2651 2651 2608.5 
2648.9 2630 2631.5 2648.9 2648.9 2610.5 2616.5 2636.5 
2643.17 2625.17 2644.17 2637.5 2645 2648.9 2638.83 2639.17 
2642 2617.5 2613.83 2609.5 2603 2636.5 2621.83 2612.5 
2646.83 2605.5 2606.5 2648.4 2634.5 2648.4 2608.5 2639.5 
2648.4 2615.83 2631.5 2640.17 2618.17 2636 2636 2632.3 
2608.83 2633.5 2641 2621.3 2648.4 2648.4 2641.83 2623 
2638.83 2644.5 2621.17 2641.83 2653.5 2619.83 2641.17 2653.5 
2634.5 2653.5 2632.5 2632.5 2653.5 2624 2625.17 2642.83 
2629.17 2622.17 2648.5 2607.7 2653 2629.5 2614.83 2639.83 
2611.17 2633.17 2621.5 2653 2603.5 2619.5 2613 2626.5 
2638.17 2624.9 2605.83 2642.5 2639.83 2631.83 2608.5 2638.17 
2645.83 2646.5 2623 2608.17 2614 2638.5 2636.5 2604 
2634.17 2620.3 2650.17 2608.17 2631 2643.5 2631.5 2645.17 
2629.5 2641.83 2641.5 2618.7 2655.3 2624.9 2631 2631 
2610.83 2625.5 2639.83 2650.5 2650.5 2632.83 2645.17 2638 
2613.5 2648.17 2603.17 2650.5 2650.5 2642.83 2643.17 2622.5 
2605.5 2633.17 2616.83 2635.17 2646.83 2652.17 2652.6 2652.6 
2624 2645.5 2629.3 2635 2625.83 2636.83 2636.83 2640.17 
2646.5 2639.1 2631.83 2632.5 2633.17 2607.5 2633.5 2623.5 
2640.5 2653.7 2637.3 2635 2637.5 2630.83 2643.17 2653.7 
2645 2624.5 2606.17 2635.1 2618.17 2636.3 2641.83 2619 
2635 2623.17 2620.5 2640 2634.5 2648.83 2613.17 2639.83 
2652.5 2656.1 2617.5 2638.83 2656.1 2640 2617.5 2627.83 
2608.5 2609.17 2642.5 2656.1 2656.1 2656.1 2656.1 2656.1 
2653.8 2653.8 2653.8 2653.8 2653.8 2653.8 2653.8 2653.8 
2653.8 2653.8 2653.8 2653.8 2653.8 2653.8 2653.8 2653.8 
2656.3 2656.3 2656.3 2656.3 2656.3 2656.3 2656.3 2656.3 
2656.3 2656.3 2656.3 2656.3 2656.3 2656.3 2656.3 2656.3 
2643.7 2643.7 2643.7 2643.7 2643.7 2643.7 2643.7 2643.7 
2643.7 2643.7 2643.7 2643.7 2643.7 2643.7 2643.7 2643.7 
2643.7 2643.7 2643.7 2643.7 2643.7 2643.7 2643.7 2643.7 
2643.7 2643.7 2643.7 2643.7 2643.7 2643.7 2643.7 2643.7 
# RVDC V2 t0 parameters 
2652.7 2652.7 2652.7 2652.7 2652.7 2652.7 2652.7 2652.7 
2652.7 2652.7 2652.7 2652.7 2652.7 2652.7 2652.7 2652.7 
2647.8 2647.8 2647.8 2647.8 2647.8 2647.8 2647.8 2647.8 
2647.8 2647.8 2647.8 2647.8 2647.8 2647.8 2647.8 2647.8 
2647.1 2647.1 2647.1 2647.1 2647.1 2647.1 2647.1 2647.1 
2647.1 2647.1 2647.1 2647.1 2647.1 2647.1 2647.1 2647.1 
2645.9 2645.9 2645.9 2645.9 2645.9 2645.9 2645.9 2645.9 
2645.9 2645.9 2645.9 2645.9 2645.9 2645.9 2645.9 2645.9 
2646 2646 2646 2646 2646 2646 2628.83 2629.83 
2633.83 2646 2604.17 2646 2646 2646 2637.5 2632 
2632.83 2643.9 2603.17 2626 2630 2615.5 2608.17 2630.17 
2643.9 2626.17 2611.17 2606.83 2605.5 2643.9 2626.17 2626 
2646.8 2646.8 2646.8 2634.5 2604.83 2646.8 2632.3 2632.5 
2646.8 2626.83 2646.8 2646.8 2646.8 2646.5 2621.5 2639.5 
2630.5 2604.17 2637 2621.17 2623.17 2606 2609.83 2614.5 
2621 2635 2608.5 2632.5 2643.7 2643.7 2629.17 2634.5 
2641.17 2645 2603.83 2610 2607.5 2645 2638.17 2605.5 
2628.83 2631 2629.5 2634 2633.17 2608.83 2634.5 2631 
2635.17 2605.5 2609 2620 2638.5 2605.5 2635 2611.5 
2639.5 2620.5 2613.83 2624.17 2632.83 2646.8 2629.5 2646.8 
2642.17 2610.5 2611.83 2618.5 2646.5 2635 2615.5 2607.5 
2646.5 2646.5 2644.17 2635 2638.5 2636.83 2638.5 2609.83 
2643.5 2627.5 2645.17 2624.7 2608.17 2607.5 2644.9 2609 
2635.5 2617 2615.17 2632.3 2644.9 2609.17 2616.83 2632.83 
2642.83 2634.5 2637.5 2647.5 2640.83 2635 2624 2604.1 
2623.9 2647.5 2644.5 2641.17 2620.1 2633.9 2610.83 2603.17 
2637 2642 2626.83 2623.83 2641.83 2619.17 2646.9 2638.83 
2635.17 2612.5 2632.5 2632.5 2630.5 2632.17 2645.5 2625.5 
2627.5 2632 2649.17 2627.5 2642 2624.17 2644.17 2650.3 
2628.7 2650.3 2634.5 2643.5 2641.5 2626 2615.5 2625.5 
2636.3 2628.17 2647.6 2647.6 2642.5 2607.5 2635.5 2615 
2647.6 2631.1 2619.17 2624.5 2647.6 2635.5 2630.5 2615 
2638 2616.17 2648.1 2648.1 2612.17 2641.17 2624.17 2618.5 
2642 2648.1 2621.5 2612.17 2628.17 2648.1 2644.5 2648.1 
2646.8 2647 2613.83 2646.8 2641 2646.8 2646.8 2614 
2634.5 2631.5 2608.5 2646.8 2619 2603.7 2633.83 2605.5 
2648 2652.5 2649.83 2645.5 2630.5 2655.3 2641.5 2606.5 
2641.5 2649.5 2603.17 2645.5 2646.5 2610.5 2645.5 2611.5 
2642.5 2642 2623.83 2641.5 2650.17 2611 2654.4 2625.83 
2654.4 2654.4 2654.4 2654.4 2654.4 2654.4 2654.4 2654.4 
2653.1 2653.1 2653.1 2653.1 2653.1 2653.1 2653.1 2653.1 
2653.1 2653.1 2653.1 2653.1 2653.1 2653.1 2653.1 2653.1 
2652.7 2652.7 2652.7 2652.7 2652.7 2652.7 2652.7 2652.7 
2652.7 2652.7 2652.7 2652.7 2652.7 2652.7 2652.7 2652.7 
2652.7 2652.7 2652.7 2652.7 2652.7 2652.7 2652.7 2652.7 
2652.7 2652.7 2652.7 2652.7 2652.7 2652.7 2652.7 2652.7 
# LVDC U1 t0 parameters 
2947.1 2947.1 2947.1 2947.1 2947.1 2947.1 2947.1 2947.1 
2947.1 2947.1 2947.1 2947.1 2947.1 2947.1 2947.1 2947.1 
2944 2944 2944 2944 2944 2944 2944 2944 
2944 2944 2944 2944 2944 2944 2944 2944 
2942 2942 2942 2942 2942 2942 2942 2942 
2942 2942 2942 2942 2942 2942 2942 2942 
2940.5 2940.5 2940.5 2940.5 2940.5 2940.5 2940.5 2940.5 
2940.5 2940.5 2940.5 2940.5 2940.5 2940.5 2940.5 2940.5 
2941.7 2941.7 2941.7 2941.7 2941.7 2941.7 2941.7 2941.7 
2941.7 2941.7 2941.7 2941.7 2941.7 2941.7 2941.7 2941.7 
2942.9 2942.9 2942.9 2942.9 2942.9 2942.9 2942.9 2942.9 
2942.9 2942.9 2942.9 2942.9 2942.9 2942.9 2942.9 2942.9 
2946.6 2946.6 2946.6 2946.6 2946.6 2946.6 2946.6 2946.6 
2946.6 2946.6 2946.6 2946.6 2946.6 2946.6 2946.6 2946.6 
2944.6 2944.6 2944.6 2944.6 2944.6 2944.6 2944.6 2944.6 
2944.6 2944.6 2944.6 2944.6 2944.6 2944.6 2944.6 2944.6 
2944.1 2944.1 2944.1 2944.1 2944.1 2944.1 2944.1 2944.1 
2944.1 2944.1 2944.1 2944.1 2944.1 2944.1 2944.1 2944.1 
2942.1 2942.1 2942.1 2942.1 2942.1 2942.1 2942.1 2942.1 
2942.1 2942.1 2942.1 2942.1 2942.1 2942.1 2942.1 2942.1 
2940.6 2940.6 2940.6 2940.6 2940.6 2940.6 2940.6 2940.6 
2940.6 2940.6 2940.6 2940.6 2940.6 2940.6 2940.6 2940.6 
2940.5 2940.5 2940.5 2940.5 2940.5 2940.5 2940.5 2940.5 
2940.5 2940.5 2940.5 2940.5 2940.5 2940.5 2940.5 2940.5 
2945.4 2945.4 2945.4 2945.4 2945.4 2945.4 2945.4 2945.4 
2945.4 2945.4 2945.4 2945.4 2945.4 2945.4 2945.4 2945.4 
2943.8 2943.8 2943.8 2943.8 2943.8 2943.8 2943.8 2943.8 
2943.8 2943.8 2943.8 2943.8 2943.8 2943.8 2943.8 2943.8 
2944.9 2944.9 2944.9 2944.9 2944.9 2944.9 2944.9 2944.9 
2944.9 2944.9 2944.9 2944.9 2944.9 2944.9 2944.9 2944.9 
2942.5 2942.5 2942.5 2942.5 2904.5 2942.5 2903.5 2923.5 
2906 2942.5 2915.5 2942.5 2942.5 2942.5 2942.5 2942.5 
2945.7 2945.7 2945.7 2945.7 2945.7 2945.7 2945.7 2945.7 
2945.7 2945.7 2945.7 2945.7 2945.7 2945.7 2945.7 2945.7 
2945.4 2945.4 2945.4 2945.4 2945.4 2934.17 2911.83 2945.4 
2945.4 2933.83 2945.4 2917.83 2931.17 2945.4 2915.17 2906.5 
2947.1 2947.1 2947.1 2947.1 2947.1 2947.1 2947.1 2947.1 
2947.1 2947.1 2947.1 2947.1 2947.1 2947.1 2947.1 2947.1 
2945.1 2945.1 2945.1 2945.1 2945.1 2945.1 2945.1 2945.1 
2945.1 2945.1 2945.1 2945.1 2945.1 2945.1 2945.1 2945.1 
2945.8 2945.8 2945.8 2945.8 2945.8 2945.8 2945.8 2945.8 
2945.8 2945.8 2945.8 2945.8 2945.8 2945.8 2945.8 2945.8 
2945 2945 2945 2945 2945 2945 2945 2945 
2945 2945 2945 2945 2945 2945 2945 2945 
2945 2945 2945 2945 2945 2945 2945 2945 
2945 2945 2945 2945 2945 2945 2945 2945 
# LVDC U2 t0 parameters 
2934.9 2934.9 2934.9 2934.9 2934.9 2934.9 2934.9 2934.9 
2934.9 2934.9 2934.9 2934.9 2934.9 2934.9 2934.9 2934.9 
2930.4 2930.4 2930.4 2930.4 2930.4 2930.4 2930.4 2930.4 
2930.4 2930.4 2930.4 2930.4 2930.4 2930.4 2930.4 2930.4 
2931.6 2931.6 2931.6 2931.6 2931.6 2931.6 2931.6 2931.6 
2931.6 2931.6 2931.6 2931.6 2931.6 2931.6 2931.6 2931.6 
2930.4 2930.4 2930.4 2930.4 2930.4 2930.4 2930.4 2930.4 
2930.4 2930.4 2930.4 2930.4 2930.4 2930.4 2930.4 2930.4 
2933.4 2933.4 2933.4 2933.4 2933.4 2933.4 2933.4 2933.4 
2933.4 2933.4 2933.4 2933.4 2933.4 2933.4 2933.4 2933.4 
2930.4 2930.4 2930.4 2930.4 2930.4 2930.4 2930.4 2930.4 
2930.4 2930.4 2930.4 2930.4 2930.4 2930.4 2930.4 2930.4 
2942.4 2942.4 2942.4 2942.4 2942.4 2942.4 2942.4 2942.4 
2942.4 2942.4 2942.4 2942.4 2942.4 2942.4 2942.4 2942.4 
2941.6 2941.6 2941.6 2941.6 2941.6 2941.6 2941.6 2941.6 
2941.6 2941.6 2941.6 2941.6 2941.6 2941.6 2941.6 2941.6 
2939.4 2939.4 2939.4 2939.4 2939.4 2939.4 2939.4 2939.4 
2939.4 2939.4 2939.4 2939.4 2939.4 2939.4 2939.4 2939.4 
2935.7 2935.7 2935.7 2935.7 2935.7 2935.7 2935.7 2935.7 
2935.7 2935.7 2935.7 2935.7 2935.7 2935.7 2935.7 2935.7 
2938.4 2938.4 2938.4 2938.4 2938.4 2938.4 2938.4 2938.4 
2938.4 2938.4 2938.4 2938.4 2938.4 2938.4 2938.4 2938.4 
2938.7 2938.7 2938.7 2938.7 2938.7 2938.7 2938.7 2938.7 
2938.7 2938.7 2938.7 2938.7 2938.7 2938.7 2938.7 2938.7 
2940.5 2940.5 2940.5 2940.5 2940.5 2940.5 2940.5 2940.5 
2940.5 2940.5 2940.5 2940.5 2940.5 2940.5 2940.5 2940.5 
2939.4 2939.4 2939.4 2939.4 2939.4 2939.4 2939.4 2939.4 
2939.4 2939.4 2939.4 2939.4 2939.4 2939.4 2939.4 2939.4 
2941.2 2941.2 2941.2 2941.2 2941.2 2941.2 2941.2 2941.2 
2941.2 2941.2 2941.2 2941.2 2941.2 2941.2 2941.2 2941.2 
2940.5 2940.5 2940.5 2940.5 2940.5 2940.5 2940.5 2940.5 
2940.5 2940.5 2940.5 2940.5 2940.5 2940.5 2940.5 2940.5 
2940.8 2940.8 2940.8 2940.8 2940.8 2940.8 2940.8 2940.8 
2940.8 2940.8 2940.8 2940.8 2940.8 2940.8 2940.8 2940.8 
2939.5 2939.5 2939.5 2939.5 2939.5 2939.5 2939.5 2939.5 
2939.5 2939.5 2939.5 2939.5 2939.5 2939.5 2939.5 2939.5 
2947 2947 2947 2947 2947 2947 2947 2947 
2947 2947 2947 2947 2947 2947 2947 2947 
2944.1 2944.1 2944.1 2944.1 2944.1 2944.1 2944.1 2944.1 
2944.1 2944.1 2944.1 2944.1 2944.1 2944.1 2944.1 2944.1 
2945.1 2945.1 2945.1 2945.1 2945.1 2945.1 2945.1 2945.1 
2945.1 2945.1 2945.1 2945.1 2945.1 2945.1 2945.1 2945.1 
2943.2 2943.2 2943.2 2943.2 2943.2 2943.2 2943.2 2943.2 
2943.2 2943.2 2943.2 2943.2 2943.2 2943.2 2943.2 2943.2 
2943.2 2943.2 2943.2 2943.2 2943.2 2943.2 2943.2 2943.2 
2943.2 2943.2 2943.2 2943.2 2943.2 2943.2 2943.2 2943.2 
# LVDC V1 t0 parameters 
2943.8 2943.8 2943.8 2943.8 2943.8 2943.8 2943.8 2943.8 
2943.8 2943.8 2943.8 2943.8 2943.8 2943.8 2943.8 2943.8 
2943.4 2943.4 2943.4 2943.4 2943.4 2943.4 2943.4 2943.4 
2943.4 2943.4 2943.4 2943.4 2943.4 2943.4 2943.4 2943.4 
2942.7 2942.7 2942.7 2942.7 2942.7 2942.7 2942.7 2942.7 
2942.7 2942.7 2942.7 2942.7 2942.7 2942.7 2942.7 2942.7 
2943.8 2943.8 2943.8 2943.8 2943.8 2943.8 2943.8 2943.8 
2943.8 2943.8 2943.8 2943.8 2943.8 2943.8 2943.8 2943.8 
2946.3 2946.3 2946.3 2946.3 2946.3 2946.3 2946.3 2946.3 
2946.3 2946.3 2946.3 2946.3 2946.3 2946.3 2946.3 2946.3 
2945.4 2945.4 2945.4 2945.4 2945.4 2945.4 2945.4 2945.4 
2945.4 2945.4 2945.4 2945.4 2945.4 2945.4 2945.4 2945.4 
2954.1 2954.1 2954.1 2954.1 2954.1 2954.1 2954.1 2954.1 
2954.1 2954.1 2954.1 2954.1 2954.1 2954.1 2954.1 2954.1 
2953.7 2953.7 2953.7 2953.7 2953.7 2953.7 2953.7 2953.7 
2953.7 2953.7 2953.7 2953.7 2953.7 2953.7 2953.7 2953.7 
2948.1 2948.1 2948.1 2948.1 2948.1 2948.1 2948.1 2948.1 
2948.1 2948.1 2948.1 2948.1 2948.1 2948.1 2948.1 2948.1 
2947.3 2947.3 2947.3 2947.3 2947.3 2947.3 2947.3 2947.3 
2947.3 2947.3 2947.3 2947.3 2947.3 2947.3 2947.3 2947.3 
2951.2 2951.2 2951.2 2951.2 2951.2 2951.2 2951.2 2951.2 
2951.2 2951.2 2951.2 2951.2 2951.2 2951.2 2951.2 2951.2 
2945.4 2945.4 2945.4 2945.4 2945.4 2945.4 2945.4 2945.4 
2945.4 2945.4 2945.4 2945.4 2945.4 2945.4 2945.4 2945.4 
2952.2 2952.2 2952.2 2952.2 2952.2 2952.2 2952.2 2952.2 
2952.2 2952.2 2952.2 2952.2 2952.2 2952.2 2952.2 2952.2 
2948.2 2948.2 2948.2 2948.2 2948.2 2948.2 2948.2 2948.2 
2948.2 2948.2 2948.2 2948.2 2948.2 2948.2 2948.2 2948.2 
2950.7 2950.7 2950.7 2950.7 2950.7 2950.7 2950.7 2950.7 
2950.7 2950.7 2950.7 2950.7 2950.7 2950.7 2950.7 2950.7 
2950.7 2950.7 2950.7 2934.17 2950.7 2950.7 2950.7 2950.7 
2950.7 2950.7 2950.7 2950.7 2950.7 2950.7 2950.7 2950.7 
2953.9 2953.9 2953.9 2953.9 2953.9 2953.9 2912.5 2953.9 
2919.83 2953.9 2953.9 2953.9 2953.9 2953.9 2953.9 2953.9 
2955.3 2955.3 2946.17 2955.3 2955.3 2906.83 2955.3 2955.3 
2955.3 2955.3 2955.3 2955.3 2955.3 2955.3 2955.3 2955.3 
2959 2959 2959 2959 2959 2959 2959 2959 
2959 2959 2959 2959 2959 2959 2959 2959 
2954.5 2954.5 2954.5 2954.5 2954.5 2954.5 2954.5 2954.5 
2954.5 2954.5 2954.5 2954.5 2954.5 2954.5 2954.5 2954.5 
2954.4 2954.4 2954.4 2954.4 2954.4 2954.4 2954.4 2954.4 
2954.4 2954.4 2954.4 2954.4 2954.4 2954.4 2954.4 2954.4 
2952.5 2952.5 2952.5 2952.5 2952.5 2952.5 2952.5 2952.5 
2952.5 2952.5 2952.5 2952.5 2952.5 2952.5 2952.5 2952.5 
2952.5 2952.5 2952.5 2952.5 2952.5 2952.5 2952.5 2952.5 
2952.5 2952.5 2952.5 2952.5 2952.5 2952.5 2952.5 2952.5 
# LVDC V2 t0 parameters 
2945.8 2945.8 2945.8 2945.8 2945.8 2945.8 2945.8 2945.8 
2945.8 2945.8 2945.8 2945.8 2945.8 2945.8 2945.8 2945.8 
2939.7 2939.7 2939.7 2939.7 2939.7 2939.7 2939.7 2939.7 
2939.7 2939.7 2939.7 2939.7 2939.7 2939.7 2939.7 2939.7 
2942.4 2942.4 2942.4 2942.4 2942.4 2942.4 2942.4 2942.4 
2942.4 2942.4 2942.4 2942.4 2942.4 2942.4 2942.4 2942.4 
2940.7 2940.7 2940.7 2940.7 2940.7 2940.7 2940.7 2940.7 
2940.7 2940.7 2940.7 2940.7 2940.7 2940.7 2940.7 2940.7 
2943 2943 2943 2943 2943 2943 2943 2943 
2943 2943 2943 2943 2943 2943 2943 2943 
2942.4 2942.4 2942.4 2942.4 2942.4 2942.4 2942.4 2942.4 
2942.4 2942.4 2942.4 2942.4 2942.4 2942.4 2942.4 2942.4 
2950.5 2950.5 2950.5 2950.5 2950.5 2950.5 2950.5 2950.5 
2950.5 2950.5 2950.5 2950.5 2950.5 2950.5 2950.5 2950.5 
2946.4 2946.4 2946.4 2946.4 2946.4 2946.4 2946.4 2946.4 
2946.4 2946.4 2946.4 2946.4 2946.4 2946.4 2946.4 2946.4 
2941.2 2941.2 2941.2 2941.2 2941.2 2941.2 2941.2 2941.2 
2941.2 2941.2 2941.2 2941.2 2941.2 2941.2 2941.2 2941.2 
2940.6 2940.6 2940.6 2940.6 2940.6 2940.6 2940.6 2940.6 
2940.6 2940.6 2940.6 2940.6 2940.6 2940.6 2940.6 2940.6 
2941.6 2941.6 2941.6 2941.6 2941.6 2941.6 2941.6 2941.6 
2941.6 2941.6 2941.6 2941.6 2941.6 2941.6 2941.6 2941.6 
2940.8 2940.8 2940.8 2940.8 2940.8 2940.8 2940.8 2940.8 
2940.8 2940.8 2940.8 2940.8 2940.8 2940.8 2940.8 2940.8 
2945.3 2945.3 2945.3 2945.3 2945.3 2945.3 2945.3 2945.3 
2945.3 2945.3 2945.3 2945.3 2945.3 2945.3 2945.3 2945.3 
2942.7 2942.7 2942.7 2942.7 2942.7 2942.7 2942.7 2942.7 
2942.7 2942.7 2942.7 2942.7 2942.7 2942.7 2942.7 2942.7 
2942 2942 2942 2942 2942 2942 2942 2942 
2942 2942 2942 2942 2942 2942 2942 2942 
2944.5 2944.5 2944.5 2944.5 2944.5 2944.5 2944.5 2944.5 
2944.5 2944.5 2944.5 2944.5 2944.5 2944.5 2944.5 2944.5 
2945.4 2945.4 2945.4 2945.4 2945.4 2945.4 2945.4 2945.4 
2945.4 2945.4 2945.4 2945.4 2945.4 2945.4 2945.4 2945.4 
2943.5 2943.5 2943.5 2943.5 2943.5 2943.5 2943.5 2943.5 
2943.5 2943.5 2943.5 2943.5 2943.5 2943.5 2943.5 2943.5 
2954 2954 2954 2954 2954 2954 2954 2954 
2954 2954 2954 2954 2954 2954 2954 2954 
2947.3 2947.3 2947.3 2947.3 2947.3 2947.3 2947.3 2947.3 
2947.3 2947.3 2947.3 2947.3 2947.3 2947.3 2947.3 2947.3 
2950.9 2950.9 2950.9 2950.9 2950.9 2950.9 2950.9 2950.9 
2950.9 2950.9 2950.9 2950.9 2950.9 2950.9 2950.9 2950.9 
2952.3 2952.3 2952.3 2952.3 2952.3 2952.3 2952.3 2952.3 
2952.3 2952.3 2952.3 2952.3 2952.3 2952.3 2952.3 2952.3 
2942.4 2942.4 2942.4 2942.4 2942.4 2942.4 2942.4 2942.4 
2942.4 2942.4 2942.4 2942.4 2942.4 2942.4 2942.4 2942.4 
