# RVDC U1 t0 parameters 
2644 2644 2644 2644 2644 2644 2644 2644 
2644 2644 2644 2644 2644 2644 2644 2644 
2644 2644 2644 2644 2644 2644 2644 2644 
2644 2644 2644 2644 2644 2644 2644 2644 
2643.1 2643.1 2643.1 2643.1 2643.1 2643.1 2643.1 2643.1 
2643.1 2643.1 2643.1 2643.1 2643.1 2643.1 2643.1 2643.1 
2644.17 2622.5 2612.83 2643.4 2632 2636.5 2643.5 2612.83 
2637.5 2630.83 2621.5 2611.7 2633.17 2635.9 2638.5 2616.5 
2639.5 2628.3 2613.5 2629.9 2635.83 2631 2643.4 2635.17 
2635.17 2643.4 2630.5 2636.5 2643.4 2628.9 2636.5 2635.5 
2640 2640 2631.7 2633.83 2633.5 2614.1 2639 2634.7 
2612.83 2626.1 2610.3 2640 2613.83 2626.5 2625.1 2625.17 
2639.9 2643.7 2638.5 2636.5 2616.5 2638 2615.5 2612.5 
2634.17 2635 2640.17 2624.17 2639.5 2639.83 2614.83 2639.83 
2637 2626.17 2640.9 2634.5 2637.5 2640.83 2636.5 2621 
2645.6 2635.3 2636.17 2625 2641 2606.5 2632.5 2645.6 
2624.83 2604.79 2643 2639.3 2631.17 2647.1 2637.5 2635.5 
2622.5 2634.17 2643.17 2640.5 2612.3 2639.7 2634 2644.5 
2643.5 2620.17 2634.83 2638.5 2645.5 2636.5 2641 2642.5 
2629 2636.17 2636.5 2622.5 2609 2638 2641.17 2637.5 
2640.5 2613.5 2631.83 2641.5 2626.83 2643.5 2647.3 2639.5 
2642 2606.3 2644.1 2645.3 2650.5 2621.5 2637.75 2638.5 
2645.5 2640.1 2644.83 2643.5 2613.83 2643 2644.1 2617.83 
2634.7 2642.5 2644.7 2646.9 2626.17 2636.5 2638.83 2630.5 
2649.4 2605.7 2641.9 2631 2642.83 2632.7 2643.9 2620.3 
2634.3 2641.9 2626.17 2611 2643.5 2638.1 2642.5 2632.9 
2641.3 2646.5 2645.17 2634.1 2646.17 2643.5 2640 2644.5 
2636.83 2641.7 2641.83 2642 2640.5 2637.5 2640.17 2639.5 
2646.5 2647.7 2637.5 2638.83 2625.17 2640.83 2644.5 2642.7 
2640.5 2640.5 2642.1 2640.5 2636.9 2631.5 2639.5 2642.17 
2646.5 2630.3 2638.3 2644.5 2636.83 2633 2640.83 2620.21 
2635.83 2638.7 2642.17 2621.1 2636.5 2640.3 2645.83 2641.17 
2625.83 2639 2638 2641.5 2644 2651.83 2639.83 2648.5 
2641.9 2643.3 2635.83 2646 2646.5 2643.5 2646.5 2640.3 
2639.3 2644.5 2642 2625 2639.7 2643.5 2634.9 2641.93 
2631.9 2636.17 2637.07 2638.5 2632.64 2636.7 2640.1 2629.5 
2643.5 2630.5 2651.1 2636.1 2643.5 2645.36 2655.2 2643.17 
2648.7 2610.17 2640 2618.17 2635.3 2648.1 2640.1 2644.5 
2616.9 2635.83 2632.17 2648.5 2652.1 2643 2647.5 2634.17 
2616 2642.17 2618.5 2651.5 2652.1 2652.1 2652.1 2652.1 
2655.4 2655.4 2655.4 2655.4 2655.4 2655.4 2655.4 2655.4 
2655.4 2655.4 2655.4 2655.4 2655.4 2655.4 2655.4 2655.4 
2652.1 2652.1 2652.1 2652.1 2652.1 2652.1 2652.1 2652.1 
2652.1 2652.1 2652.1 2652.1 2652.1 2652.1 2652.1 2652.1 
2655.4 2655.4 2655.4 2655.4 2655.4 2655.4 2655.4 2655.4 
2655.4 2655.4 2655.4 2655.4 2655.4 2655.4 2655.4 2655.4 
# RVDC U2 t0 parameters 
2634.6 2634.6 2634.6 2634.6 2634.6 2634.6 2634.6 2634.6 
2634.6 2634.6 2634.6 2634.6 2634.6 2634.6 2634.6 2634.6 
2634.6 2634.6 2634.6 2634.6 2634.6 2634.6 2634.6 2634.6 
2634.6 2634.6 2634.6 2634.6 2634.6 2634.6 2634.6 2634.6 
2637.5 2637.5 2620.17 2637.5 2607.83 2637.5 2606.5 2627.5 
2618.5 2637.5 2619.17 2628 2619.17 2621.5 2637.5 2622.5 
2621.7 2606.5 2612.83 2626.5 2614.17 2626.5 2628 2628.5 
2634.5 2632.3 2632.3 2631.5 2610.5 2619.17 2616 2612.17 
2610.83 2614.83 2612.5 2619.17 2617.5 2613.5 2627.5 2631.5 
2632.5 2625.83 2617.83 2632.5 2618 2607.17 2626.5 2613.83 
2606.5 2623.83 2633 2629.3 2624.5 2632 2610.83 2624.7 
2627.7 2607.17 2628.17 2626.9 2624.9 2633.4 2627.5 2614.83 
2639.6 2605.9 2633 2622.5 2630.7 2639.6 2633 2639.6 
2633.83 2639.6 2629.17 2626 2627.9 2636 2628 2625.83 
2631.5 2632.83 2627.5 2606.83 2628.17 2627.7 2614.5 2605 
2620.5 2628.3 2628.83 2629.1 2632.17 2622.83 2620 2627.17 
2627.5 2630 2632.83 2629.5 2628 2633.17 2632 2624.3 
2632.7 2633.83 2631 2630.7 2638.3 2637.5 2626.5 2619.5 
2635.5 2624.83 2626 2631.5 2627.25 2632.9 2631.7 2604.75 
2619.9 2640.9 2640.9 2636.5 2629.5 2628.7 2631.17 2624.5 
2639.9 2627.83 2639.9 2629.83 2627.17 2631.5 2633.17 2633.9 
2627 2634.5 2629.83 2625 2627.5 2626.83 2639.9 2632 
2633.5 2627.83 2640.4 2624.5 2638 2632.83 2633.3 2636.83 
2629.3 2626.5 2631.17 2625.1 2623.9 2628.36 2616 2619.17 
2631.17 2631.83 2612.5 2632.5 2631.5 2631.5 2636.3 2618.9 
2629.5 2629.5 2610.3 2627.5 2623.9 2631.5 2627.5 2620.3 
2611.17 2628.7 2633 2629.21 2629.83 2630.5 2631.17 2638.5 
2629.17 2628.7 2629 2631 2631.17 2632.5 2629.7 2632.5 
2641.83 2633 2632.17 2637 2634.5 2634 2638.5 2635.5 
2608.7 2629.83 2635.5 2634.5 2635.79 2634.83 2627 2630.7 
2630 2612 2633.5 2625.83 2630.9 2635.07 2634.1 2629 
2639 2624.17 2628.9 2625 2629.17 2624.5 2618.1 2630.3 
2636.5 2634.5 2631.9 2634 2638.1 2634.83 2638.83 2635.83 
2632.5 2634.17 2632.3 2640 2619.17 2623.5 2630.61 2635.5 
2636.79 2637.83 2637 2636.5 2628.21 2629.5 2625.17 2633.83 
2635.17 2632.5 2633.83 2609.5 2631.93 2633.5 2634.83 2614.7 
2642.75 2627 2639.36 2638.79 2640.83 2640.5 2639.7 2635.5 
2604.5 2633.17 2642.5 2641.5 2633 2638.17 2641.83 2627.17 
2640.17 2628.3 2638.5 2645 2636 2641.5 2639.5 2605.83 
2637.5 2636.1 2622.5 2639.5 2645 2635 2638.1 2645 
2619 2632.5 2604 2643.9 2640 2605.83 2634.5 2633 
2641.83 2622.5 2643.9 2643.9 2643.9 2643.9 2643.9 2643.9 
2647.6 2647.6 2647.6 2647.6 2647.6 2647.6 2647.6 2647.6 
2647.6 2647.6 2647.6 2647.6 2647.6 2647.6 2647.6 2647.6 
2647.6 2647.6 2647.6 2647.6 2647.6 2647.6 2647.6 2647.6 
2647.6 2647.6 2647.6 2647.6 2647.6 2647.6 2647.6 2647.6 
# RVDC V1 t0 parameters 
2649.3 2649.3 2649.3 2649.3 2649.3 2649.3 2649.3 2649.3 
2649.3 2649.3 2649.3 2649.3 2649.3 2649.3 2649.3 2649.3 
2649.3 2649.3 2649.3 2649.3 2649.3 2649.3 2649.3 2649.3 
2649.3 2649.3 2649.3 2649.3 2649.3 2649.3 2649.3 2649.3 
2649.3 2649.3 2649.3 2649.3 2649.3 2649.3 2649.3 2608.5 
2639.5 2603.5 2649.3 2638.17 2632.83 2649.3 2641.83 2629 
2625.5 2649 2633.7 2630.7 2633.17 2644.5 2642.17 2641.17 
2631.17 2638 2644 2617.17 2641.5 2642.5 2647.5 2632.5 
2604.1 2636.3 2648.5 2646.17 2635.17 2637.17 2640 2621 
2641.17 2633.5 2634.83 2634.5 2647.8 2624.5 2638.9 2632.83 
2638 2645.7 2632.7 2634.83 2645.5 2645.17 2635.17 2640.9 
2632.5 2631.5 2639.83 2634.83 2620.5 2643.5 2639.5 2608.83 
2643.83 2636.5 2617 2648.5 2620.17 2635.7 2607.5 2650.5 
2631 2631.1 2644.5 2643.17 2640.5 2651 2627.5 2643 
2631.7 2608 2652.5 2639.3 2642.7 2636.83 2646 2606.83 
2646 2642.5 2641.5 2615.5 2617.5 2630.5 2606.5 2648.9 
2648.4 2626.9 2635.5 2623 2646.5 2615.5 2645.5 2643 
2625.21 2642.5 2635 2627 2629.17 2638 2637.5 2638.5 
2640.5 2640.83 2638.5 2626 2619.17 2641.1 2642.9 2642 
2641.5 2638.3 2634.3 2641.3 2644.7 2643.17 2617.5 2641.5 
2652.5 2608.1 2642.83 2641 2643.83 2630.9 2647.5 2640.5 
2650.5 2640.83 2650.5 2647.17 2616.1 2651.17 2644.17 2636.17 
2642.7 2647.5 2647.1 2608 2637.9 2644.17 2643.7 2642 
2642.5 2640.5 2644.7 2639.5 2614.1 2638.5 2641.5 2626.83 
2646.5 2609.9 2640.17 2650.5 2645.17 2616.9 2643.83 2643.93 
2608.5 2642.5 2620.7 2625 2649.83 2646.17 2645.5 2644.5 
2654.3 2637.5 2646 2648.17 2650.17 2649 2636.21 2618.83 
2637.5 2639.83 2647.5 2645.5 2641.5 2642.5 2640.5 2637.5 
2651.3 2646.9 2643.1 2648.5 2643.17 2635.83 2642.5 2640.5 
2621.17 2650.5 2650.5 2644.5 2639.7 2646.17 2642.17 2633.5 
2629.17 2645.5 2636.83 2641 2645.5 2638.83 2640.9 2635.9 
2644.7 2646 2636.5 2644.21 2645.7 2631.7 2647.83 2644 
2608.5 2632.5 2652.17 2624.5 2647.1 2640.83 2646.5 2644 
2642.93 2642.83 2647.1 2641.5 2638.5 2638.75 2617 2641.7 
2645.36 2642.17 2642.5 2639.1 2639.5 2644.5 2642.5 2644.83 
2638.17 2641.7 2631.79 2638.79 2649.3 2644.17 2632 2650 
2652.07 2636.3 2610.17 2623.83 2646.9 2645.5 2645 2637.17 
2647.17 2627.9 2644.1 2656.1 2633.7 2639.5 2617.5 2638.5 
2653.17 2622.5 2635 2648.5 2639.83 2628.17 2622.17 2632.83 
2642.5 2646.17 2618.17 2646.5 2653.8 2653.8 2653.8 2653.8 
2656.3 2656.3 2656.3 2656.3 2656.3 2656.3 2656.3 2656.3 
2656.3 2656.3 2656.3 2656.3 2656.3 2656.3 2656.3 2656.3 
2643.7 2643.7 2643.7 2643.7 2643.7 2643.7 2643.7 2643.7 
2643.7 2643.7 2643.7 2643.7 2643.7 2643.7 2643.7 2643.7 
2643.7 2643.7 2643.7 2643.7 2643.7 2643.7 2643.7 2643.7 
2643.7 2643.7 2643.7 2643.7 2643.7 2643.7 2643.7 2643.7 
# RVDC V2 t0 parameters 
2652.7 2652.7 2652.7 2652.7 2652.7 2652.7 2652.7 2652.7 
2652.7 2652.7 2652.7 2652.7 2652.7 2652.7 2652.7 2652.7 
2647.8 2647.8 2647.8 2647.8 2647.8 2647.8 2647.8 2647.8 
2647.8 2647.8 2647.8 2647.8 2647.8 2647.8 2647.8 2647.8 
2612.83 2647.1 2627.83 2647.1 2643.17 2611.17 2605.83 2647.1 
2609.83 2604.5 2603.83 2612.83 2618.5 2621.5 2642.5 2606 
2607 2614 2607.83 2635.5 2621 2640 2645.9 2643.5 
2603.83 2625.3 2624.5 2636.07 2606.3 2640.83 2623 2641.5 
2637 2622.5 2644 2636.83 2623 2630.83 2616 2646 
2622.5 2609.17 2639 2646 2640.3 2639.83 2646 2624.5 
2636 2608.17 2638 2643.17 2616 2637.3 2631.5 2634 
2634.83 2638.5 2631.3 2614.5 2631.17 2643.9 2624.5 2612.17 
2620 2639.5 2631.5 2632.17 2641.5 2645.83 2618.1 2610 
2638.5 2639 2639.9 2630.5 2641.5 2620 2609.5 2640.5 
2622.17 2633.83 2641.83 2637.5 2627 2609 2603.5 2631.5 
2632 2621 2640 2636 2607.5 2624.5 2632.5 2632.5 
2632.7 2629.5 2624 2637.17 2635.9 2631.1 2640.5 2639.1 
2639.5 2632.9 2612.5 2634.5 2636 2631.1 2622.5 2628.9 
2641.3 2637.5 2625.9 2629.5 2642.83 2643.5 2641.17 2639.9 
2638.3 2637.7 2634.7 2638.17 2619.3 2630.5 2626.7 2625 
2638.5 2638.5 2634.5 2646.5 2638.5 2606.1 2642.64 2641.5 
2628.5 2646.5 2639.5 2641.5 2642.5 2640 2632.5 2631 
2626.17 2624.83 2637.7 2643.17 2636.83 2632.5 2619.7 2644.9 
2631 2614.17 2636 2636.5 2637.5 2635.83 2638.5 2637.9 
2632.5 2644.5 2639.5 2640 2648.9 2624.3 2644 2640.83 
2638.3 2620 2639.3 2647.5 2645 2641.7 2640.7 2647.5 
2640.5 2628 2624.5 2637 2635.83 2635.83 2646.9 2635.17 
2643 2638.3 2635.9 2633.83 2641 2630.7 2641.5 2626.5 
2650.3 2640 2648.36 2642 2641.5 2643 2639.9 2638.5 
2633.7 2647 2611.83 2643.5 2632 2640 2624.83 2640.64 
2647 2643.5 2638.3 2639.5 2636.17 2638.1 2642.5 2643.5 
2627.5 2636.5 2633.5 2643 2638.5 2637.5 2640.5 2638.36 
2641 2645.5 2645.25 2643 2641.83 2645.5 2641.5 2636.83 
2616.5 2639.07 2646.3 2629.5 2640 2642.17 2641.79 2642.5 
2644.17 2624 2641.64 2637.5 2636.17 2607 2631.83 2646.5 
2637.17 2641.17 2642.7 2636.17 2638 2636.1 2637.75 2641.7 
2610.5 2640.5 2636.5 2640.5 2641.5 2648 2647.17 2644.5 
2643.83 2648.5 2648.5 2614.17 2645.5 2655.3 2642.5 2636 
2611.3 2644.3 2647.5 2647.9 2654.4 2638.5 2647.5 2650.5 
2646 2635 2611.5 2645.17 2629.17 2633.17 2610.5 2638.5 
2644.5 2611 2626 2639.83 2641.5 2653.1 2653.1 2635.83 
2653.1 2653.1 2653.1 2653.1 2653.1 2653.1 2653.1 2653.1 
2652.7 2652.7 2652.7 2652.7 2652.7 2652.7 2652.7 2652.7 
2652.7 2652.7 2652.7 2652.7 2652.7 2652.7 2652.7 2652.7 
2652.7 2652.7 2652.7 2652.7 2652.7 2652.7 2652.7 2652.7 
2652.7 2652.7 2652.7 2652.7 2652.7 2652.7 2652.7 2652.7 
# LVDC U1 t0 parameters 
2947.1 2947.1 2947.1 2947.1 2947.1 2947.1 2947.1 2947.1 
2947.1 2947.1 2947.1 2947.1 2947.1 2947.1 2947.1 2947.1 
2944 2944 2944 2944 2944 2944 2944 2944 
2944 2944 2944 2944 2944 2944 2944 2944 
2942 2942 2942 2942 2942 2942 2942 2942 
2942 2942 2942 2942 2942 2942 2942 2942 
2940.5 2940.5 2940.5 2924.5 2906.5 2910.5 2930.5 2929.5 
2929.17 2923.5 2903 2923.83 2908 2936.5 2940.5 2940.5 
2912.17 2941.7 2939.5 2936.17 2941.7 2924 2934 2918.5 
2908.5 2925 2911.17 2908.5 2941.7 2922.5 2941.7 2928.5 
2931.17 2936.83 2942.9 2928.83 2942.9 2942.9 2904.5 2936.5 
2935.5 2929.83 2938.5 2911.83 2942.9 2910.83 2942.9 2942.9 
2920.5 2940.5 2917.17 2939.5 2921 2935 2940.5 2935.17 
2920.5 2920.83 2935 2937 2946.6 2946.6 2932.83 2926 
2945.5 2923.17 2944.6 2910 2919.83 2927.5 2944.6 2944.6 
2935.5 2944.6 2912.5 2944.6 2918.17 2940.5 2944.6 2944.6 
2939.5 2935 2923.5 2924.5 2906.83 2919.83 2939.5 2934.17 
2928.5 2929.5 2934.83 2913.5 2912.83 2922.5 2914.5 2936.83 
2939.5 2931.17 2937.83 2919.5 2927.5 2942.1 2934.5 2914.5 
2930.83 2932.9 2933.17 2935.5 2935.5 2928 2932.1 2903.83 
2935.17 2940.6 2919.17 2930.7 2925.5 2921.3 2940.6 2936.17 
2939.5 2940.6 2939.5 2934.83 2940.6 2935.5 2929 2905.5 
2919 2930 2923.17 2913.83 2932.17 2911 2930.5 2933.5 
2917.83 2928 2915.17 2937.17 2914.17 2940.5 2930.9 2931.9 
2950.17 2937.17 2940.83 2925.83 2908.5 2938.3 2906.5 2941.17 
2917.5 2910 2945.4 2944.5 2904.5 2942 2945.4 2906.5 
2929.17 2903.7 2921.83 2939.5 2933.5 2936 2934.3 2943.8 
2912 2924 2942.17 2922.5 2937 2943.8 2914.5 2932 
2908.83 2944.9 2912.1 2944.9 2904.9 2935.83 2941.5 2944.9 
2937.5 2937.5 2942 2944.9 2932.5 2931.17 2904.7 2941.5 
2938 2936.17 2936 2935 2934.83 2906.5 2928 2942.5 
2933.5 2920.83 2929.3 2934.5 2936.5 2937 2930.5 2915.7 
2945.7 2930 2907.83 2912.5 2944.5 2940.5 2945.7 2939.5 
2935.7 2945.7 2929.7 2913.5 2939.83 2942 2940.17 2945.7 
2933.9 2939.83 2921 2941 2939.7 2931 2948.83 2932.5 
2934.5 2925.21 2934.7 2935.83 2938.5 2934.9 2932.83 2945.4 
2941.5 2940.83 2943.5 2943.1 2925.83 2936.9 2915 2943.5 
2930.83 2947.1 2925.9 2947.1 2942.83 2918.5 2913.83 2903.5 
2903.5 2945.1 2927.5 2939.5 2922.83 2937.5 2945.1 2945.1 
2945.1 2945.1 2945.1 2945.1 2945.1 2945.1 2945.1 2945.1 
2945.8 2945.8 2945.8 2945.8 2945.8 2945.8 2945.8 2945.8 
2945.8 2945.8 2945.8 2945.8 2945.8 2945.8 2945.8 2945.8 
2945 2945 2945 2945 2945 2945 2945 2945 
2945 2945 2945 2945 2945 2945 2945 2945 
2945 2945 2945 2945 2945 2945 2945 2945 
2945 2945 2945 2945 2945 2945 2945 2945 
# LVDC U2 t0 parameters 
2934.9 2934.9 2934.9 2934.9 2934.9 2934.9 2934.9 2934.9 
2934.9 2934.9 2934.9 2934.9 2934.9 2934.9 2934.9 2934.9 
2930.4 2930.4 2930.4 2930.4 2930.4 2930.4 2930.4 2930.4 
2930.4 2930.4 2930.4 2930.4 2930.4 2930.4 2930.4 2930.4 
2931.6 2931.6 2931.6 2931.6 2931.6 2931.6 2931.6 2931.6 
2931.6 2931.6 2931.6 2931.6 2931.6 2931.6 2931.6 2915 
2930.4 2930.4 2921.17 2930.4 2929.5 2911.5 2930.4 2930.4 
2926 2903.83 2930.4 2924.17 2912 2930.4 2916.17 2930.4 
2929.17 2925.83 2933.4 2931.5 2916.83 2921 2933.4 2917.5 
2908.83 2933.4 2927.83 2924.5 2924.5 2922 2933.4 2933.4 
2917.5 2926.5 2905 2918.83 2930.4 2922.5 2912.5 2908 
2919.17 2919 2926.17 2921.83 2918.5 2930.4 2930.4 2920.17 
2927 2932.5 2930.5 2931 2928.5 2927 2913.5 2904.5 
2929.83 2923.5 2921.5 2942.4 2927.5 2930.5 2908.17 2931.17 
2925.5 2929.83 2904.17 2925.5 2941.6 2938.17 2927 2941.6 
2910.5 2907.83 2941.6 2905.17 2938.17 2941.6 2929 2923.83 
2937.5 2932 2938.5 2918 2907.83 2935.5 2920 2926 
2939.4 2925 2919.5 2932.5 2939.4 2907.5 2915.83 2913.17 
2926.83 2903.5 2905.5 2935.7 2930 2923.5 2909.5 2926.5 
2920.5 2906.5 2935.7 2935.7 2932.83 2935.7 2919.5 2928.17 
2931.5 2929.5 2913.5 2910.83 2931.83 2907.5 2919.17 2936.17 
2930 2926 2930.1 2929.83 2916.83 2938.4 2931.17 2929.17 
2923.5 2938.7 2938.7 2931.17 2933 2933.5 2934 2932.17 
2932.5 2938.7 2932.5 2909.17 2926.5 2938.7 2929.5 2938.7 
2927 2927 2940.5 2919.17 2928.83 2940.5 2931.5 2916.5 
2908.7 2931 2940 2933 2940.5 2940.5 2927.17 2925.5 
2928 2917.5 2935.5 2939.4 2905 2939.4 2937.17 2912.1 
2918.5 2906.5 2939.4 2926.5 2917 2911 2928.83 2939.4 
2909.5 2939.5 2928.5 2937 2913.5 2931 2936 2941.2 
2940.5 2914.17 2931.5 2933.5 2936 2941.2 2930.5 2912.17 
2940.5 2930.83 2909.17 2912.5 2934 2932.5 2938.17 2936.9 
2934 2929.3 2918 2931.5 2940.5 2928.17 2931.83 2940.5 
2938.17 2940.8 2917.5 2927.5 2928.5 2934 2931.83 2925.5 
2918.17 2919 2931.5 2937.83 2935.5 2926.5 2932.5 2908.5 
2937.9 2936.7 2939.5 2913.5 2918.83 2931.5 2931.17 2934.5 
2933.5 2928 2911.83 2928.9 2937.17 2939.5 2915 2922.83 
2936.83 2936.83 2939.83 2940.17 2947 2907.83 2943.5 2931.5 
2947.5 2936.5 2942 2947 2912.7 2936.5 2947 2932.5 
2912.83 2933.5 2937 2908 2944.1 2942.5 2921 2921 
2944.1 2944.1 2944.1 2926.5 2928.17 2934.5 2944.1 2914.5 
2913.17 2926.5 2945.1 2945.1 2945.1 2945.1 2945.1 2945.1 
2945.1 2945.1 2945.1 2945.1 2945.1 2945.1 2945.1 2945.1 
2943.2 2943.2 2943.2 2943.2 2943.2 2943.2 2943.2 2943.2 
2943.2 2943.2 2943.2 2943.2 2943.2 2943.2 2943.2 2943.2 
2943.2 2943.2 2943.2 2943.2 2943.2 2943.2 2943.2 2943.2 
2943.2 2943.2 2943.2 2943.2 2943.2 2943.2 2943.2 2943.2 
# LVDC V1 t0 parameters 
2943.8 2943.8 2943.8 2943.8 2943.8 2943.8 2943.8 2943.8 
2943.8 2943.8 2943.8 2943.8 2943.8 2943.8 2943.8 2943.8 
2943.4 2943.4 2943.4 2943.4 2943.4 2943.4 2943.4 2943.4 
2943.4 2943.4 2943.4 2943.4 2943.4 2943.4 2943.4 2943.4 
2942.7 2942.7 2942.7 2942.7 2942.7 2942.7 2942.7 2942.7 
2942.7 2942.7 2942.7 2942.7 2942.7 2942.7 2942.7 2942.7 
2941.17 2934.83 2937.17 2943.8 2943.8 2943.8 2942.17 2933.5 
2903 2918.17 2943.8 2918.5 2936.5 2924.5 2928.5 2922.17 
2915.17 2937.9 2938 2912 2946.3 2936.5 2910.5 2943.17 
2933.5 2946.3 2911.5 2946.3 2939.17 2927.5 2939 2939 
2948.5 2927.83 2936.17 2922.17 2942.5 2915.5 2912.5 2919.5 
2941.17 2911.17 2909.83 2935.9 2935 2917.83 2927 2920.17 
2950.5 2946.5 2954.1 2907.83 2922.5 2946.83 2943 2948.5 
2940.83 2946.5 2910.5 2941.9 2954.1 2920.5 2939.5 2946.83 
2906.5 2941.5 2939.17 2947.5 2938.1 2917.5 2906.83 2913.83 
2953.7 2953.7 2935.5 2938.17 2919.83 2943.17 2953.7 2941.5 
2928.5 2912.5 2944.5 2941.5 2923.5 2948.1 2917.5 2918.17 
2908 2916.17 2943 2930 2907.7 2912.83 2942.17 2948.1 
2924.5 2947.3 2926.5 2910.5 2915.17 2947.3 2943.17 2939.83 
2937.1 2938.83 2934 2927.83 2937.7 2940.5 2936 2914.83 
2933.5 2935.3 2944.5 2951.2 2932.5 2904.5 2925 2927 
2944.5 2939.83 2951.2 2927 2935.3 2912.5 2932 2911.9 
2928.5 2945.4 2914.5 2931 2939.5 2940.5 2906 2918.5 
2907.83 2941 2940.83 2916.7 2918.5 2916.17 2926.17 2927.83 
2951 2952.2 2905.5 2911.9 2938.17 2929.83 2948.17 2924 
2923.5 2930 2947 2918.5 2952.2 2940.3 2912.5 2932.83 
2944 2931 2935.5 2926.17 2941.5 2941 2919.1 2913 
2942.5 2937.5 2918.1 2938 2946.17 2941 2948.2 2948.2 
2938 2942.1 2911 2912.83 2931.17 2923 2949 2917 
2907.5 2931.17 2943.83 2932.17 2950.7 2938.83 2936.17 2923 
2952.5 2943.5 2951 2949.5 2946.5 2919 2949.83 2940.83 
2914 2946.5 2950.7 2913 2924.1 2941.5 2943.83 2936.5 
2953.83 2943.17 2928.83 2931.83 2953.5 2953.9 2931.3 2943.5 
2944.3 2942.3 2943 2944.17 2936.17 2908.83 2946.83 2940.5 
2930.17 2935 2948.9 2945 2949 2936 2955.3 2949.5 
2944.83 2932.83 2937.5 2907.5 2920.17 2947.5 2941.5 2944.5 
2908.17 2944.83 2954.3 2923.83 2943.5 2946.5 2906.5 2910 
2945.83 2933.5 2936.17 2903.17 2947.17 2935.83 2945.1 2944.17 
2904.17 2908.17 2937.5 2916.5 2954.5 2954.5 2954.5 2954.5 
2954.5 2954.5 2954.5 2954.5 2954.5 2954.5 2954.5 2954.5 
2954.4 2954.4 2954.4 2954.4 2954.4 2954.4 2954.4 2954.4 
2954.4 2954.4 2954.4 2954.4 2954.4 2954.4 2954.4 2954.4 
2952.5 2952.5 2952.5 2952.5 2952.5 2952.5 2952.5 2952.5 
2952.5 2952.5 2952.5 2952.5 2952.5 2952.5 2952.5 2952.5 
2952.5 2952.5 2952.5 2952.5 2952.5 2952.5 2952.5 2952.5 
2952.5 2952.5 2952.5 2952.5 2952.5 2952.5 2952.5 2952.5 
# LVDC V2 t0 parameters 
2945.8 2945.8 2945.8 2945.8 2945.8 2945.8 2945.8 2945.8 
2945.8 2945.8 2945.8 2945.8 2945.8 2945.8 2945.8 2945.8 
2939.7 2939.7 2939.7 2939.7 2939.7 2939.7 2939.7 2939.7 
2939.7 2939.7 2939.7 2939.7 2939.7 2939.7 2939.7 2939.7 
2942.4 2942.4 2942.4 2942.4 2942.4 2942.4 2942.4 2942.4 
2942.4 2942.4 2942.4 2942.4 2942.4 2942.4 2942.4 2935.5 
2923.5 2921.5 2932.17 2927.5 2940.7 2940.7 2940.7 2940.7 
2940.7 2940.7 2917.5 2914.5 2919.83 2912.17 2919 2940.7 
2930.83 2935.5 2925 2945.5 2923.5 2943 2934.5 2913.17 
2945.5 2943 2916.5 2909.5 2942.17 2919.83 2912.83 2925.83 
2930.5 2909.17 2905.17 2905.83 2910.83 2921 2931.17 2942.4 
2942.4 2934.5 2905 2921.5 2924.5 2934.5 2911.17 2913.5 
2933 2950.5 2907.83 2944.5 2950.5 2950.5 2916.5 2915.1 
2919.83 2936.17 2906.5 2950.5 2924.83 2943.17 2942.5 2943 
2942.5 2940.7 2934.5 2946.4 2939.5 2939.5 2926.5 2946.4 
2917.5 2922.17 2931 2946.4 2907.17 2931 2935.83 2928.7 
2941.2 2924.5 2941.2 2910.17 2941.2 2928.83 2923.1 2933.3 
2938.17 2913.17 2941.2 2929.5 2908.17 2929.9 2934.17 2919.17 
2940.6 2928 2938.5 2933.5 2936 2918.17 2940.6 2927.83 
2907.5 2933.5 2936.5 2927.83 2933.3 2925 2940.6 2925.83 
2927 2932.5 2917.83 2926.83 2934.83 2932.17 2911.5 2927.3 
2906.17 2922.83 2918.5 2923.17 2916.83 2911.5 2935.17 2935.5 
2934 2923 2937.17 2940.17 2939.17 2903.83 2916 2927.17 
2913.17 2933.17 2920.17 2934.5 2925 2933.5 2928.17 2927 
2939 2936.5 2938.17 2935.17 2939.83 2940.5 2945.3 2927.83 
2928.83 2936.7 2940 2916.17 2911.5 2941 2930 2933.83 
2908.5 2942.7 2942.7 2938.5 2940.83 2931 2942.7 2933.83 
2940.17 2905.83 2932.5 2942.7 2935 2940.83 2942.7 2934.5 
2920.83 2942.5 2939.83 2926 2943.5 2915 2920.83 2917.5 
2931 2925.5 2919 2932.5 2942 2942 2919.5 2931.1 
2944.5 2941.5 2935.17 2939.17 2912 2927.5 2913.5 2933 
2944.5 2935.17 2923.17 2934.5 2937 2935 2902.9 2927.5 
2939.17 2931.7 2916.5 2931.83 2941.5 2936.83 2938.5 2944.17 
2933.83 2931.17 2945.4 2931.83 2938 2946.17 2929.5 2916 
2939.5 2935.5 2911.5 2940.5 2932.17 2913.7 2943.5 2935.5 
2925.5 2905.83 2927 2921.17 2932.5 2925.83 2936.5 2941.17 
2939.83 2954 2954 2944.5 2912.17 2954 2954 2954 
2924.5 2954 2944.83 2942.5 2954 2915.17 2941.5 2954 
2939.17 2947.3 2941.5 2927.17 2909.7 2943 2947.3 2926.5 
2916.5 2911.17 2936 2947.3 2922 2926.5 2947.3 2947.3 
2950.9 2950.9 2950.9 2950.9 2950.9 2950.9 2950.9 2950.9 
2950.9 2950.9 2950.9 2950.9 2950.9 2950.9 2950.9 2950.9 
2952.3 2952.3 2952.3 2952.3 2952.3 2952.3 2952.3 2952.3 
2952.3 2952.3 2952.3 2952.3 2952.3 2952.3 2952.3 2952.3 
2942.4 2942.4 2942.4 2942.4 2942.4 2942.4 2942.4 2942.4 
2942.4 2942.4 2942.4 2942.4 2942.4 2942.4 2942.4 2942.4 
