# RVDC U1 t0 parameters 
2644 2644 2644 2644 2644 2644 2644 2644 
2644 2644 2644 2644 2644 2644 2644 2644 
2644 2644 2644 2644 2644 2644 2644 2644 
2644 2644 2644 2644 2644 2644 2644 2644 
2643.1 2643.1 2643.1 2643.1 2643.1 2643.1 2643.1 2643.1 
2618.83 2643.1 2641.5 2630.5 2624.83 2634.5 2640.83 2627.83 
2619.17 2615.83 2634 2639.5 2619.5 2643.4 2627.83 2631 
2639 2611.5 2630.3 2615.17 2633 2630.5 2635.9 2606.5 
2610 2613.83 2643.4 2630 2633.7 2637.5 2637.5 2625 
2635.5 2637.17 2631.83 2638.17 2637.83 2628.1 2636.5 2638.17 
2640 2633 2631.83 2638.3 2621.83 2627.5 2605.5 2633.7 
2623.5 2633.9 2631.5 2631 2617.1 2629.5 2634.5 2626.9 
2641 2636.5 2634.17 2635 2636 2638.5 2633.3 2611.83 
2635.5 2620.5 2639.9 2635.5 2634 2637.83 2635.5 2639.83 
2625 2638.3 2644 2612.5 2640 2642 2636.9 2639.1 
2637 2618.5 2639.5 2637.5 2638.5 2634.5 2631.5 2640.17 
2644.1 2640.7 2643.07 2627.3 2630.5 2641.83 2643.5 2634.5 
2637.83 2641.5 2640 2642 2635.7 2645.83 2642 2605.9 
2644.1 2635.3 2641 2637.83 2643 2643.5 2638.36 2640 
2632.9 2641.7 2641 2636.17 2639 2640.5 2645.5 2633.5 
2640.5 2637.5 2644 2608 2645 2648 2645.17 2632.83 
2646 2645 2640.5 2640 2647.9 2639 2647.17 2636.5 
2649.3 2641.3 2642.3 2644 2642.5 2645.3 2643.5 2648.5 
2638.1 2620.1 2643.5 2643 2636.83 2639.17 2640.5 2640.17 
2644.9 2641.7 2642.83 2637.83 2642.7 2642.5 2634.9 2644.1 
2644.17 2639.5 2627 2632.9 2640.9 2631.5 2641.5 2638.1 
2644.5 2639.5 2643.5 2642.93 2641.5 2643.5 2645.5 2644.5 
2639.83 2646.1 2645.5 2640.5 2638.5 2641.9 2642.17 2637.17 
2647.5 2642 2639.5 2640.07 2640.3 2632.5 2643.83 2641.7 
2648 2640.5 2640.5 2639.83 2639.5 2642.5 2642.17 2635.5 
2636.5 2641 2640 2633.17 2638.5 2638.93 2640.5 2645.79 
2639.5 2638.93 2631.5 2644.5 2645.5 2633 2635.17 2633.93 
2647.5 2634.83 2649.5 2638.7 2644.5 2648.17 2638.5 2648 
2646.83 2647.5 2643.07 2644.5 2644.5 2647.83 2648.5 2639 
2639.5 2622 2649.83 2641.3 2644.5 2647 2645.5 2637.83 
2645.5 2621.5 2638.5 2638.17 2640.9 2638.5 2638.75 2631.5 
2626.5 2641.5 2649.83 2641.17 2632.3 2651 2646.07 2641.5 
2633.3 2626.83 2636 2643.7 2635.83 2626.5 2642.5 2636.5 
2635.83 2605 2614.5 2604 2645.7 2644.83 2644.83 2624.5 
2628 2641.83 2647.17 2638.5 2652.1 2621.83 2652.1 2652.1 
2655.4 2655.4 2655.4 2655.4 2655.4 2655.4 2655.4 2655.4 
2655.4 2655.4 2655.4 2655.4 2655.4 2655.4 2655.4 2655.4 
2652.1 2652.1 2652.1 2652.1 2652.1 2652.1 2652.1 2652.1 
2652.1 2652.1 2652.1 2652.1 2652.1 2652.1 2652.1 2652.1 
2655.4 2655.4 2655.4 2655.4 2655.4 2655.4 2655.4 2655.4 
2655.4 2655.4 2655.4 2655.4 2655.4 2655.4 2655.4 2655.4 
# RVDC U2 t0 parameters 
2634.6 2634.6 2634.6 2634.6 2634.6 2634.6 2634.6 2634.6 
2634.6 2634.6 2634.6 2634.6 2634.6 2634.6 2634.6 2634.6 
2634.6 2634.6 2634.6 2634.6 2634.6 2634.6 2634.6 2634.6 
2634.6 2634.6 2634.6 2634.6 2634.6 2634.6 2634.6 2612 
2637.5 2637.5 2615.83 2614.5 2621.17 2627.83 2622.5 2637.5 
2610 2627.17 2637.5 2628.83 2620 2621.17 2625 2620 
2626.5 2626 2630.83 2627.5 2628 2612.5 2623.5 2628.83 
2624.5 2620.5 2632.3 2632.3 2622.5 2628.17 2607 2615.7 
2619.5 2624.83 2621.5 2630.17 2632.83 2628.17 2628.3 2628.3 
2622 2615.83 2627.1 2619 2620.5 2621.36 2624.5 2625 
2615.5 2619.9 2626.1 2627.83 2637.17 2625.5 2626.1 2627.5 
2616.5 2623.5 2626.7 2626.5 2617 2623 2630 2621.5 
2633.9 2621.5 2630.79 2625.5 2628 2630.9 2630.5 2635.17 
2634.5 2628.25 2625 2634.83 2636 2624.5 2617 2630.5 
2630.1 2631.9 2630.17 2639.1 2637.3 2633.5 2635.1 2622.83 
2626.3 2626.7 2606.5 2628.94 2626 2634.5 2631.17 2639.1 
2617.7 2626.36 2631 2628.5 2623.7 2634.17 2633.83 2639.2 
2630.5 2632.5 2634.17 2632.1 2629.5 2629.5 2632.5 2625.5 
2631.17 2634 2632.5 2628.83 2640.9 2634.5 2625.17 2631.83 
2633.7 2629.5 2630.7 2631.3 2634.5 2624.5 2630.5 2630.1 
2632.5 2629.9 2627.5 2631.5 2631.5 2628.17 2624.5 2633.5 
2625.93 2626 2634.5 2628.83 2636.17 2634.9 2632.5 2633.5 
2628 2632.7 2634.17 2627.17 2635.83 2636 2635.7 2628.83 
2607.3 2628.5 2916.5 2630.9 2617.1 2626.7 2635 2629.5 
2638 2631.36 2625 2625.9 2630.9 2630 2621.83 2636 
2612.5 2629.3 2622 2634.5 2630.5 2616.5 2623 2631.5 
2632 2631 2639.5 2631.1 2629.9 2631.5 2633.83 2636 
2635.9 2627.72 2630 2630.5 2632 2635.5 2626.1 2631.5 
2633 2635.5 2633.83 2629.3 2632.5 2635 2630.5 2636.17 
2636 2632.1 2631.94 2634.3 2628.5 2629.17 2634.17 2634.83 
2637.83 2628.3 2629.83 2620.93 2630.17 2631.5 2634.5 2633.5 
2630.9 2631.21 2636.5 2627 2619.9 2632.7 2631.1 2629.9 
2623 2626.36 2633 2635.5 2639.1 2631.93 2641.17 2634.5 
2641 2634.17 2636.79 2634.83 2637.17 2635.3 2642.7 2632.5 
2640 2623.1 2628.7 2641.5 2639 2638 2634.9 2635.64 
2635 2630.1 2628 2631.83 2630.17 2634 2632.5 2630 
2637.9 2635.21 2634.83 2638.7 2641.07 2634.5 2629 2633.64 
2635.1 2639.3 2638.7 2639.1 2643.3 2644.17 2640 2638.17 
2630.83 2643.5 2634.5 2641.83 2638.07 2635.5 2633.9 2639 
2636.5 2638.17 2637.83 2638.83 2633 2634.9 2635.5 2636.17 
2619.1 2634.3 2609.1 2643.9 2635.17 2630.5 2638 2641.5 
2640.5 2610 2643.9 2635.5 2616.17 2643.9 2643.9 2643.9 
2647.6 2647.6 2647.6 2647.6 2647.6 2647.6 2647.6 2647.6 
2647.6 2647.6 2647.6 2647.6 2647.6 2647.6 2647.6 2647.6 
2647.6 2647.6 2647.6 2647.6 2647.6 2647.6 2647.6 2647.6 
2647.6 2647.6 2647.6 2647.6 2647.6 2647.6 2647.6 2647.6 
# RVDC V1 t0 parameters 
2649.3 2649.3 2649.3 2649.3 2649.3 2649.3 2649.3 2649.3 
2649.3 2649.3 2649.3 2649.3 2649.3 2649.3 2649.3 2649.3 
2649.3 2649.3 2649.3 2649.3 2649.3 2649.3 2649.3 2649.3 
2649.3 2649.3 2649.3 2649.3 2649.3 2649.3 2649.3 2649.3 
2649.3 2649.3 2649.3 2649.3 2649.3 2649.3 2629.5 2606.5 
2643 2628.83 2649.3 2629.17 2649.3 2636.17 2623.5 2637.9 
2614.5 2607.17 2649 2648.5 2630.83 2649 2632.17 2613 
2641.83 2624.5 2640.5 2647.83 2629.5 2626.5 2645.5 2640.83 
2642.5 2647.8 2645.1 2639 2646.83 2642.17 2643.7 2642.5 
2647.8 2641.83 2650.17 2642 2639.1 2630.83 2607.17 2639.83 
2644.5 2637.9 2642.5 2645.5 2645.17 2645.7 2645.5 2639.3 
2642.9 2638.5 2640.5 2643.17 2638.83 2633.5 2634.5 2637 
2645.83 2637.5 2638.83 2645.5 2643.3 2646 2644 2638.1 
2648.5 2643.17 2645.83 2608.5 2643.1 2640 2643 2648.17 
2628.7 2641 2635.5 2642.5 2640.5 2639.5 2638.83 2632 
2642.17 2636.5 2645.5 2607 2640.3 2646.5 2642.3 2628.7 
2640.5 2633.5 2633.93 2641.5 2640.17 2639.3 2648.5 2647.3 
2646 2643 2643.3 2648.5 2642.5 2626 2644.5 2626.64 
2641.7 2641.5 2640.5 2638.5 2642.3 2648.83 2644 2640.5 
2641.21 2640.5 2642.5 2635.9 2643.5 2622.1 2642.17 2644.07 
2638 2638.21 2643.5 2647 2645.5 2640.79 2640.17 2644.5 
2649.5 2645.83 2651.5 2642.83 2645.5 2642.5 2648 2646.17 
2642.75 2646.5 2643.5 2607.83 2639.7 2642.5 2640.5 2644 
2635 2644.5 2646 2641.5 2644.17 2634.5 2622.3 2634.5 
2633 2644 2650.5 2639.5 2645.36 2648.75 2644.9 2653.83 
2650.3 2645 2647.1 2637.93 2652 2640.5 2643.93 2649.7 
2646.17 2645.5 2645.1 2650.17 2645.5 2646.25 2643.5 2646.36 
2650.3 2639.5 2634.5 2644 2648.5 2643 2642.3 2638.83 
2646 2640.7 2646.5 2646.75 2641 2642.5 2647.3 2646.5 
2648.17 2610.5 2639.5 2643.07 2647.5 2648.5 2648 2647 
2643.83 2644.5 2616 2645.5 2644.7 2639.79 2646.83 2639 
2650 2644.83 2612.5 2643.5 2645.5 2642.5 2644.9 2611.3 
2626 2643.9 2645.5 2644.75 2649.5 2644.5 2643.93 2635.5 
2645.83 2640.64 2647.83 2645.93 2645.5 2642.9 2644.7 2642.5 
2648.5 2631 2641.5 2644 2642.25 2643.1 2649.5 2639.5 
2644.5 2634.5 2642.83 2627.1 2642.07 2639.83 2648.5 2637 
2648.17 2639.3 2644.5 2653 2647.17 2651.5 2648.9 2641.7 
2651.83 2648.5 2608.5 2650.17 2628.3 2637.5 2649.5 2642.7 
2635.64 2646.7 2631 2645 2632.17 2646.5 2653.8 2649.5 
2612.5 2643.5 2610.5 2620.5 2637.5 2646.17 2653.8 2653.8 
2656.3 2656.3 2656.3 2656.3 2656.3 2656.3 2656.3 2656.3 
2656.3 2656.3 2656.3 2656.3 2656.3 2656.3 2656.3 2656.3 
2643.7 2643.7 2643.7 2643.7 2643.7 2643.7 2643.7 2643.7 
2643.7 2643.7 2643.7 2643.7 2643.7 2643.7 2643.7 2643.7 
2643.7 2643.7 2643.7 2643.7 2643.7 2643.7 2643.7 2643.7 
2643.7 2643.7 2643.7 2643.7 2643.7 2643.7 2643.7 2643.7 
# RVDC V2 t0 parameters 
2652.7 2652.7 2652.7 2652.7 2652.7 2652.7 2652.7 2652.7 
2652.7 2652.7 2652.7 2652.7 2652.7 2652.7 2652.7 2652.7 
2647.8 2647.8 2647.8 2647.8 2647.8 2647.8 2647.8 2647.8 
2647.8 2647.8 2647.8 2647.8 2618.5 2647.8 2605.17 2636.17 
2610.5 2647.1 2635.17 2616.17 2647.1 2610.5 2647.1 2641.17 
2617 2610.5 2604 2638.5 2639.5 2614.83 2640.5 2611.83 
2612.5 2637.5 2631.17 2606.5 2612.5 2629.1 2606.83 2639.83 
2629.5 2604 2637.5 2638.17 2631 2606.5 2629.17 2645.9 
2640.17 2617.5 2611 2608.5 2641 2638.83 2613.5 2632.3 
2640.5 2639 2638 2637.5 2623.5 2616.9 2626.83 2639.17 
2643.9 2636.9 2640.5 2637.36 2639.5 2638.17 2640.5 2637 
2638.1 2637.17 2636.5 2608 2637.7 2643.9 2632.17 2635.5 
2636.07 2640 2646.8 2620.5 2636.5 2633 2616.5 2637.5 
2640 2644.5 2645 2633 2639 2641 2647 2640.83 
2639.3 2643.7 2622.17 2632.1 2630.1 2640.36 2635.3 2635.17 
2638.5 2611.1 2637.5 2638.3 2626.5 2639.83 2617.83 2612 
2637.3 2632.7 2641.5 2635.7 2642.17 2637.3 2633.5 2638.5 
2636.17 2636.3 2637 2636.83 2634.5 2633.9 2630.83 2635 
2639.5 2639.83 2643.7 2648.83 2630.21 2644.3 2638.1 2642.7 
2640.5 2634.7 2641 2638.5 2631.83 2611.7 2636.21 2639.3 
2643.1 2637.07 2646.5 2642.5 2639.7 2628 2636.5 2641.5 
2638.3 2619.83 2633.9 2634.17 2649.5 2644 2632.17 2635.83 
2642.25 2637.17 2633.17 2633.17 2640.9 2639.5 2642.5 2639.17 
2637.5 2639.5 2638.5 2634.5 2632.5 2632.64 2636.3 2632.83 
2644.5 2631.7 2639.5 2637.5 2641.07 2630.1 2645.9 2641.75 
2647.5 2645.83 2642.93 2641.21 2646.1 2638.5 2640.17 2648.3 
2638 2643.7 2647 2641.36 2644.64 2640.17 2644.1 2644.17 
2642.83 2632.25 2636.83 2637.5 2618 2633.75 2642.5 2612 
2639.93 2643.5 2646.5 2642.5 2646.07 2632.1 2641.5 2647.5 
2650 2637.83 2642.9 2642.1 2639.25 2625.21 2638.5 2631.9 
2647.5 2638.5 2619.5 2627.17 2640.5 2638.7 2644 2645.1 
2640.5 2639.5 2638.9 2644.83 2638.64 2638.79 2647.6 2626.5 
2648.5 2641.5 2640.36 2642.17 2636.5 2640.3 2642.07 2629.5 
2640.5 2641 2639.07 2643 2642.3 2637.64 2640.83 2639 
2638.5 2638.5 2643.5 2641 2644 2639.83 2647.83 2625 
2635.5 2637 2639.5 2638.9 2637.36 2626 2635.9 2641.5 
2650.75 2644.93 2647.17 2654.5 2644.5 2638.7 2645.5 2650.1 
2643.5 2644.5 2649.5 2650.5 2637.17 2642.1 2646.5 2641 
2627.25 2645.83 2647.83 2647.17 2641.75 2639.17 2645.5 2637.17 
2649.1 2634.7 2646.5 2616 2628.5 2643.83 2644.5 2654.4 
2638.5 2643 2615.5 2649.5 2615 2638.5 2607.5 2606.17 
2644.5 2605.5 2608 2653.1 2653.1 2653.1 2653.1 2653.1 
2652.7 2652.7 2652.7 2652.7 2652.7 2652.7 2652.7 2652.7 
2652.7 2652.7 2652.7 2652.7 2652.7 2652.7 2652.7 2652.7 
2652.7 2652.7 2652.7 2652.7 2652.7 2652.7 2652.7 2652.7 
2652.7 2652.7 2652.7 2652.7 2652.7 2652.7 2652.7 2652.7 
# LVDC U1 t0 parameters 
2947.1 2947.1 2947.1 2947.1 2947.1 2947.1 2947.1 2947.1 
2947.1 2947.1 2947.1 2947.1 2947.1 2947.1 2947.1 2947.1 
2944 2944 2944 2944 2944 2944 2944 2944 
2944 2944 2944 2944 2944 2944 2944 2944 
2942 2942 2942 2942 2942 2942 2942 2942 
2942 2942 2942 2942 2942 2942 2918.83 2931.83 
2910.5 2940.5 2940.5 2933.5 2914.5 2917.3 2934.5 2931.83 
2911 2939.17 2940.5 2909.83 2927.5 2932.5 2940.5 2931.5 
2941.7 2922.5 2939.3 2934 2911 2909 2930.5 2916.17 
2932.5 2941.7 2938.5 2935 2927 2935 2910.17 2935.7 
2934.17 2939 2937.5 2938.5 2914.83 2907.1 2936.3 2905.5 
2920.7 2913 2931 2917.83 2935.9 2936 2934 2910 
2940 2914.9 2946.6 2927.1 2943 2924.5 2939.1 2945 
2919.17 2942 2946.6 2931.3 2942.17 2946.6 2933.17 2931.5 
2906.5 2936 2938.17 2916.17 2910.83 2944.6 2904.5 2938 
2931.5 2934.17 2930 2944.6 2939 2944.6 2926.5 2937.5 
2940.17 2941.5 2909.83 2920.5 2905.83 2931.83 2911 2939.5 
2932.5 2934.83 2944.1 2944.1 2930.1 2932.83 2917.17 2926.5 
2934.17 2937.5 2919 2910.5 2913.83 2932.5 2937.5 2940.83 
2914 2934.17 2931.83 2920.5 2942.1 2913 2935 2937.5 
2919.3 2934.5 2922.3 2927 2933.5 2932 2904.5 2936.1 
2940.6 2928 2933.83 2933.9 2931.17 2936.17 2931 2931.5 
2932.83 2926.9 2926.7 2913.9 2940.5 2934.17 2930.5 2929.83 
2928.5 2933 2932.83 2929.5 2931.5 2937.5 2924.5 2935.5 
2926.5 2940 2934.17 2926.9 2944.5 2916.3 2935.83 2940.17 
2945.4 2945.4 2945.4 2940.5 2945.4 2936.17 2936.5 2937.5 
2942.5 2928.1 2937.83 2928.17 2929.5 2939.5 2939.3 2940.5 
2933.5 2935.1 2923 2917.17 2937.5 2943.8 2936 2936.17 
2944.17 2916 2946.5 2911.1 2931.83 2914.5 2929.7 2940.17 
2936.7 2938.9 2934.5 2909.3 2936.1 2942.5 2935 2936 
2920 2929.5 2931.83 2940.5 2923 2938.5 2911.5 2941.5 
2939.83 2936.5 2931 2942.5 2932.7 2931.5 2933.1 2929.83 
2944.17 2946.5 2932 2945.7 2910.17 2942.5 2935.5 2937.5 
2937.9 2937.17 2930.83 2941.17 2939.7 2938.5 2945.7 2942.17 
2940.5 2938 2909 2933.5 2945.83 2938.17 2943.1 2920.5 
2941.5 2939.5 2943 2942.5 2926.5 2941.5 2928.5 2936.5 
2945.5 2945.5 2926 2937.17 2940.5 2929 2943.17 2933 
2944.17 2947.1 2947.17 2913.83 2925.83 2943.5 2942 2947.1 
2935.5 2938.5 2940.5 2942 2916.5 2937.5 2930.17 2945.1 
2909.5 2942.17 2935.5 2945.1 2945.1 2945.1 2945.1 2945.1 
2945.8 2945.8 2945.8 2945.8 2945.8 2945.8 2945.8 2945.8 
2945.8 2945.8 2945.8 2945.8 2945.8 2945.8 2945.8 2945.8 
2945 2945 2945 2945 2945 2945 2945 2945 
2945 2945 2945 2945 2945 2945 2945 2945 
2945 2945 2945 2945 2945 2945 2945 2945 
2945 2945 2945 2945 2945 2945 2945 2945 
# LVDC U2 t0 parameters 
2934.9 2934.9 2934.9 2934.9 2934.9 2934.9 2934.9 2934.9 
2934.9 2934.9 2934.9 2934.9 2934.9 2934.9 2934.9 2934.9 
2930.4 2930.4 2930.4 2930.4 2930.4 2930.4 2930.4 2930.4 
2930.4 2930.4 2930.4 2930.4 2930.4 2930.4 2930.4 2930.4 
2931.6 2931.6 2931.6 2931.6 2931.6 2931.6 2931.6 2915.5 
2919.17 2904.5 2903.17 2918.5 2925.83 2904 2931.6 2931.6 
2930.4 2930.4 2930.5 2923 2920.5 2930.4 2911.5 2926.83 
2923 2930.4 2930.4 2930.4 2930.4 2926 2920.83 2920.5 
2921.17 2923.83 2918.83 2912.83 2923.5 2933.5 2916.83 2911.83 
2933.4 2926.83 2918.5 2924 2907 2933.4 2927.5 2916.5 
2933.17 2923 2914 2922.83 2929.17 2925.17 2931.5 2920 
2915.5 2930.4 2926 2921.17 2911 2909.5 2926.5 2907.5 
2909.5 2913.3 2935 2929.83 2917.5 2925.5 2936.5 2938 
2942.4 2911.5 2912 2913.5 2939.17 2905.1 2926.17 2921.17 
2941.6 2912.5 2926.3 2933 2936.3 2931.5 2934.17 2930.83 
2938.1 2916.5 2936.5 2941.6 2941.6 2931 2933 2926.5 
2936.5 2928 2926.17 2935.9 2931.3 2918.5 2930.5 2917.5 
2925 2927.5 2906.17 2916.83 2926.7 2928.5 2932.9 2916.17 
2931.1 2935.7 2933 2923.83 2933 2935.7 2913.83 2932 
2913.83 2927.83 2924 2907.83 2935.7 2932.5 2906 2925.17 
2933.1 2921 2930.1 2907.83 2937.5 2906.5 2933.83 2932.3 
2933.5 2910 2938.5 2935.5 2938.4 2926.83 2938.4 2926.5 
2911.83 2927.83 2936.17 2927.83 2926.7 2924.5 2915.5 2938.7 
2929.5 2938.7 2928 2924.5 2930.5 2927.9 2927.5 2926.83 
2929.5 2932.17 2935.17 2933 2932.5 2926 2915.5 2933 
2933.83 2920.5 2929 2933.5 2940.5 2932.5 2940.5 2933.5 
2933.5 2939.4 2933.5 2936 2936.17 2939.4 2936.17 2923.5 
2939.5 2933.5 2930.5 2933.83 2939.4 2928 2932.83 2928.5 
2909.5 2930.17 2908.5 2908.5 2935.83 2933.83 2933.83 2929.7 
2939.17 2937.1 2918.83 2941.2 2934.7 2919.17 2915 2924.5 
2934.7 2935.5 2931.17 2922 2937.5 2922.83 2921.83 2920.5 
2913.9 2934.5 2940 2913.83 2932 2926 2910.83 2929.83 
2938.5 2929.83 2940.8 2930.5 2917.5 2935.7 2933.5 2928.3 
2933.9 2937.17 2912.79 2931 2912.5 2937.5 2906 2934 
2937.7 2906.7 2933.83 2912.5 2929 2934.5 2938.83 2935.5 
2932.83 2931.83 2927 2916 2932.5 2930.07 2906.5 2919.83 
2941.5 2947.5 2947 2945.3 2938.83 2945.17 2931.3 2944.17 
2924 2948.5 2947 2936 2923.5 2940.5 2937 2911.5 
2930.5 2944.1 2935.5 2935.1 2931.17 2924.5 2907 2932.17 
2931 2938.3 2917.17 2922 2924.5 2929 2931.5 2944.1 
2906.17 2926 2940 2909.5 2904.83 2932.5 2915 2945.1 
2945.1 2945.1 2945.1 2945.1 2945.1 2945.1 2945.1 2945.1 
2943.2 2943.2 2943.2 2943.2 2943.2 2943.2 2943.2 2943.2 
2943.2 2943.2 2943.2 2943.2 2943.2 2943.2 2943.2 2943.2 
2943.2 2943.2 2943.2 2943.2 2943.2 2943.2 2943.2 2943.2 
2943.2 2943.2 2943.2 2943.2 2943.2 2943.2 2943.2 2943.2 
# LVDC V1 t0 parameters 
2943.8 2943.8 2943.8 2943.8 2943.8 2943.8 2943.8 2943.8 
2943.8 2943.8 2943.8 2943.8 2943.8 2943.8 2943.8 2943.8 
2943.4 2943.4 2943.4 2943.4 2943.4 2943.4 2943.4 2943.4 
2943.4 2943.4 2943.4 2943.4 2943.4 2943.4 2943.4 2943.4 
2942.7 2942.7 2942.7 2942.7 2942.7 2942.7 2942.7 2942.7 
2942.7 2942.7 2942.7 2904 2942.7 2916.83 2923.83 2929.83 
2943.8 2905.83 2907.17 2930.5 2935.5 2934 2944 2939.5 
2936.5 2920.17 2934.5 2912.17 2943.8 2911 2924.5 2943.8 
2946.3 2927.1 2940.5 2946.3 2945.5 2904.5 2937.5 2917.5 
2910.1 2937.83 2940.17 2932.5 2941.5 2927.1 2938.9 2946.3 
2932.5 2940.5 2908 2914 2948.17 2939.5 2927 2917.1 
2935 2940.83 2933.7 2906.17 2906.5 2934.83 2931 2925 
2935 2954.5 2927.5 2940.3 2948.3 2949.5 2944.1 2954.1 
2954.1 2946.5 2946.5 2937.1 2951.5 2943.9 2942 2947.3 
2908.5 2935 2934.5 2946.9 2929.5 2913.17 2906 2908.17 
2944.5 2929.7 2942.17 2920.1 2945.5 2914.83 2939.83 2923 
2950.5 2934.5 2942.83 2909 2939.17 2941.17 2942.83 2951.5 
2946.83 2932 2946.17 2948.1 2917.17 2948.1 2945 2948.1 
2944 2936.7 2908 2945.5 2919.5 2939.5 2929.9 2947.3 
2939.9 2929.5 2947.3 2909.5 2947.3 2931.17 2938.5 2937.5 
2947.5 2941.5 2921 2947.5 2950 2905.5 2941.17 2946.83 
2943.17 2948 2905.3 2951.2 2941 2941.1 2919.5 2910.64 
2932 2941 2945.7 2942.5 2939.5 2939.83 2943.5 2919.5 
2935.5 2924.17 2943 2932.5 2937.3 2905.83 2933.5 2945.4 
2937.5 2948.5 2942 2942 2942.83 2943.1 2952.2 2939.5 
2946.5 2944.5 2944.83 2915.83 2948.5 2945.5 2938.9 2934 
2943 2940.17 2944.9 2926.1 2944.1 2943.17 2948.2 2943 
2949.5 2942 2916.3 2933.5 2940.07 2941 2907.5 2936.64 
2947 2906.5 2930.83 2938.83 2927.17 2946.9 2945.83 2945.7 
2930.17 2925 2943.5 2943 2940.83 2937.9 2938.3 2906.83 
2945.7 2940.5 2945 2947 2940.5 2950.7 2950.7 2938.9 
2946.5 2923.9 2924 2904.5 2931.9 2939 2944 2939.3 
2943.5 2937.5 2945.5 2947.5 2950.5 2949.5 2930.83 2944.5 
2942.5 2949.83 2936.17 2949 2910.83 2949.5 2917.83 2947.83 
2943.83 2949.5 2920.17 2944 2932 2941.3 2946 2952.9 
2949.9 2947.17 2944.5 2947 2947.17 2951 2942.5 2942.5 
2955.9 2952.5 2922.5 2950.5 2948.5 2959 2946.5 2959 
2945 2926 2944.5 2944.3 2916.9 2934.5 2923 2945.5 
2934.5 2920 2939.5 2916 2954.5 2954.5 2945.17 2954.5 
2954.5 2954.5 2954.5 2954.5 2954.5 2954.5 2954.5 2954.5 
2954.4 2954.4 2954.4 2954.4 2954.4 2954.4 2954.4 2954.4 
2954.4 2954.4 2954.4 2954.4 2954.4 2954.4 2954.4 2954.4 
2952.5 2952.5 2952.5 2952.5 2952.5 2952.5 2952.5 2952.5 
2952.5 2952.5 2952.5 2952.5 2952.5 2952.5 2952.5 2952.5 
2952.5 2952.5 2952.5 2952.5 2952.5 2952.5 2952.5 2952.5 
2952.5 2952.5 2952.5 2952.5 2952.5 2952.5 2952.5 2952.5 
# LVDC V2 t0 parameters 
2945.8 2945.8 2945.8 2945.8 2945.8 2945.8 2945.8 2945.8 
2945.8 2945.8 2945.8 2945.8 2945.8 2945.8 2945.8 2945.8 
2939.7 2939.7 2939.7 2939.7 2939.7 2939.7 2939.7 2939.7 
2939.7 2939.7 2939.7 2939.7 2939.7 2939.7 2939.7 2939.7 
2942.4 2942.4 2942.4 2942.4 2942.4 2942.4 2942.4 2925.83 
2938.17 2903.83 2934.83 2911.17 2903.5 2942.4 2942.4 2906.5 
2932.17 2914.5 2904.5 2915.5 2906.5 2928.17 2903.83 2938.5 
2931.5 2940.7 2932 2927 2916 2927 2934.5 2913.83 
2935.17 2928.83 2943 2933.17 2937.83 2932.5 2935.17 2922.17 
2913.5 2940 2926.17 2918.17 2910.83 2943 2928.5 2928.5 
2911.17 2935.5 2935.17 2928.5 2925.1 2908.5 2942.4 2939.5 
2919.17 2930.5 2935.5 2923.5 2930.5 2914.5 2934.5 2930.5 
2941 2913.5 2925.83 2929.7 2908.17 2937.17 2926.5 2911.5 
2938.3 2942.5 2950.5 2940.5 2914 2934.3 2921.5 2938 
2946.4 2919.17 2937.83 2918.5 2907.5 2932.17 2907.5 2933 
2923.5 2908.5 2935.5 2913 2943.5 2936.5 2933.17 2932.5 
2945.5 2929.17 2938.5 2934.5 2916.17 2925.1 2906.5 2931.17 
2931.5 2914.5 2931.5 2933.1 2918 2927 2915 2921.83 
2937.5 2929.5 2918.83 2935.17 2937 2924.5 2931 2915.5 
2932.5 2931.5 2930 2921.3 2928.3 2940.6 2923.1 2926.5 
2938.83 2935.5 2941.6 2941.6 2941.6 2932.5 2936.5 2928.5 
2927.5 2938.5 2941.6 2934.83 2939.9 2941.6 2936.3 2932.5 
2939 2936.83 2927.5 2940.8 2933.83 2913.83 2932.5 2932.83 
2932.17 2930.83 2936 2922.5 2930.5 2936.17 2932.5 2909 
2941.17 2905.17 2929.17 2945.3 2930.5 2947 2923 2945.3 
2932.5 2944.5 2935.5 2935 2945.3 2909.5 2930.7 2939.5 
2929 2910.5 2938.3 2921 2938.9 2942.7 2937.5 2926.83 
2932.5 2932.5 2931.5 2937.17 2938.5 2936.17 2932.5 2935.5 
2911.5 2936.9 2915.5 2919.5 2928.3 2927.5 2923.7 2920.83 
2946.17 2934 2944.5 2942 2915.7 2930.5 2938.1 2927.5 
2944.5 2919.17 2926.1 2932 2921.83 2934 2919.9 2936.5 
2944.5 2938.5 2908 2929.5 2918.5 2939.5 2935.17 2929 
2936.83 2935.1 2945.4 2937.17 2928 2935.83 2934.7 2936.7 
2914.5 2945.4 2946.5 2942.83 2945.4 2928.1 2939.5 2928.5 
2916.5 2942 2939.17 2943.5 2933 2944.5 2922.93 2937.83 
2931.1 2933.3 2937 2907.3 2935.5 2936 2923.5 2930.5 
2944.5 2925.17 2947.83 2943.5 2948.3 2946.17 2924.5 2948.17 
2933.17 2949.5 2933.83 2938.17 2936.5 2930.5 2941 2939.17 
2940.83 2920 2947.3 2936.5 2934.5 2924.83 2940.17 2909.7 
2944.5 2908.5 2944 2947.3 2938.5 2939.3 2918.5 2925.83 
2942.5 2905.5 2950.9 2912.17 2950.9 2950.9 2950.9 2950.9 
2950.9 2950.9 2950.9 2950.9 2950.9 2950.9 2950.9 2950.9 
2952.3 2952.3 2952.3 2952.3 2952.3 2952.3 2952.3 2952.3 
2952.3 2952.3 2952.3 2952.3 2952.3 2952.3 2952.3 2952.3 
2942.4 2942.4 2942.4 2942.4 2942.4 2942.4 2942.4 2942.4 
2942.4 2942.4 2942.4 2942.4 2942.4 2942.4 2942.4 2942.4 
