# RVDC U1 t0 parameters T0 Error 
0 0 0 0 0 0 0 0 
0 0 0 0 0 0 0 0 
0 0 0 100 100 100 100 100 
100 100 1.33333 100 100 100 100 2.29971 
100 5.90444 100 9.85658 3.14058 6.24264 4.10712 0.547891 
1.91234 5.75836 3.18909 0.799797 9.0297 8.50518 2.1048 3.22095 
4.35068 6.9856 1.48482 2.11584 2.43246 1.6047 2.38605 3.01001 
1.62507 1.5049 5.64575 2.97844 3.13936 6.7645 0.915729 1.54032 
1.61184 5.01829 2.3146 2.41941 7.5951 2.65403 5.44129 2.16735 
3.39251 1.69208 2.76901 5.77804 4.63444 3.58286 4.36077 2.65302 
3.99865 3.09113 3.72459 4.21588 8.83585 2.91519 2.81895 2.78979 
2.85067 4.33315 3.88086 2.81182 4.89263 3.06076 1.70864 2.3216 
3.2147 2.79624 2.91054 2.15495 4.37869 3.76867 1.63947 1.15274 
1.79351 3.03712 2.97749 3.06061 6.55602 2.50575 0.778797 1.5684 
2.90866 1.02823 5.22743 4.76376 2.16692 3.05145 1.80328 5.04334 
1.41525 1.54581 1.65517 5.62549 5.01846 4.00378 3.63886 1.05788 
2.21967 2.84414 3.18597 2.15099 3.29976 1.72399 2.8439 1.49367 
1.66782 1.91735 4.16172 2.20638 3.92076 2.3871 2.86334 6.87126 
3.48617 1.50551 4.06678 3.17288 1.81563 1.52982 3.00104 3.8492 
2.67478 1.54938 0.830691 2.74842 5.67651 3.60349 2.13403 4.76667 
2.11275 1.54188 4.37299 4.71388 1.74535 1.30086 3.69497 6.73923 
2.33428 2.7868 2.46051 2.03813 4.98757 5.41349 2.34748 2.47236 
3.40227 3.28387 2.13519 3.63771 4.4337 2.49697 1.88248 2.54445 
1.88886 1.17149 3.77932 3.87331 0.925043 1.07629 3.53452 4.63396 
1.76178 2.83784 1.66836 1.47394 2.30546 2.31348 2.49697 1.67955 
2.99606 2.58135 3.46596 0.68215 2.24271 1.90224 3.11762 5.13525 
1.77245 3.4345 3.14494 2.71801 7.18133 2.64547 3.25861 2.72074 
3.77843 1.77981 3.1068 3.22683 3.87892 1.53052 2.66397 2.20285 
2.98175 3.79493 2.80434 3.58719 3.32058 1.92708 0.873319 4.62292 
4.28125 3.40439 2.51683 1.01732 1.41284 1.83639 1.94832 2.95223 
2.53593 1.82175 4.56521 4.26531 4.96504 3.22762 8.11052 1.89266 
2.05951 3.29048 1.82936 2.88104 2.51617 2.34889 2.69118 3.16469 
1.8703 2.23574 3.49209 3.59819 1.0657 2.65275 4.38903 3.8792 
1.88086 4.13302 3.84808 4.14558 2.34371 4.61039 3.18597 2.49496 
1.21457 5.36347 1.41095 2.70264 3.04178 2.86797 2.94469 0.973812 
1.20681 2.46123 4.23917 5.09267 1.61861 1.94007 1.43565 3.33068 
4.30399 1.3079 5.22943 1.16168 5.32756 1.74808 1.78638 3.00198 
1.2392 3.7441 2.27255 7.1017 3.46938 1.8331 2.71907 3.12816 
2.24897 5.22213 1.36896 1.24398 4.19686 1.71757 4.42049 2.15008 
4.66323 3.68501 3.565 1.62293 1.16485 3.20299 5.3516 4.55809 
1.77321 2.56464 7.92804 2.39296 0.876488 1.71823 3.05377 100 
6.23317 2.25935 100 2.03175 4.5081 100 100 2.27614 
100 1.33333 100 100 100 0 0 0 
0 0 0 0 0 0 0 0 
0 0 0 0 0 0 0 0 
0 0 0 0 0 0 0 0 
# RVDC U2 t0 parameters T0 Error 
0 0 0 0 0 0 0 0 
0 0 100 100 100 100 100 100 
100 100 4.57803 2.63555 3.94239 3.53285 0.963659 1.29212 
1.53974 3.8583 1.70768 5.32224 5.43357 100 0.878876 2.19994 
7.14681 5.8037 2.89592 1.62113 2.74827 2.59239 1.92708 0.883149 
1.20648 2.86828 4.45566 1.3289 5.87743 1.54922 0.94319 2.573 
4.11535 2.37179 2.63126 2.90936 1.25385 3.565 6.42468 3.37344 
6.25185 3.34602 6.82629 6.72859 1.93929 2.40941 7.30039 1.37127 
1.41596 6.02776 2.12261 1.06423 4.50993 3.06071 2.39699 2.21304 
2.45639 2.20038 4.52613 5.3206 2.91519 4.82423 2.03413 1.41148 
2.62309 4.05367 3.62307 1.57112 1.59121 3.1068 2.37763 2.28446 
1.55732 1.43663 0.815325 2.42643 1.86723 1.29756 5.29466 0.680143 
3.54109 1.30528 5.95279 1.68747 1.66459 4.26716 1.36889 3.83607 
2.48676 2.85076 3.89638 4.04629 3.63149 2.88208 4.19116 4.93812 
6.10468 4.38958 3.7118 1.9183 2.08043 1.61326 1.75565 2.16107 
5.62171 2.02186 4.76394 5.07629 4.61513 4.78963 1.09562 3.81373 
1.96532 1.67747 1.62293 4.11223 3.21785 1.82947 2.59445 1.74832 
3.24407 3.89162 2.80064 3.37343 6.8473 2.40066 1.42513 1.37399 
1.57994 2.68917 3.05128 3.43078 4.03506 0.59745 1.76907 4.29888 
2.44274 1.73427 3.70038 1.74499 4.33224 2.65386 4.80616 2.1829 
3.70757 3.33933 2.75423 2.14252 4.75859 4.12786 3.24024 1.82696 
2.67308 2.13869 1.98875 1.50986 1.99072 6.56586 3.70335 2.28446 
3.51404 3.16655 4.23773 2.25446 4.86144 3.11434 4.3762 2.75153 
2.06031 1.19333 5.51686 1.19797 1.016 3.00062 3.03832 5.45719 
2.40034 1.91525 2.00253 3.03448 1.5188 8.34597 3.96272 1.30628 
3.4626 1.75302 2.41456 3.59745 3.98249 3.66018 4.01491 1.1827 
2.27621 2.00188 1.2135 1.71669 2.84375 2.95615 1.70717 1.54248 
3.93661 2.00925 3.91445 5.17624 1.46598 5.27227 3.47338 2.60272 
4.10403 1.61056 3.54035 2.19679 2.05188 5.21523 2.73819 2.25445 
1.43355 5.12603 1.50106 2.4177 2.153 4.12317 2.53457 2.68073 
2.24271 5.43516 1.99852 3.04022 3.55616 2.78314 2.82169 2.44729 
5.19174 2.59144 1.33813 1.50119 6.43447 2.03888 2.3558 1.12349 
2.16778 0.7456 1.16377 1.66289 3.43327 3.05745 3.34574 4.30923 
2.31406 2.48503 0.724352 2.38644 4.84543 2.43182 2.03123 2.96397 
1.747 2.76738 3.54988 4.25204 2.54222 2.78693 3.00972 1.70921 
3.67236 2.97933 1.8897 3.97516 0.881245 1.77783 2.23253 1.16657 
5.54033 2.88582 5.73924 2.51956 2.59183 1.91028 1.26928 1.24863 
2.30966 4.61527 4.48061 5.33222 3.66465 2.91104 5.09086 1.81501 
4.67861 5.31359 2.72361 3.08284 2.7246 5.27227 2.75172 4.78381 
6.39479 2.52063 2.60292 2.63484 1.95746 3.98592 1.42162 2.44384 
5.42664 2.34348 6.61466 1.43827 1.09935 3.35338 4.34086 3.19341 
5.03856 10.7912 3.34602 2.90547 4.94281 4.81846 1.57419 1.71823 
2.03175 2.82767 3.78166 1.89282 5.59909 2.00188 3.61217 6.23317 
1.90384 3.53285 2.31491 0 100 100 100 100 
100 100 0 0 0 0 0 0 
0 0 0 0 0 0 0 0 
# RVDC V1 t0 parameters T0 Error 
0 0 0 100 100 100 100 2.27614 
100 4.12252 100 100 100 7.20838 3.14058 4.12252 
4.05008 1.1176 3.53285 100 2.71862 100 2.07955 3.16883 
4.65028 1.53974 1.42019 100 4.57803 2.09919 2.29971 100 
2.07955 4.33137 5.08681 1.28446 100 4.15444 100 1.27409 
100 2.51841 100 4.66133 1.13041 4.70414 1.91752 2.62805 
2.22072 2.62805 5.53933 2.17153 4.33942 4.70414 10.7912 2.00732 
1.73784 2.53393 3.18771 2.4584 9.20771 2.6499 0.216417 1.59445 
3.10153 5.33443 2.10889 3.08684 1.49981 2.38961 2.14895 3.14436 
4.22986 4.19537 2.51179 4.7387 0.52413 1.03526 1.0437 3.27898 
4.54899 2.91172 2.72744 3.45499 0.976704 2.35638 4.96282 0.434812 
3.00028 3.23277 0.862059 1.75492 1.69208 0.652375 1.29085 4.62213 
3.31792 3.20299 1.47235 1.01677 4.1051 3.47651 2.3429 1.23551 
7.22209 4.19805 5.70366 2.79502 1.48196 0.881883 1.90048 1.06441 
2.61608 2.74508 5.70517 2.97516 2.86504 2.53317 2.80679 2.38781 
1.63721 1.1456 1.85794 0.658784 0.592865 4.42412 6.17971 3.98863 
4.9119 3.15365 4.1724 1.7975 5.6026 1.89428 0.93481 3.03742 
2.69136 2.00159 0.894274 1.93374 1.81839 0.454946 2.25405 3.46773 
4.06623 1.74337 1.9368 4.01981 8.23637 8.68846 1.2 3.16412 
2.96716 1.86133 5.17587 2.09117 2.23841 1.98614 2.30734 2.03413 
1.45224 2.94512 4.07001 1.70267 1.06423 2.03421 4.42049 1.74252 
2.4981 5.46184 3.0872 4.38069 2.57705 3.96 4.48744 2.35323 
4.59564 1.92486 3.06274 5.65695 2.38937 2.43225 2.73125 2.21238 
1.21113 2.90937 4.965 2.03897 3.05634 3.27838 3.93521 4.46086 
5.20613 1.37269 4.36674 4.50674 1.17872 2.45426 3.65215 3.97032 
3.13244 1.41555 1.61767 7.18565 3.47915 5.76749 3.14883 7.68441 
3.33814 2.91471 2.45077 1.75588 1.61936 3.1695 3.23264 2.65302 
6.20129 5.77821 1.59435 5.93748 2.00127 2.69136 3.66796 3.9328 
8.24975 2.26698 1.14652 2 1.17466 5.6026 1.29223 1.68014 
2.28712 1.81463 2.13414 2.26359 3.99971 3.68038 5.04837 5.7529 
3.34229 3.89638 4.87284 8.34988 1.93833 8.58284 6.66772 3.64075 
2.49397 2.04754 2.35067 4.9059 2.48066 3.23108 1.68508 0.870015 
2.56516 2.18124 1.87165 2.08048 4.1936 1.68049 2.7425 2.70212 
3.7851 4.42022 1.87142 2.83441 1.77332 9.92678 4.91719 3.6546 
1.59155 2.11405 5.29217 4.37428 3.24452 3.34531 3.48877 2.0116 
1.59886 6.11358 5.65151 1.14717 1.54058 3.57363 3.66408 2.83025 
2.27788 3.21421 1.55485 3.06729 1.52921 2.87649 2.47397 3.65581 
3.40811 2.65302 4.02525 4.38713 3.4944 1.37127 3.32633 2.22579 
1.92708 1.76882 7.28285 1.95171 6.02226 2.48238 2.88101 3.59692 
4.4451 5.4452 1.48605 4.47674 2.28228 1.91234 2.9295 3.95548 
2.01713 3.17643 2.28678 1.36237 4.87242 2.96603 3.59692 1.4797 
4.05008 1.1137 1.34787 100 1.8746 2.89443 100 2.4 
5.54775 1.81384 3.61217 100 2.51841 100 1.21528 100 
100 100 100 2.93185 3.58822 100 2.07955 2.27614 
4 100 100 100 0 0 0 0 
0 0 0 0 0 0 0 0 
# RVDC V2 t0 parameters T0 Error 
0 0 0 0 0 0 0 0 
0 100 100 100 100 100 100 100 
100 100 3.85416 3.53285 3.72975 1.89847 1.42019 2.95108 
1.70768 4.89842 1.5457 1.47679 1.76088 3.20354 1.23806 0.645249 
4.29346 4.62213 5.62219 5.56155 1.34787 3.08417 1.68265 2.90822 
10.2377 1.25643 5.43649 3.17841 1.43248 0.883883 1.71595 2.61807 
1.05363 5.50715 2.76529 1.11075 1.75156 1.09935 5.65494 0.959737 
1.557 1.67682 3.85641 2.69533 3.54907 1.07374 1.35856 2.53317 
2.12225 0.725617 1.07843 3.94744 3.32289 2.91716 4.63469 2.51828 
1.24444 2.87639 4.39139 2.33716 2.78007 3.52958 1.74535 2.28423 
2.81908 2.7125 1.4162 1.39622 3.61164 0.941405 1.4162 1.36186 
1.12883 1.90048 6.95294 1.63814 2.13144 4.50027 0.854151 3.16506 
2.16211 2.57341 2.80633 1.08057 4.3234 4.75268 5.71814 2.35549 
3.08743 1.29649 2.19138 3.27235 3.70569 4.8764 2.86504 4.05395 
1.93589 2.01481 1.94853 2.20163 4.19038 4.01867 1.59832 1.979 
2.06176 1.86015 2.69901 3.92882 1.18722 3.26321 3.2323 2.19642 
3.84672 1.58314 1.58356 1.76014 3.39385 2.09164 2.44953 2.46339 
1.67538 1.78305 2.82933 9.88904 1.20862 3.8822 3.03055 2.5603 
4.86869 1.63452 2.87793 1.42168 1.73082 0.962736 3.90631 1.67824 
4.29703 5.41386 1.68752 3.24441 2.63118 1.75785 2.41941 5.24417 
1.40822 2.16987 1.86675 1.34752 2.79742 1.88218 1.76159 0.743616 
3.13564 5.26322 4.29888 3.30956 2.67819 3.14739 2.51657 2.96949 
1.69378 1.88105 3.51912 1.65846 2.42481 5.507 4.88674 1.64028 
1.2562 4.81862 3.83936 1.23248 1.92497 2.42576 1.75874 4.05525 
6.58487 1.49114 3.74438 2.37625 2.72644 5.23737 6.77575 2.33617 
4.71388 1.40175 1.50459 3.32459 1.37672 3.60945 1.9958 1.64393 
2.10464 3.05321 4.24821 6.03333 7.97591 2.40653 4.44953 1.97533 
1.71525 2.82822 2.63941 4.60582 3.37298 3.94282 3.76638 1.63295 
2.38382 2.53273 2.38087 1.88821 1.91799 2.99589 1.75684 2.00604 
1.45922 2.13198 4.58823 1.63549 1.61137 2.43006 1.87094 3.05915 
2.11941 3.7547 1.61541 0.858156 1.73873 2.46371 4.02348 3.40889 
2.19671 3.32842 1.80781 2.98919 3.56841 3.4827 2.6909 1.37164 
4.03064 3.31787 2.20781 4.25212 2.41555 7.34892 2.73022 5.07067 
1.90258 1.91584 3.7417 1.80474 1.23811 1.20654 6.16083 2.44752 
1.26188 2.14898 1.96181 4.25709 2.35942 3.19874 3.60368 2.03003 
2.14661 4.68755 1.48834 3.5313 1.33747 1.12191 1.8064 3.99205 
5.46332 2.9889 2.30173 2.1245 2.34967 4.11024 3.57623 2.27244 
2.09671 3.39371 9.08758 1.57096 3.89372 2.06576 3.73463 3.76778 
2.32849 0.818974 5.26086 0.721045 2.80345 3.85708 0.996227 1.18718 
7.5997 2.68358 2.98024 3.63586 2.6031 3.68829 5.89494 1.06381 
8.593 5.37437 2.65686 3.35425 8.23474 2.60731 2.20358 2.07445 
1.47313 5.73669 2.9824 1.56303 2.18272 3.64287 2.49126 4.12604 
2.54416 3.41067 100 5.04168 2.27422 4.8 3.61217 4.12252 
2.93185 3.58822 100 0 100 2.27614 100 100 
0 0 0 0 0 0 0 0 
0 0 0 0 0 0 0 0 
# LVDC U1 t0 parameters T0 Error 
0 0 0 100 100 100 100 2.27614 
100 4.12252 100 100 100 7.20838 3.14058 4.12252 
4.05008 1.1176 3.53285 100 2.71862 100 2.07955 3.16883 
4.65028 1.53974 1.42019 100 4.57803 2.09919 2.29971 100 
2.07955 4.33137 5.08681 1.28446 100 4.15444 100 1.27409 
100 2.51841 100 4.66133 1.13041 4.70414 1.91752 2.62805 
2.22072 2.62805 5.53933 2.17153 4.33942 4.70414 10.7912 2.00732 
1.73784 2.53393 3.18771 2.4584 9.20771 2.6499 0.216417 1.59445 
3.10153 5.33443 2.10889 3.08684 1.49981 2.38961 2.14895 3.14436 
4.22986 4.19537 2.51179 4.7387 0.52413 1.03526 1.0437 3.27898 
4.54899 2.91172 2.72744 3.45499 0.976704 2.35638 4.96282 0.434812 
3.00028 3.23277 0.862059 1.75492 1.69208 0.652375 1.29085 4.62213 
3.31792 3.20299 1.47235 1.01677 4.1051 3.47651 2.3429 1.23551 
7.22209 4.19805 5.70366 2.79502 1.48196 0.881883 1.90048 1.06441 
2.61608 2.74508 5.70517 2.97516 2.86504 2.53317 2.80679 2.38781 
1.63721 1.1456 1.85794 0.658784 0.592865 4.42412 6.17971 3.98863 
4.9119 3.15365 4.1724 1.7975 5.6026 1.89428 0.93481 3.03742 
2.69136 2.00159 0.894274 1.93374 1.81839 0.454946 2.25405 3.46773 
4.06623 1.74337 1.9368 4.01981 8.23637 8.68846 1.2 3.16412 
2.96716 1.86133 5.17587 2.09117 2.23841 1.98614 2.30734 2.03413 
1.45224 2.94512 4.07001 1.70267 1.06423 2.03421 4.42049 1.74252 
2.4981 5.46184 3.0872 4.38069 2.57705 3.96 4.48744 2.35323 
4.59564 1.92486 3.06274 5.65695 2.38937 2.43225 2.73125 2.21238 
1.21113 2.90937 4.965 2.03897 3.05634 3.27838 3.93521 4.46086 
5.20613 1.37269 4.36674 4.50674 1.17872 2.45426 3.65215 3.97032 
3.13244 1.41555 1.61767 7.18565 3.47915 5.76749 3.14883 7.68441 
3.33814 2.91471 2.45077 1.75588 1.61936 3.1695 3.23264 2.65302 
6.20129 5.77821 1.59435 5.93748 2.00127 2.69136 3.66796 3.9328 
8.24975 2.26698 1.14652 2 1.17466 5.6026 1.29223 1.68014 
2.28712 1.81463 2.13414 2.26359 3.99971 3.68038 5.04837 5.7529 
3.34229 3.89638 4.87284 8.34988 1.93833 8.58284 6.66772 3.64075 
2.49397 2.04754 2.35067 4.9059 2.48066 3.23108 1.68508 0.870015 
2.56516 2.18124 1.87165 2.08048 4.1936 1.68049 2.7425 2.70212 
3.7851 4.42022 1.87142 2.83441 1.77332 9.92678 4.91719 3.6546 
1.59155 2.11405 5.29217 4.37428 3.24452 3.34531 3.48877 2.0116 
1.59886 6.11358 5.65151 1.14717 1.54058 3.57363 3.66408 2.83025 
2.27788 3.21421 1.55485 3.06729 1.52921 2.87649 2.47397 3.65581 
3.40811 2.65302 4.02525 4.38713 3.4944 1.37127 3.32633 2.22579 
1.92708 1.76882 7.28285 1.95171 6.02226 2.48238 2.88101 3.59692 
4.4451 5.4452 1.48605 4.47674 2.28228 1.91234 2.9295 3.95548 
2.01713 3.17643 2.28678 1.36237 4.87242 2.96603 3.59692 1.4797 
4.05008 1.1137 1.34787 100 1.8746 2.89443 100 2.4 
5.54775 1.81384 3.61217 100 2.51841 100 1.21528 100 
100 100 100 2.93185 3.58822 100 2.07955 2.27614 
4 100 100 100 0 0 0 0 
0 0 0 0 0 0 0 0 
# LVDC U2 t0 parameters T0 Error 
0 0 100 100 100 1.33333 2.61803 100 
1.33333 100 100 2.56516 100 100 2.63555 100 
2.09919 100 2.27422 0.535875 1.90384 5.05026 1.75806 2.27422 
2.51841 2.63555 2.29971 100 1.07206 100 100 0.441977 
3.0413 1.80218 2.91506 100 1.43945 0.862059 5.01723 2.28678 
4.83776 3.12118 4.49385 4.94616 4.01211 8.4096 5.2447 3.70582 
5.64707 1.48435 1.13348 5.32564 2.60731 1.6335 3.40893 1.63721 
1.51406 1.57735 2.07166 4.63469 1.13896 1.13678 2.26336 1.11127 
2.39214 2.27614 2.15899 3.67221 2.60263 2.39749 3.03742 1.91329 
5.39672 0.801991 1.85687 1.60608 2.41586 1.13895 2.3177 0.851374 
3.17841 2.77073 2.04623 2.25268 1.25072 0.941917 3.2011 3.46161 
2.26791 2.14833 4.33481 3.1283 1.74174 4.2763 3.74435 3.0121 
2.18244 1.01792 1.12851 4.33828 2.5809 2.33716 3.15365 2.34091 
0.898807 1.55363 2.44576 2.07306 2.48297 4.56737 2.89239 1.8376 
2.85537 3.89638 1.51152 3.46279 1.77488 2.75112 4.11535 1.05765 
3.0807 2.38605 4.7381 4.63302 0.915025 2.22326 1.33515 1.00673 
0.69091 3.55232 3.90426 1.71122 0.443348 3.30713 1.96314 2.39296 
6.115 3.43729 1.44768 3.83954 1.25088 3.37853 2.12255 0.7737 
1.73022 2.94013 1.13041 5.55593 3.18645 3.04565 3.78745 3.15201 
4.16921 2.9304 1.44768 2.80756 7.13268 2.3146 2.08682 1.80848 
4.03495 2.54129 1.289 4.66737 4.79526 2.69136 2.55124 1.69082 
2.48101 1.39655 3.46337 1.38564 2.79038 2.60975 1.75422 5.15721 
1.60623 2.37608 2.63183 4.43163 2.55014 4.19537 3.22875 2.34681 
1.15603 2.5111 4.76465 5.94649 0.827008 4.71709 3.1706 3.39866 
2.7976 4.95314 2.38554 1.21211 2.26481 5.5178 1.4403 2.31039 
2.59169 2.09124 2.57843 4.35249 4.88148 2.4366 1.55451 1.58687 
4.45566 4.97304 3.75849 4.1724 0.576938 1.83692 3.16967 1.8922 
5.24828 3.52409 4.74772 2.13302 2.54688 4.25366 1.37612 1.61176 
0.957479 3.69529 0.87114 1.55834 1.89462 0.743988 3.97077 3.14311 
2.23536 4.07001 1.96159 7.2448 1.39112 8.68846 1.86814 2.10522 
2.65918 2.74174 3.51299 3.51832 0.730727 3.46841 2.61661 1.0924 
4.15048 5.95937 6.14853 2.00159 2.86532 4.39224 5.04837 3.60991 
2.48238 3.46371 1.06931 3.93339 6.08672 2.99882 3.33583 1.26343 
5.51442 2.99258 1.76535 6.23864 1.33792 2.45248 2.40781 4.30966 
2.89193 4.21606 2.04457 2.00201 1.85371 1.78248 1.55363 2.0116 
2.57214 2.45896 2.37258 2.15613 2.35307 2.47397 5.17032 3.93521 
2.03718 6.8467 2.23575 2.16335 2.45083 2.82265 3.88462 1.52186 
1.90049 1.30015 1.10208 7.51446 4.19949 2.15879 5.75603 3.41792 
1.81864 3.36992 4.42162 1.9149 2.68028 3.03912 1.1831 1.96159 
1.81136 2.84556 1.03003 1.91893 1.74725 1.1384 1.37558 3.43406 
3.87303 5.8037 5.01246 1.8551 2.1142 1.599 3.22095 3.59716 
1.89844 3.31889 1.28064 100 0.547891 1.51152 1.34787 1.60948 
2.28678 1.63743 3.43695 3.20232 2.01713 0.441977 2.00188 100 
0.675959 1.63689 1.70768 2.56314 4.33137 2.71862 100 1.66721 
100 1.29536 100 100 2.56516 100 100 100 
100 2.27614 1.33333 0 0 0 0 0 
# LVDC V1 t0 parameters T0 Error 
0 0 0 1.33333 100 100 100 100 
100 100 100 2.07955 2.93185 2.93185 100 3.85416 
100 100 3.41421 0.675959 100 100 4.70362 2.09919 
3.1889 1.5207 100 2.27614 2.51841 2.23071 100 1.30735 
1.29212 1.92387 2.09919 4.65028 2.4 1.87084 4.12565 1.67084 
3.09384 0.547891 0.988209 1.04428 3.4353 6.20304 3.8658 4.29386 
1.56303 1.1339 1.15815 2.99957 0.862059 1.35973 5.12059 1.51323 
4.0227 6.88689 1.79465 2.00929 0.888083 2.10424 3.14289 1.48148 
2.0508 0.714719 3.87348 1.98623 2.0025 0.877975 1.20631 5.51442 
0.937834 1.88755 0.754264 1.64904 2.64093 4.8306 3.14436 3.3078 
1.43541 2.43514 2.43191 1.08174 2.04612 3.5832 0.900089 1.87942 
0.949748 4.97304 1.29085 5.88728 5.33443 3.55879 2.57377 1.68613 
2.43029 3.58075 1.93773 1.70557 4.79637 0.849034 3.47686 2.86058 
6.11857 2.48238 1.50433 3.98909 2.12529 1.95819 4.24351 1.95133 
1.54058 2.49244 1.70896 0.797661 5.17032 2.82851 2.22326 3.23264 
2.56575 2.24238 2.03969 3.79039 1.96267 4.97619 6.34296 2.49904 
0.891928 2.55419 4.41395 4.41915 3.84329 4.81718 4.7217 4.18157 
3.49511 2.60491 0.986872 3.85317 1.88833 2.70343 2.78146 3.70912 
1.61259 1.0282 8.25636 2.42636 3.50044 3.46972 1.44768 2.28446 
2.87649 7.6486 1.73659 1.75395 1.87942 2.50694 5.95413 3.6571 
3.87016 3.2428 3.31517 3.32328 2.14103 5.57489 3.59692 2.08296 
4.04943 3.85016 5.43419 3.13838 0.914278 4.67405 0.764694 4.65212 
4.06169 1.40167 3.91701 6.64868 3.55232 3.31918 1.66813 1.71122 
2.3616 6.1632 3.67172 6.60684 4.65144 1.72099 6.75574 4.00432 
6.8244 4.48659 1.11704 3.11659 3.27585 4.62989 1.25072 3.40111 
1.18722 4.15787 1.4534 4.57304 1.15983 2.1856 2.83999 1.26371 
2.43591 1.04671 3.50044 2.28647 1.35348 2.66431 4.11943 3.95338 
3.23254 5.29902 1.9751 1.45299 4.3618 0.53674 2.46362 1.96315 
7.14298 4.01981 1.40361 1.48653 1.28456 3.06061 5.29492 6.04645 
2.61674 1.49488 3.27714 3.08743 0.721182 2.44758 7.51993 4.33315 
2.55677 1.86272 1.96215 3.59958 1.57164 1.30734 1.31821 2.48961 
2.77385 8.32229 3.95184 1.99858 3.02813 5.36388 5.60183 1.17509 
8.21189 2.0898 2.96515 1.53297 3.35683 4.21757 5.52481 8.02723 
1.92924 2.27481 1.77388 3.1684 1.12851 4.03533 1.79819 1.87094 
3.50405 5.45751 1.62493 2.64333 2.31925 1.79202 1.57974 1.95133 
5.03082 1.94067 5.87318 5.03856 3.86697 2.07384 3.30196 4.87104 
3.83589 3.46972 2.80466 1.58539 5.13325 4.6471 7.30111 3.51658 
5.0218 2.3177 1.68878 1.35973 2.44576 4.89577 2.43042 6.296 
7.18565 1.68021 3.78415 1.12453 2.49126 0.926526 1.42992 0.547891 
2.72687 5.89616 0.991969 3.54312 1.69998 0.455508 2.89381 5.39228 
1.98573 3.41067 5.44603 1.71823 2.39385 2.15431 1.75806 1.63743 
1.47177 7.81324 3.74753 4.7194 3.58114 4.5081 2.29971 1.36603 
4.5081 100 3.6518 4.57803 3.53285 2.27422 2.61803 2.51841 
5.05026 100 100 100 100 100 100 1.33333 
100 2.27614 100 2.27614 0 0 0 0 
0 0 0 0 0 0 0 0 
# LVDC V2 t0 parameters T0 Error 
0 0 100 100 100 100 100 100 
100 100 100 100 4.57803 3.1547 2.27614 100 
2.27422 1.1176 1.1176 1.67303 100 2.61803 1.1176 1.29212 
2.25935 3.04594 2.11005 2.16994 5.3516 0.963659 0.904508 0.512509 
2.73891 1.18498 0.888083 1.78089 3.58114 1.78944 0.894274 2.92445 
3.22095 2.9983 100 4.68836 0.945272 3.06997 2.21801 2.06632 
5.95143 2.34365 1.4797 2.83067 2.64361 4.62544 2.77329 2.86058 
2.11584 1.48196 2.6894 2.70316 0.589197 7.68697 4.17508 2.77329 
3.3888 1.95133 1.50231 2.62439 1.81864 1.97035 3.47085 2.3429 
2.30627 0.799839 1.9874 5.7868 0.789345 3.2428 2.38014 1.29105 
1.5 1.81864 2.7425 2.95951 2.256 3.9705 1.54002 2.96785 
1.65378 2.01877 3.67172 7.51446 2.29813 1.34047 2.73125 1.40955 
1.96382 3.17417 4.87713 1.41408 2.15965 3.18467 5.37437 1.1877 
0.927991 3.18467 2.71097 2.58123 2.40278 2.05481 0.827008 3.0797 
1.67648 3.03474 1.40167 2.59552 3.92806 1.24031 4.87417 2.86097 
1.59397 1.65709 2.99663 2.3458 3.23967 1.33886 0.837904 2.84196 
2.26524 3.26054 1.13678 5.65695 2.27505 2.01118 3.32774 1.26258 
5.04766 4.57908 4.17706 8.25636 3.64263 3.84042 1.4046 2.13869 
1.73947 4.04935 2.81999 3.59872 4.19283 4.44987 2.31735 2.52513 
6.17058 1.03978 2.8263 3.54576 3.34095 1.69271 4.29792 1.51464 
1.68426 1.82952 3.51053 0.639109 2.983 0.799797 1.83137 2.68203 
2.04381 2.95469 5.0587 3.56466 4.12545 3.51353 1.43497 2.5179 
4.42049 4.56738 5.42537 1.89414 2.17374 1.81839 2.93818 2.8522 
1.97393 3.81315 1.96267 3.87536 1.96315 1.86588 2.1708 7.72013 
1.34271 1.06613 2.46256 3.4679 4.23658 2.39262 5.86848 2.7227 
0.891287 3.44143 2.57843 1.51248 3.96879 5.57653 1.52921 6.8467 
2.098 2.29975 2.58123 5.42779 3.32925 3.89001 1.37399 3.02813 
3.70763 1.59191 4.92847 4.6097 5.1353 1.61176 3.63724 1.60864 
8.14407 3.51299 3.48944 3.81862 2.34681 2.02405 6.19319 2.72644 
2.34698 2.7415 1.33886 2.74155 5.01829 3.28196 2.31041 2.08195 
2.33439 2.70081 2.25024 2.74842 5.90301 5.50377 2.381 2.86727 
2.28231 2.16107 1.40249 2.21097 4.00681 2.27971 4.15049 3.58436 
1.93454 1.51137 2.01782 1.52913 2.01548 4.92708 2.34952 6.67383 
2.70499 3.06441 1.71615 2.04034 2.90909 1.84956 2.34348 1.42849 
3.76339 2.28231 6.6292 1.51323 1.81209 1.69208 1.90041 5.94878 
3.10031 9.37628 1.72542 2.14842 5.91411 1.19347 4.18196 5.51869 
1.27513 3.11849 3.65793 1.75156 3.53481 1.89875 1.51501 5.949 
9.29011 5.45882 1.90981 1.54342 0.721182 2.91206 3.23254 100 
3.61401 2.37861 1.57789 2.31895 2.13302 1.00422 2.54073 2.45572 
2.02761 2.39699 6.40038 3.58091 2.91577 7.6812 1.45877 2.47751 
1.61298 3.47085 2.92255 1.52431 2.82951 5.66648 4.42309 1.56714 
2.34348 1.85123 4.49885 0.434812 0.878876 1.87742 3.10749 1.1384 
0.878876 2.6694 6.82884 4.8 5.21213 2.4981 3.41112 1.60948 
2.39385 0.693217 2.4 1.89847 2.03175 0.982963 100 3.6518 
2.23071 100 1.5207 2.93185 3.53285 100 1.47784 100 
100 100 100 0 0 0 0 0 
