### FSI tabel with 3He Potential (2-Gauss potential) #####
1 12.6774
2 12.6649
3 12.6442
4 12.6153
5 12.5783
6 12.5335
7 12.4809
8 12.4209
9 12.3536
10 12.2793
11 12.1983
12 12.1109
13 12.0175
14 11.9184
15 11.8138
16 11.7043
17 11.5901
18 11.4716
19 11.3492
20 11.2232
21 11.094
22 10.962
23 10.8275
24 10.6909
25 10.5524
26 10.4124
27 10.2712
28 10.1291
29 9.98634
30 9.8432
31 9.69993
32 9.55675
33 9.41388
34 9.27153
35 9.12987
36 8.98909
37 8.84934
38 8.71076
39 8.57348
40 8.43763
41 8.30331
42 8.17061
43 8.03962
44 7.91041
45 7.78305
46 7.6576
47 7.53409
48 7.41257
49 7.29306
50 7.1756
51 7.06021
52 6.94688
53 6.83564
54 6.72648
55 6.61939
56 6.51439
57 6.41144
58 6.31055
59 6.21169
60 6.11485
61 6.02
62 5.92712
63 5.83619
64 5.74718
65 5.66005
66 5.57479
67 5.49137
68 5.40974
69 5.32988
70 5.25176
71 5.17534
72 5.1006
73 5.02749
74 4.95599
75 4.88606
76 4.81767
77 4.75078
78 4.68537
79 4.6214
80 4.55884
81 4.49766
82 4.43783
83 4.37931
84 4.32207
85 4.26609
86 4.21134
87 4.15778
88 4.10539
89 4.05414
90 4.004
91 3.95495
92 3.90696
93 3.86001
94 3.81406
95 3.7691
96 3.7251
97 3.68203
98 3.63988
99 3.59863
100 3.55824
101 3.5187
102 3.47999
103 3.44208
104 3.40497
105 3.36862
106 3.33303
107 3.29816
108 3.26401
109 3.23055
110 3.19778
111 3.16567
112 3.1342
113 3.10337
114 3.07315
115 3.04353
116 3.0145
117 2.98604
118 2.95814
119 2.93078
120 2.90396
121 2.87766
122 2.85186
123 2.82656
124 2.80175
125 2.7774
126 2.75352
127 2.73009
128 2.70709
129 2.68453
130 2.66239
131 2.64066
132 2.61933
133 2.59839
134 2.57783
135 2.55765
136 2.53783
137 2.51837
138 2.49926
139 2.48049
140 2.46205
141 2.44394
142 2.42615
143 2.40867
144 2.39149
145 2.37462
146 2.35803
147 2.34173
148 2.32571
149 2.30997
150 2.29449
151 2.27927
152 2.26431
153 2.2496
154 2.23513
155 2.22091
156 2.20692
157 2.19316
158 2.17962
159 2.16631
160 2.15321
161 2.14032
162 2.12764
163 2.11517
164 2.10289
165 2.0908
166 2.07891
167 2.06721
168 2.05568
169 2.04434
170 2.03318
171 2.02218
172 2.01136
173 2.0007
174 1.9902
175 1.97986
176 1.96968
177 1.95965
178 1.94977
179 1.94004
180 1.93046
181 1.92101
182 1.91171
183 1.90254
184 1.8935
185 1.8846
186 1.87582
187 1.86717
188 1.85865
189 1.85025
190 1.84196
191 1.8338
192 1.82575
193 1.81781
194 1.80999
195 1.80227
196 1.79466
197 1.78715
198 1.77975
199 1.77245
200 1.76525
201 1.75815
202 1.75114
203 1.74423
204 1.73741
205 1.73068
206 1.72405
207 1.7175
208 1.71103
209 1.70465
210 1.69836
211 1.69215
212 1.68601
213 1.67996
214 1.67399
215 1.66809
216 1.66227
217 1.65652
218 1.65085
219 1.64524
220 1.63971
221 1.63425
222 1.62886
223 1.62353
224 1.61827
225 1.61307
226 1.60794
227 1.60287
228 1.59786
229 1.59292
230 1.58803
231 1.58321
232 1.57844
233 1.57373
234 1.56907
235 1.56447
236 1.55993
237 1.55544
238 1.551
239 1.54661
240 1.54228
241 1.53799
242 1.53376
243 1.52958
244 1.52544
245 1.52135
246 1.51731
247 1.51331
248 1.50936
249 1.50545
250 1.50159
251 1.49777
252 1.494
253 1.49026
254 1.48657
255 1.48292
256 1.47931
257 1.47574
258 1.4722
259 1.46871
260 1.46526
261 1.46184
262 1.45846
263 1.45511
264 1.4518
265 1.44853
266 1.44529
267 1.44209
268 1.43892
269 1.43579
270 1.43268
271 1.42961
272 1.42657
273 1.42357
274 1.42059
275 1.41765
276 1.41474
277 1.41185
278 1.409
279 1.40617
280 1.40338
281 1.40061
282 1.39787
283 1.39516
284 1.39247
285 1.38982
286 1.38718
287 1.38458
288 1.382
289 1.37945
290 1.37692
291 1.37442
292 1.37194
293 1.36948
294 1.36705
295 1.36465
296 1.36226
297 1.3599
298 1.35757
299 1.35525
300 1.35296
301 1.35069
302 1.34844
303 1.34621
304 1.344
305 1.34182
306 1.33965
307 1.3375
308 1.33538
309 1.33327
310 1.33119
311 1.32912
312 1.32707
313 1.32505
314 1.32304
315 1.32104
316 1.31907
317 1.31712
318 1.31518
319 1.31326
320 1.31136
321 1.30947
322 1.3076
323 1.30575
324 1.30391
325 1.30209
326 1.30029
327 1.2985
328 1.29673
329 1.29498
330 1.29324
331 1.29151
332 1.2898
333 1.28811
334 1.28643
335 1.28476
336 1.28311
337 1.28147
338 1.27985
339 1.27824
340 1.27664
341 1.27506
342 1.27349
343 1.27194
344 1.2704
345 1.26887
346 1.26735
347 1.26585
348 1.26436
349 1.26288
350 1.26141
351 1.25996
352 1.25851
353 1.25708
354 1.25567
355 1.25426
356 1.25286
357 1.25148
358 1.25011
359 1.24874
360 1.24739
361 1.24605
362 1.24472
363 1.24341
364 1.2421
365 1.2408
366 1.23951
367 1.23824
368 1.23697
369 1.23571
370 1.23447
371 1.23323
372 1.232
373 1.23078
374 1.22958
375 1.22838
376 1.22719
377 1.22601
378 1.22484
379 1.22367
380 1.22252
381 1.22138
382 1.22024
383 1.21911
384 1.21799
385 1.21688
386 1.21578
387 1.21469
388 1.2136
389 1.21253
390 1.21146
391 1.2104
392 1.20935
393 1.2083
394 1.20726
395 1.20623
396 1.20521
397 1.2042
398 1.20319
399 1.20219
400 1.2012
401 1.20021
402 1.19924
403 1.19826
404 1.1973
405 1.19634
406 1.19539
407 1.19445
408 1.19351
409 1.19259
410 1.19166
411 1.19075
412 1.18984
413 1.18893
414 1.18804
415 1.18715
416 1.18626
417 1.18538
418 1.18451
419 1.18365
420 1.18279
421 1.18193
422 1.18108
423 1.18024
424 1.17941
425 1.17858
426 1.17775
427 1.17693
428 1.17612
429 1.17531
430 1.17451
431 1.17371
432 1.17292
433 1.17213
434 1.17135
435 1.17058
436 1.16981
437 1.16904
438 1.16828
439 1.16753
440 1.16678
441 1.16603
442 1.16529
443 1.16456
444 1.16383
445 1.1631
446 1.16238
447 1.16167
448 1.16096
449 1.16025
450 1.15955
451 1.15885
452 1.15816
453 1.15747
454 1.15679
455 1.15611
456 1.15543
457 1.15476
458 1.1541
459 1.15343
460 1.15278
461 1.15212
462 1.15147
463 1.15083
464 1.15019
465 1.14955
466 1.14892
467 1.14829
468 1.14766
469 1.14704
470 1.14642
471 1.14581
472 1.1452
473 1.1446
474 1.14399
475 1.1434
476 1.1428
477 1.14221
478 1.14162
479 1.14104
480 1.14046
481 1.13988
482 1.13931
483 1.13874
484 1.13818
485 1.13761
486 1.13705
487 1.1365
488 1.13595
489 1.1354
490 1.13485
491 1.13431
492 1.13377
493 1.13323
494 1.1327
495 1.13217
496 1.13164
497 1.13112
498 1.1306
499 1.13008
500 1.12957
501 1.12906
502 1.12855
503 1.12805
504 1.12754
505 1.12704
506 1.12655
507 1.12606
508 1.12556
509 1.12508
510 1.12459
511 1.12411
512 1.12363
513 1.12315
514 1.12268
515 1.12221
516 1.12174
517 1.12128
518 1.12081
519 1.12035
520 1.1199
521 1.11944
522 1.11899
523 1.11854
524 1.11809
525 1.11765
526 1.1172
527 1.11676
528 1.11633
529 1.11589
530 1.11546
531 1.11503
532 1.1146
533 1.11417
534 1.11375
535 1.11333
536 1.11291
537 1.1125
538 1.11208
539 1.11167
540 1.11126
541 1.11085
542 1.11045
543 1.11005
544 1.10965
545 1.10925
546 1.10885
547 1.10846
548 1.10807
549 1.10768
550 1.10729
551 1.1069
552 1.10652
553 1.10614
554 1.10576
555 1.10538
556 1.10501
557 1.10463
558 1.10426
559 1.10389
560 1.10353
561 1.10316
562 1.1028
563 1.10243
564 1.10207
565 1.10172
566 1.10136
567 1.10101
568 1.10065
569 1.1003
570 1.09996
571 1.09961
572 1.09926
573 1.09892
574 1.09858
575 1.09824
576 1.0979
577 1.09757
578 1.09723
579 1.0969
580 1.09657
581 1.09624
582 1.09591
583 1.09558
584 1.09526
585 1.09494
586 1.09462
587 1.0943
588 1.09398
589 1.09366
590 1.09335
591 1.09303
592 1.09272
593 1.09241
594 1.0921
595 1.0918
596 1.09149
597 1.09119
598 1.09089
599 1.09058
600 1.09029
601 1.08999
602 1.08969
603 1.0894
604 1.0891
605 1.08881
606 1.08852
607 1.08823
608 1.08794
609 1.08766
610 1.08737
611 1.08709
612 1.08681
613 1.08652
614 1.08625
615 1.08597
616 1.08569
617 1.08541
618 1.08514
619 1.08487
620 1.0846
621 1.08433
622 1.08406
623 1.08379
624 1.08352
625 1.08326
626 1.08299
627 1.08273
628 1.08247
629 1.08221
630 1.08195
631 1.08169
632 1.08144
633 1.08118
634 1.08093
635 1.08067
636 1.08042
637 1.08017
638 1.07992
639 1.07967
640 1.07943
641 1.07918
642 1.07894
643 1.07869
644 1.07845
645 1.07821
646 1.07797
647 1.07773
648 1.07749
649 1.07725
650 1.07702
651 1.07678
652 1.07655
653 1.07632
654 1.07608
655 1.07585
656 1.07562
657 1.0754
658 1.07517
659 1.07494
660 1.07472
661 1.07449
662 1.07427
663 1.07405
664 1.07382
665 1.0736
666 1.07338
667 1.07317
668 1.07295
669 1.07273
670 1.07252
671 1.0723
672 1.07209
673 1.07188
674 1.07166
675 1.07145
676 1.07124
677 1.07103
678 1.07083
679 1.07062
680 1.07041
681 1.07021
682 1.07
683 1.0698
684 1.0696
685 1.06939
686 1.06919
687 1.06899
688 1.06879
689 1.0686
690 1.0684
691 1.0682
692 1.06801
693 1.06781
694 1.06762
695 1.06742
696 1.06723
697 1.06704
698 1.06685
699 1.06666
700 1.06647
701 1.06628
702 1.06609
703 1.06591
704 1.06572
705 1.06553
706 1.06535
707 1.06517
708 1.06498
709 1.0648
710 1.06462
711 1.06444
712 1.06426
713 1.06408
714 1.0639
715 1.06372
716 1.06355
717 1.06337
718 1.0632
719 1.06302
720 1.06285
721 1.06267
722 1.0625
723 1.06233
724 1.06216
725 1.06199
726 1.06182
727 1.06165
728 1.06148
729 1.06131
730 1.06115
731 1.06098
732 1.06081
733 1.06065
734 1.06048
735 1.06032
736 1.06016
737 1.06
738 1.05983
739 1.05967
740 1.05951
741 1.05935
742 1.05919
743 1.05904
744 1.05888
745 1.05872
746 1.05856
747 1.05841
748 1.05825
749 1.0581
750 1.05794
751 1.05779
752 1.05764
753 1.05749
754 1.05733
755 1.05718
756 1.05703
757 1.05688
758 1.05673
759 1.05658
760 1.05644
761 1.05629
762 1.05614
763 1.056
764 1.05585
765 1.0557
766 1.05556
767 1.05542
768 1.05527
769 1.05513
770 1.05499
771 1.05484
772 1.0547
773 1.05456
774 1.05442
775 1.05428
776 1.05414
777 1.05401
778 1.05387
779 1.05373
780 1.05359
781 1.05346
782 1.05332
783 1.05318
784 1.05305
785 1.05291
786 1.05278
787 1.05265
788 1.05251
789 1.05238
790 1.05225
791 1.05212
792 1.05199
793 1.05186
794 1.05173
795 1.0516
796 1.05147
797 1.05134
798 1.05121
799 1.05108
800 1.05096
801 1.05083
802 1.05071
803 1.05058
804 1.05045
805 1.05033
806 1.05021
807 1.05008
808 1.04996
809 1.04984
810 1.04971
811 1.04959
812 1.04947
813 1.04935
814 1.04923
815 1.04911
816 1.04899
817 1.04887
818 1.04875
819 1.04863
820 1.04851
821 1.04839
822 1.04828
823 1.04816
824 1.04804
825 1.04793
826 1.04781
827 1.0477
828 1.04758
829 1.04747
830 1.04736
831 1.04724
832 1.04713
833 1.04702
834 1.0469
835 1.04679
836 1.04668
837 1.04657
838 1.04646
839 1.04635
840 1.04624
841 1.04613
842 1.04602
843 1.04591
844 1.0458
845 1.0457
846 1.04559
847 1.04548
848 1.04537
849 1.04527
850 1.04516
851 1.04506
852 1.04495
853 1.04485
854 1.04474
855 1.04464
856 1.04453
857 1.04443
858 1.04433
859 1.04422
860 1.04412
861 1.04402
862 1.04392
863 1.04382
864 1.04372
865 1.04361
866 1.04351
867 1.04341
868 1.04331
869 1.04322
870 1.04312
871 1.04302
872 1.04292
873 1.04282
874 1.04272
875 1.04263
876 1.04253
877 1.04243
878 1.04234
879 1.04224
880 1.04215
881 1.04205
882 1.04196
883 1.04186
884 1.04177
885 1.04167
886 1.04158
887 1.04149
888 1.04139
889 1.0413
890 1.04121
891 1.04112
892 1.04102
893 1.04093
894 1.04084
895 1.04075
896 1.04066
897 1.04057
898 1.04048
899 1.04039
900 1.0403
901 1.04021
902 1.04012
903 1.04003
904 1.03995
905 1.03986
906 1.03977
907 1.03968
908 1.0396
909 1.03951
910 1.03942
911 1.03934
912 1.03925
913 1.03916
914 1.03908
915 1.03899
916 1.03891
917 1.03882
918 1.03874
919 1.03866
920 1.03857
921 1.03849
922 1.03841
923 1.03832
924 1.03824
925 1.03816
926 1.03808
927 1.03799
928 1.03791
929 1.03783
930 1.03775
931 1.03767
932 1.03759
933 1.03751
934 1.03743
935 1.03735
936 1.03727
937 1.03719
938 1.03711
939 1.03703
940 1.03695
941 1.03688
942 1.0368
943 1.03672
944 1.03664
945 1.03656
946 1.03649
947 1.03641
948 1.03633
949 1.03626
950 1.03618
951 1.03611
952 1.03603
953 1.03596
954 1.03588
955 1.03581
956 1.03573
957 1.03566
958 1.03558
959 1.03551
960 1.03543
961 1.03536
962 1.03529
963 1.03521
964 1.03514
965 1.03507
966 1.035
967 1.03492
968 1.03485
969 1.03478
970 1.03471
971 1.03464
972 1.03457
973 1.0345
974 1.03443
975 1.03436
976 1.03429
977 1.03422
978 1.03415
979 1.03408
980 1.03401
981 1.03394
982 1.03387
983 1.0338
984 1.03373
985 1.03366
986 1.0336
987 1.03353
988 1.03346
989 1.03339
990 1.03333
991 1.03326
992 1.03319
993 1.03313
994 1.03306
995 1.03299
996 1.03293
997 1.03286
998 1.03279
999 1.03273
1000 1.03266
1001 1.0326
1002 1.03253
1003 1.03247
1004 1.03241
1005 1.03234
1006 1.03228
1007 1.03221
1008 1.03215
1009 1.03209
1010 1.03202
1011 1.03196
1012 1.0319
1013 1.03183
1014 1.03177
1015 1.03171
1016 1.03165
1017 1.03158
1018 1.03152
1019 1.03146
1020 1.0314
1021 1.03134
1022 1.03128
1023 1.03122
1024 1.03116
1025 1.03109
1026 1.03103
1027 1.03097
1028 1.03091
1029 1.03085
1030 1.03079
1031 1.03073
1032 1.03068
1033 1.03062
1034 1.03056
1035 1.0305
1036 1.03044
1037 1.03038
1038 1.03032
1039 1.03026
1040 1.03021
1041 1.03015
1042 1.03009
1043 1.03003
1044 1.02998
1045 1.02992
1046 1.02986
1047 1.0298
1048 1.02975
1049 1.02969
1050 1.02964
1051 1.02958
1052 1.02952
1053 1.02947
1054 1.02941
1055 1.02936
1056 1.0293
1057 1.02924
1058 1.02919
1059 1.02913
1060 1.02908
1061 1.02903
1062 1.02897
1063 1.02892
1064 1.02886
1065 1.02881
1066 1.02875
1067 1.0287
1068 1.02865
1069 1.02859
1070 1.02854
1071 1.02849
1072 1.02843
1073 1.02838
1074 1.02833
1075 1.02828
1076 1.02822
1077 1.02817
1078 1.02812
1079 1.02807
1080 1.02802
1081 1.02796
1082 1.02791
1083 1.02786
1084 1.02781
1085 1.02776
1086 1.02771
1087 1.02766
1088 1.02761
1089 1.02756
1090 1.02751
1091 1.02745
1092 1.0274
1093 1.02735
1094 1.0273
1095 1.02726
1096 1.02721
1097 1.02716
1098 1.02711
1099 1.02706
1100 1.02701
1101 1.02696
1102 1.02691
1103 1.02686
1104 1.02681
1105 1.02677
1106 1.02672
1107 1.02667
1108 1.02662
1109 1.02657
1110 1.02653
1111 1.02648
1112 1.02643
1113 1.02638
1114 1.02634
1115 1.02629
1116 1.02624
1117 1.02619
1118 1.02615
1119 1.0261
1120 1.02605
1121 1.02601
1122 1.02596
1123 1.02592
1124 1.02587
1125 1.02582
1126 1.02578
1127 1.02573
1128 1.02569
1129 1.02564
1130 1.0256
1131 1.02555
1132 1.02551
1133 1.02546
1134 1.02542
1135 1.02537
1136 1.02533
1137 1.02528
1138 1.02524
1139 1.02519
1140 1.02515
1141 1.02511
1142 1.02506
1143 1.02502
1144 1.02498
1145 1.02493
1146 1.02489
1147 1.02484
1148 1.0248
1149 1.02476
1150 1.02472
1151 1.02467
1152 1.02463
1153 1.02459
1154 1.02455
1155 1.0245
1156 1.02446
1157 1.02442
1158 1.02438
1159 1.02433
1160 1.02429
1161 1.02425
1162 1.02421
1163 1.02417
1164 1.02413
1165 1.02408
1166 1.02404
1167 1.024
1168 1.02396
1169 1.02392
1170 1.02388
1171 1.02384
1172 1.0238
1173 1.02376
1174 1.02372
1175 1.02368
1176 1.02364
1177 1.0236
1178 1.02356
1179 1.02352
1180 1.02348
1181 1.02344
1182 1.0234
1183 1.02336
1184 1.02332
1185 1.02328
1186 1.02324
1187 1.0232
1188 1.02316
1189 1.02312
1190 1.02309
1191 1.02305
1192 1.02301
1193 1.02297
1194 1.02293
1195 1.02289
1196 1.02285
1197 1.02282
1198 1.02278
1199 1.02274
1200 1.0227
1201 1.02267
1202 1.02263
1203 1.02259
1204 1.02255
1205 1.02252
1206 1.02248
1207 1.02244
1208 1.0224
1209 1.02237
1210 1.02233
1211 1.02229
1212 1.02226
1213 1.02222
1214 1.02218
1215 1.02215
1216 1.02211
1217 1.02207
1218 1.02204
1219 1.022
1220 1.02197
1221 1.02193
1222 1.02189
1223 1.02186
1224 1.02182
1225 1.02179
1226 1.02175
1227 1.02172
1228 1.02168
1229 1.02165
1230 1.02161
1231 1.02158
1232 1.02154
1233 1.02151
1234 1.02147
1235 1.02144
1236 1.0214
1237 1.02137
1238 1.02133
1239 1.0213
1240 1.02126
1241 1.02123
1242 1.0212
1243 1.02116
1244 1.02113
1245 1.02109
1246 1.02106
1247 1.02103
1248 1.02099
1249 1.02096
1250 1.02093
1251 1.02089
1252 1.02086
1253 1.02083
1254 1.02079
1255 1.02076
1256 1.02073
1257 1.02069
1258 1.02066
1259 1.02063
1260 1.0206
1261 1.02056
1262 1.02053
1263 1.0205
1264 1.02047
1265 1.02043
1266 1.0204
1267 1.02037
1268 1.02034
1269 1.02031
1270 1.02027
1271 1.02024
1272 1.02021
1273 1.02018
1274 1.02015
1275 1.02012
1276 1.02008
1277 1.02005
1278 1.02002
1279 1.01999
1280 1.01996
1281 1.01993
1282 1.0199
1283 1.01987
1284 1.01983
1285 1.0198
1286 1.01977
1287 1.01974
1288 1.01971
1289 1.01968
1290 1.01965
1291 1.01962
1292 1.01959
1293 1.01956
1294 1.01953
1295 1.0195
1296 1.01947
1297 1.01944
1298 1.01941
1299 1.01938
1300 1.01935
1301 1.01932
1302 1.01929
1303 1.01926
1304 1.01923
1305 1.0192
1306 1.01917
1307 1.01914
1308 1.01911
1309 1.01909
1310 1.01906
1311 1.01903
1312 1.019
1313 1.01897
1314 1.01894
1315 1.01891
1316 1.01888
1317 1.01885
1318 1.01883
1319 1.0188
1320 1.01877
1321 1.01874
1322 1.01871
1323 1.01868
1324 1.01866
1325 1.01863
1326 1.0186
1327 1.01857
1328 1.01854
1329 1.01852
1330 1.01849
1331 1.01846
1332 1.01843
1333 1.01841
1334 1.01838
1335 1.01835
1336 1.01832
1337 1.0183
1338 1.01827
1339 1.01824
1340 1.01821
1341 1.01819
1342 1.01816
1343 1.01813
1344 1.01811
1345 1.01808
1346 1.01805
1347 1.01803
1348 1.018
1349 1.01797
1350 1.01795
1351 1.01792
1352 1.01789
1353 1.01787
1354 1.01784
1355 1.01781
1356 1.01779
1357 1.01776
1358 1.01773
1359 1.01771
1360 1.01768
1361 1.01766
1362 1.01763
1363 1.01761
1364 1.01758
1365 1.01755
1366 1.01753
1367 1.0175
1368 1.01748
1369 1.01745
1370 1.01743
1371 1.0174
1372 1.01738
1373 1.01735
1374 1.01732
1375 1.0173
1376 1.01727
1377 1.01725
1378 1.01722
1379 1.0172
1380 1.01717
1381 1.01715
1382 1.01713
1383 1.0171
1384 1.01708
1385 1.01705
1386 1.01703
1387 1.017
1388 1.01698
1389 1.01695
1390 1.01693
1391 1.0169
1392 1.01688
1393 1.01686
1394 1.01683
1395 1.01681
1396 1.01678
1397 1.01676
1398 1.01674
1399 1.01671
1400 1.01669
1401 1.01666
1402 1.01664
1403 1.01662
1404 1.01659
1405 1.01657
1406 1.01655
1407 1.01652
1408 1.0165
1409 1.01648
1410 1.01645
1411 1.01643
1412 1.01641
1413 1.01638
1414 1.01636
1415 1.01634
1416 1.01631
1417 1.01629
1418 1.01627
1419 1.01625
1420 1.01622
1421 1.0162
1422 1.01618
1423 1.01615
1424 1.01613
1425 1.01611
1426 1.01609
1427 1.01606
1428 1.01604
1429 1.01602
1430 1.016
1431 1.01597
1432 1.01595
1433 1.01593
1434 1.01591
1435 1.01589
1436 1.01586
1437 1.01584
1438 1.01582
1439 1.0158
1440 1.01578
1441 1.01575
1442 1.01573
1443 1.01571
1444 1.01569
1445 1.01567
1446 1.01564
1447 1.01562
1448 1.0156
1449 1.01558
1450 1.01556
1451 1.01554
1452 1.01552
1453 1.01549
1454 1.01547
1455 1.01545
1456 1.01543
1457 1.01541
1458 1.01539
1459 1.01537
1460 1.01535
1461 1.01533
1462 1.0153
1463 1.01528
1464 1.01526
1465 1.01524
1466 1.01522
1467 1.0152
1468 1.01518
1469 1.01516
1470 1.01514
1471 1.01512
1472 1.0151
1473 1.01508
1474 1.01506
1475 1.01504
1476 1.01502
1477 1.015
1478 1.01498
1479 1.01496
1480 1.01494
1481 1.01492
1482 1.01489
1483 1.01487
1484 1.01485
1485 1.01483
1486 1.01481
1487 1.0148
1488 1.01478
1489 1.01476
1490 1.01474
1491 1.01472
1492 1.0147
1493 1.01468
1494 1.01466
1495 1.01464
1496 1.01462
1497 1.0146
1498 1.01458
1499 1.01456
1500 1.01454
1501 1.01452
1502 1.0145
1503 1.01448
1504 1.01446
1505 1.01444
1506 1.01442
1507 1.01441
1508 1.01439
1509 1.01437
1510 1.01435
1511 1.01433
1512 1.01431
1513 1.01429
1514 1.01427
1515 1.01425
1516 1.01424
1517 1.01422
1518 1.0142
1519 1.01418
1520 1.01416
1521 1.01414
1522 1.01412
1523 1.0141
1524 1.01409
1525 1.01407
1526 1.01405
1527 1.01403
1528 1.01401
1529 1.01399
1530 1.01398
1531 1.01396
1532 1.01394
1533 1.01392
1534 1.0139
1535 1.01389
1536 1.01387
1537 1.01385
1538 1.01383
1539 1.01381
1540 1.0138
1541 1.01378
1542 1.01376
1543 1.01374
1544 1.01372
1545 1.01371
1546 1.01369
1547 1.01367
1548 1.01365
1549 1.01364
1550 1.01362
1551 1.0136
1552 1.01358
1553 1.01357
1554 1.01355
1555 1.01353
1556 1.01351
1557 1.0135
1558 1.01348
1559 1.01346
1560 1.01344
1561 1.01343
1562 1.01341
1563 1.01339
1564 1.01338
1565 1.01336
1566 1.01334
1567 1.01332
1568 1.01331
1569 1.01329
1570 1.01327
1571 1.01326
1572 1.01324
1573 1.01322
1574 1.01321
1575 1.01319
1576 1.01317
1577 1.01316
1578 1.01314
1579 1.01312
1580 1.01311
1581 1.01309
1582 1.01307
1583 1.01306
1584 1.01304
1585 1.01302
1586 1.01301
1587 1.01299
1588 1.01297
1589 1.01296
1590 1.01294
1591 1.01293
1592 1.01291
1593 1.01289
1594 1.01288
1595 1.01286
1596 1.01285
1597 1.01283
1598 1.01281
1599 1.0128
1600 1.01278
1601 1.01277
1602 1.01275
1603 1.01273
1604 1.01272
1605 1.0127
1606 1.01269
1607 1.01267
1608 1.01265
1609 1.01264
1610 1.01262
1611 1.01261
1612 1.01259
1613 1.01258
1614 1.01256
1615 1.01255
1616 1.01253
1617 1.01251
1618 1.0125
1619 1.01248
1620 1.01247
1621 1.01245
1622 1.01244
1623 1.01242
1624 1.01241
1625 1.01239
1626 1.01238
1627 1.01236
1628 1.01235
1629 1.01233
1630 1.01232
1631 1.0123
1632 1.01229
1633 1.01227
1634 1.01226
1635 1.01224
1636 1.01223
1637 1.01221
1638 1.0122
1639 1.01218
1640 1.01217
1641 1.01215
1642 1.01214
1643 1.01212
1644 1.01211
1645 1.01209
1646 1.01208
1647 1.01206
1648 1.01205
1649 1.01203
1650 1.01202
1651 1.012
1652 1.01199
1653 1.01198
1654 1.01196
1655 1.01195
1656 1.01193
1657 1.01192
1658 1.0119
1659 1.01189
1660 1.01187
1661 1.01186
1662 1.01185
1663 1.01183
1664 1.01182
1665 1.0118
1666 1.01179
1667 1.01178
1668 1.01176
1669 1.01175
1670 1.01173
1671 1.01172
1672 1.01171
1673 1.01169
1674 1.01168
1675 1.01166
1676 1.01165
1677 1.01164
1678 1.01162
1679 1.01161
1680 1.01159
1681 1.01158
1682 1.01157
1683 1.01155
1684 1.01154
1685 1.01153
1686 1.01151
1687 1.0115
1688 1.01148
1689 1.01147
1690 1.01146
1691 1.01144
1692 1.01143
1693 1.01142
1694 1.0114
1695 1.01139
1696 1.01138
1697 1.01136
1698 1.01135
1699 1.01134
1700 1.01132
1701 1.01131
1702 1.0113
1703 1.01128
1704 1.01127
1705 1.01126
1706 1.01124
1707 1.01123
1708 1.01122
1709 1.0112
1710 1.01119
1711 1.01118
1712 1.01117
1713 1.01115
1714 1.01114
1715 1.01113
1716 1.01111
1717 1.0111
1718 1.01109
1719 1.01107
1720 1.01106
1721 1.01105
1722 1.01104
1723 1.01102
1724 1.01101
1725 1.011
1726 1.01098
1727 1.01097
1728 1.01096
1729 1.01095
1730 1.01093
1731 1.01092
1732 1.01091
1733 1.0109
1734 1.01088
1735 1.01087
1736 1.01086
1737 1.01085
1738 1.01083
1739 1.01082
1740 1.01081
1741 1.0108
1742 1.01078
1743 1.01077
1744 1.01076
1745 1.01075
1746 1.01073
1747 1.01072
1748 1.01071
1749 1.0107
1750 1.01069
1751 1.01067
1752 1.01066
1753 1.01065
1754 1.01064
1755 1.01063
1756 1.01061
1757 1.0106
1758 1.01059
1759 1.01058
1760 1.01057
1761 1.01055
1762 1.01054
1763 1.01053
1764 1.01052
1765 1.01051
1766 1.01049
1767 1.01048
1768 1.01047
1769 1.01046
1770 1.01045
1771 1.01043
1772 1.01042
1773 1.01041
1774 1.0104
1775 1.01039
1776 1.01038
1777 1.01036
1778 1.01035
1779 1.01034
1780 1.01033
1781 1.01032
1782 1.01031
1783 1.01029
1784 1.01028
1785 1.01027
1786 1.01026
1787 1.01025
1788 1.01024
1789 1.01023
1790 1.01021
1791 1.0102
1792 1.01019
1793 1.01018
1794 1.01017
1795 1.01016
1796 1.01015
1797 1.01013
1798 1.01012
1799 1.01011
1800 1.0101
1801 1.01009
1802 1.01008
1803 1.01007
1804 1.01006
1805 1.01005
1806 1.01003
1807 1.01002
1808 1.01001
1809 1.01
1810 1.00999
1811 1.00998
1812 1.00997
1813 1.00996
1814 1.00995
1815 1.00993
1816 1.00992
1817 1.00991
1818 1.0099
1819 1.00989
1820 1.00988
1821 1.00987
1822 1.00986
1823 1.00985
1824 1.00984
1825 1.00983
1826 1.00982
1827 1.0098
1828 1.00979
1829 1.00978
1830 1.00977
1831 1.00976
1832 1.00975
1833 1.00974
1834 1.00973
1835 1.00972
1836 1.00971
1837 1.0097
1838 1.00969
1839 1.00968
1840 1.00967
1841 1.00966
1842 1.00965
1843 1.00964
1844 1.00963
1845 1.00961
1846 1.0096
1847 1.00959
1848 1.00958
1849 1.00957
1850 1.00956
1851 1.00955
1852 1.00954
1853 1.00953
1854 1.00952
1855 1.00951
1856 1.0095
1857 1.00949
1858 1.00948
1859 1.00947
1860 1.00946
1861 1.00945
1862 1.00944
1863 1.00943
1864 1.00942
1865 1.00941
1866 1.0094
1867 1.00939
1868 1.00938
1869 1.00937
1870 1.00936
1871 1.00935
1872 1.00934
1873 1.00933
1874 1.00932
1875 1.00931
1876 1.0093
1877 1.00929
1878 1.00928
1879 1.00927
1880 1.00926
1881 1.00925
1882 1.00924
1883 1.00923
1884 1.00922
1885 1.00921
1886 1.0092
1887 1.00919
1888 1.00918
1889 1.00917
1890 1.00916
1891 1.00915
1892 1.00914
1893 1.00913
1894 1.00912
1895 1.00911
1896 1.0091
1897 1.0091
1898 1.00909
1899 1.00908
1900 1.00907
1901 1.00906
1902 1.00905
1903 1.00904
1904 1.00903
1905 1.00902
1906 1.00901
1907 1.009
1908 1.00899
1909 1.00898
1910 1.00897
1911 1.00896
1912 1.00895
1913 1.00894
1914 1.00893
1915 1.00893
1916 1.00892
1917 1.00891
1918 1.0089
1919 1.00889
1920 1.00888
1921 1.00887
1922 1.00886
1923 1.00885
1924 1.00884
1925 1.00883
1926 1.00882
1927 1.00881
1928 1.00881
1929 1.0088
1930 1.00879
1931 1.00878
1932 1.00877
1933 1.00876
1934 1.00875
1935 1.00874
1936 1.00873
1937 1.00872
1938 1.00871
1939 1.00871
1940 1.0087
1941 1.00869
1942 1.00868
1943 1.00867
1944 1.00866
1945 1.00865
1946 1.00864
1947 1.00863
1948 1.00863
1949 1.00862
1950 1.00861
1951 1.0086
1952 1.00859
1953 1.00858
1954 1.00857
1955 1.00856
1956 1.00856
1957 1.00855
1958 1.00854
1959 1.00853
1960 1.00852
1961 1.00851
1962 1.0085
1963 1.00849
1964 1.00849
1965 1.00848
1966 1.00847
1967 1.00846
1968 1.00845
1969 1.00844
1970 1.00843
1971 1.00843
1972 1.00842
1973 1.00841
1974 1.0084
1975 1.00839
1976 1.00838
1977 1.00837
1978 1.00837
1979 1.00836
1980 1.00835
1981 1.00834
1982 1.00833
1983 1.00832
1984 1.00832
1985 1.00831
1986 1.0083
1987 1.00829
1988 1.00828
1989 1.00827
1990 1.00827
1991 1.00826
1992 1.00825
1993 1.00824
1994 1.00823
1995 1.00822
1996 1.00822
1997 1.00821
1998 1.0082
1999 1.00819
