### FSI tabel with Julich B Potential (2-Gauss potential) #####
# Weight # krel [MeV] 
1 1.25893
2 1.44796
3 1.30781
4 1.35874
5 1.37706
6 1.35203
7 1.34329
8 1.35164
9 1.35821
10 1.35717
11 1.35304
12 1.35025
13 1.34974
14 1.35038
15 1.35086
16 1.35059
17 1.34967
18 1.34849
19 1.34735
20 1.34639
21 1.34558
22 1.34484
23 1.34407
24 1.34322
25 1.34227
26 1.34125
27 1.34017
28 1.33906
29 1.33794
30 1.33681
31 1.33568
32 1.33452
33 1.33335
34 1.33216
35 1.33094
36 1.3297
37 1.32844
38 1.32716
39 1.32586
40 1.32455
41 1.32323
42 1.32189
43 1.32055
44 1.3192
45 1.31784
46 1.31647
47 1.31509
48 1.31372
49 1.31233
50 1.31095
51 1.30956
52 1.30817
53 1.30678
54 1.3054
55 1.30401
56 1.30263
57 1.30125
58 1.29988
59 1.29851
60 1.29715
61 1.2958
62 1.29446
63 1.29313
64 1.2918
65 1.29049
66 1.28919
67 1.2879
68 1.28662
69 1.28536
70 1.28411
71 1.28288
72 1.28166
73 1.28046
74 1.27927
75 1.2781
76 1.27695
77 1.27582
78 1.2747
79 1.2736
80 1.27252
81 1.27146
82 1.27042
83 1.2694
84 1.2684
85 1.26742
86 1.26646
87 1.26552
88 1.2646
89 1.2637
90 1.26282
91 1.26196
92 1.26113
93 1.26031
94 1.25952
95 1.25874
96 1.25799
97 1.25726
98 1.25655
99 1.25586
100 1.2552
101 1.25455
102 1.25392
103 1.25332
104 1.25273
105 1.25217
106 1.25162
107 1.2511
108 1.25059
109 1.25011
110 1.24964
111 1.24919
112 1.24876
113 1.24835
114 1.24796
115 1.24759
116 1.24723
117 1.24689
118 1.24657
119 1.24626
120 1.24597
121 1.2457
122 1.24544
123 1.2452
124 1.24498
125 1.24476
126 1.24457
127 1.24438
128 1.24421
129 1.24406
130 1.24391
131 1.24378
132 1.24367
133 1.24356
134 1.24346
135 1.24338
136 1.24331
137 1.24324
138 1.24319
139 1.24315
140 1.24311
141 1.24309
142 1.24307
143 1.24306
144 1.24306
145 1.24307
146 1.24309
147 1.24311
148 1.24313
149 1.24317
150 1.24321
151 1.24325
152 1.2433
153 1.24335
154 1.24341
155 1.24347
156 1.24354
157 1.24361
158 1.24368
159 1.24376
160 1.24383
161 1.24391
162 1.244
163 1.24408
164 1.24416
165 1.24425
166 1.24434
167 1.24442
168 1.24451
169 1.2446
170 1.24469
171 1.24477
172 1.24486
173 1.24494
174 1.24503
175 1.24511
176 1.24519
177 1.24527
178 1.24535
179 1.24542
180 1.24549
181 1.24556
182 1.24563
183 1.2457
184 1.24576
185 1.24582
186 1.24587
187 1.24592
188 1.24597
189 1.24602
190 1.24606
191 1.2461
192 1.24613
193 1.24616
194 1.24618
195 1.2462
196 1.24622
197 1.24623
198 1.24624
199 1.24624
200 1.24624
201 1.24623
202 1.24622
203 1.2462
204 1.24618
205 1.24615
206 1.24612
207 1.24608
208 1.24604
209 1.24599
210 1.24594
211 1.24588
212 1.24582
213 1.24575
214 1.24567
215 1.2456
216 1.24551
217 1.24542
218 1.24532
219 1.24522
220 1.24512
221 1.24501
222 1.24489
223 1.24477
224 1.24464
225 1.2445
226 1.24436
227 1.24422
228 1.24407
229 1.24391
230 1.24375
231 1.24359
232 1.24341
233 1.24324
234 1.24305
235 1.24287
236 1.24267
237 1.24247
238 1.24227
239 1.24206
240 1.24185
241 1.24163
242 1.2414
243 1.24117
244 1.24093
245 1.24069
246 1.24045
247 1.24019
248 1.23994
249 1.23967
250 1.23941
251 1.23913
252 1.23886
253 1.23857
254 1.23828
255 1.23799
256 1.23769
257 1.23739
258 1.23708
259 1.23677
260 1.23645
261 1.23612
262 1.23579
263 1.23546
264 1.23512
265 1.23477
266 1.23442
267 1.23407
268 1.23371
269 1.23334
270 1.23297
271 1.2326
272 1.23222
273 1.23183
274 1.23144
275 1.23104
276 1.23064
277 1.23024
278 1.22983
279 1.22941
280 1.22899
281 1.22856
282 1.22813
283 1.2277
284 1.22725
285 1.22681
286 1.22636
287 1.2259
288 1.22544
289 1.22497
290 1.2245
291 1.22402
292 1.22354
293 1.22306
294 1.22256
295 1.22207
296 1.22157
297 1.22106
298 1.22055
299 1.22003
300 1.21951
301 1.21898
302 1.21845
303 1.21791
304 1.21737
305 1.21682
306 1.21627
307 1.21571
308 1.21515
309 1.21459
310 1.21401
311 1.21344
312 1.21285
313 1.21227
314 1.21168
315 1.21108
316 1.21048
317 1.20987
318 1.20926
319 1.20864
320 1.20802
321 1.20739
322 1.20676
323 1.20613
324 1.20549
325 1.20484
326 1.20419
327 1.20354
328 1.20288
329 1.20221
330 1.20154
331 1.20087
332 1.20019
333 1.19951
334 1.19882
335 1.19813
336 1.19743
337 1.19673
338 1.19602
339 1.19531
340 1.1946
341 1.19388
342 1.19315
343 1.19243
344 1.19169
345 1.19096
346 1.19022
347 1.18947
348 1.18872
349 1.18797
350 1.18721
351 1.18645
352 1.18569
353 1.18492
354 1.18414
355 1.18336
356 1.18258
357 1.1818
358 1.18101
359 1.18022
360 1.17942
361 1.17862
362 1.17782
363 1.17701
364 1.1762
365 1.17539
366 1.17457
367 1.17375
368 1.17293
369 1.1721
370 1.17127
371 1.17043
372 1.1696
373 1.16876
374 1.16792
375 1.16707
376 1.16622
377 1.16537
378 1.16452
379 1.16366
380 1.1628
381 1.16194
382 1.16108
383 1.16021
384 1.15934
385 1.15847
386 1.1576
387 1.15672
388 1.15585
389 1.15497
390 1.15408
391 1.1532
392 1.15232
393 1.15143
394 1.15054
395 1.14965
396 1.14876
397 1.14786
398 1.14697
399 1.14607
400 1.14517
401 1.14427
402 1.14337
403 1.14247
404 1.14157
405 1.14067
406 1.13976
407 1.13886
408 1.13795
409 1.13704
410 1.13613
411 1.13523
412 1.13432
413 1.13341
414 1.1325
415 1.13159
416 1.13068
417 1.12977
418 1.12886
419 1.12795
420 1.12704
421 1.12613
422 1.12521
423 1.1243
424 1.12339
425 1.12249
426 1.12158
427 1.12067
428 1.11976
429 1.11885
430 1.11795
431 1.11704
432 1.11613
433 1.11523
434 1.11433
435 1.11342
436 1.11252
437 1.11162
438 1.11072
439 1.10983
440 1.10893
441 1.10804
442 1.10714
443 1.10625
444 1.10536
445 1.10447
446 1.10359
447 1.1027
448 1.10182
449 1.10094
450 1.10006
451 1.09918
452 1.0983
453 1.09743
454 1.09656
455 1.09569
456 1.09482
457 1.09396
458 1.0931
459 1.09224
460 1.09138
461 1.09053
462 1.08968
463 1.08883
464 1.08798
465 1.08714
466 1.0863
467 1.08546
468 1.08463
469 1.0838
470 1.08297
471 1.08214
472 1.08132
473 1.0805
474 1.07968
475 1.07887
476 1.07806
477 1.07726
478 1.07645
479 1.07565
480 1.07486
481 1.07407
482 1.07328
483 1.07249
484 1.07171
485 1.07093
486 1.07016
487 1.06939
488 1.06862
489 1.06786
490 1.0671
491 1.06635
492 1.0656
493 1.06485
494 1.06411
495 1.06337
496 1.06264
497 1.06191
498 1.06118
499 1.06046
500 1.05974
501 1.05903
502 1.05832
503 1.05761
504 1.05691
505 1.05621
506 1.05552
507 1.05483
508 1.05415
509 1.05347
510 1.0528
511 1.05213
512 1.05146
513 1.0508
514 1.05014
515 1.04949
516 1.04884
517 1.0482
518 1.04756
519 1.04693
520 1.0463
521 1.04568
522 1.04506
523 1.04444
524 1.04383
525 1.04322
526 1.04262
527 1.04203
528 1.04144
529 1.04085
530 1.04027
531 1.03969
532 1.03912
533 1.03855
534 1.03798
535 1.03743
536 1.03687
537 1.03632
538 1.03578
539 1.03524
540 1.0347
541 1.03417
542 1.03365
543 1.03313
544 1.03261
545 1.0321
546 1.03159
547 1.03109
548 1.0306
549 1.0301
550 1.02962
551 1.02913
552 1.02866
553 1.02818
554 1.02772
555 1.02725
556 1.02679
557 1.02634
558 1.02589
559 1.02545
560 1.02501
561 1.02457
562 1.02414
563 1.02371
564 1.02329
565 1.02288
566 1.02246
567 1.02206
568 1.02165
569 1.02125
570 1.02086
571 1.02047
572 1.02009
573 1.01971
574 1.01933
575 1.01896
576 1.01859
577 1.01823
578 1.01787
579 1.01752
580 1.01717
581 1.01683
582 1.01649
583 1.01615
584 1.01582
585 1.01549
586 1.01517
587 1.01485
588 1.01454
589 1.01423
590 1.01392
591 1.01362
592 1.01332
593 1.01303
594 1.01274
595 1.01246
596 1.01217
597 1.0119
598 1.01162
599 1.01136
600 1.01109
601 1.01083
602 1.01057
603 1.01032
604 1.01007
605 1.00983
606 1.00959
607 1.00935
608 1.00912
609 1.00889
610 1.00866
611 1.00844
612 1.00822
613 1.00801
614 1.0078
615 1.00759
616 1.00739
617 1.00719
618 1.00699
619 1.0068
620 1.00661
621 1.00642
622 1.00624
623 1.00606
624 1.00589
625 1.00571
626 1.00555
627 1.00538
628 1.00522
629 1.00506
630 1.00491
631 1.00475
632 1.00461
633 1.00446
634 1.00432
635 1.00418
636 1.00404
637 1.00391
638 1.00378
639 1.00365
640 1.00353
641 1.00341
642 1.00329
643 1.00318
644 1.00306
645 1.00296
646 1.00285
647 1.00275
648 1.00265
649 1.00255
650 1.00245
651 1.00236
652 1.00227
653 1.00218
654 1.0021
655 1.00202
656 1.00194
657 1.00186
658 1.00179
659 1.00172
660 1.00165
661 1.00158
662 1.00152
663 1.00146
664 1.0014
665 1.00134
666 1.00129
667 1.00124
668 1.00119
669 1.00114
670 1.00109
671 1.00105
672 1.00101
673 1.00097
674 1.00094
675 1.0009
676 1.00087
677 1.00084
678 1.00081
679 1.00079
680 1.00076
681 1.00074
682 1.00072
683 1.0007
684 1.00069
685 1.00067
686 1.00066
687 1.00065
688 1.00064
689 1.00063
690 1.00063
691 1.00062
692 1.00062
693 1.00062
694 1.00063
695 1.00063
696 1.00063
697 1.00064
698 1.00065
699 1.00066
700 1.00067
701 1.00068
702 1.0007
703 1.00071
704 1.00073
705 1.00075
706 1.00077
707 1.00079
708 1.00082
709 1.00084
710 1.00087
711 1.00089
712 1.00092
713 1.00095
714 1.00098
715 1.00102
716 1.00105
717 1.00108
718 1.00112
719 1.00116
720 1.0012
721 1.00124
722 1.00128
723 1.00132
724 1.00136
725 1.00141
726 1.00145
727 1.0015
728 1.00154
729 1.00159
730 1.00164
731 1.00169
732 1.00174
733 1.00179
734 1.00185
735 1.0019
736 1.00195
737 1.00201
738 1.00207
739 1.00212
740 1.00218
741 1.00224
742 1.0023
743 1.00236
744 1.00242
745 1.00248
746 1.00254
747 1.00261
748 1.00267
749 1.00274
750 1.0028
751 1.00287
752 1.00293
753 1.003
754 1.00307
755 1.00314
756 1.0032
757 1.00327
758 1.00334
759 1.00341
760 1.00349
761 1.00356
762 1.00363
763 1.0037
764 1.00377
765 1.00385
766 1.00392
767 1.004
768 1.00407
769 1.00415
770 1.00422
771 1.0043
772 1.00437
773 1.00445
774 1.00453
775 1.00461
776 1.00468
777 1.00476
778 1.00484
779 1.00492
780 1.005
781 1.00508
782 1.00516
783 1.00524
784 1.00532
785 1.0054
786 1.00548
787 1.00556
788 1.00564
789 1.00572
790 1.0058
791 1.00588
792 1.00596
793 1.00605
794 1.00613
795 1.00621
796 1.00629
797 1.00637
798 1.00646
799 1.00654
800 1.00662
801 1.0067
802 1.00679
803 1.00687
804 1.00695
805 1.00704
806 1.00712
807 1.0072
808 1.00728
809 1.00737
810 1.00745
811 1.00753
812 1.00762
813 1.0077
814 1.00778
815 1.00787
816 1.00795
817 1.00803
818 1.00812
819 1.0082
820 1.00828
821 1.00837
822 1.00845
823 1.00853
824 1.00861
825 1.0087
826 1.00878
827 1.00886
828 1.00894
829 1.00903
830 1.00911
831 1.00919
832 1.00927
833 1.00935
834 1.00944
835 1.00952
836 1.0096
837 1.00968
838 1.00976
839 1.00984
840 1.00992
841 1.01
842 1.01008
843 1.01016
844 1.01024
845 1.01032
846 1.0104
847 1.01048
848 1.01056
849 1.01064
850 1.01072
851 1.0108
852 1.01088
853 1.01096
854 1.01104
855 1.01111
856 1.01119
857 1.01127
858 1.01135
859 1.01142
860 1.0115
861 1.01158
862 1.01165
863 1.01173
864 1.0118
865 1.01188
866 1.01195
867 1.01203
868 1.0121
869 1.01218
870 1.01225
871 1.01233
872 1.0124
873 1.01247
874 1.01255
875 1.01262
876 1.01269
877 1.01276
878 1.01284
879 1.01291
880 1.01298
881 1.01305
882 1.01312
883 1.01319
884 1.01326
885 1.01333
886 1.0134
887 1.01347
888 1.01354
889 1.01361
890 1.01368
891 1.01374
892 1.01381
893 1.01388
894 1.01395
895 1.01401
896 1.01408
897 1.01415
898 1.01421
899 1.01428
900 1.01434
901 1.01441
902 1.01447
903 1.01454
904 1.0146
905 1.01466
906 1.01473
907 1.01479
908 1.01485
909 1.01491
910 1.01498
911 1.01504
912 1.0151
913 1.01516
914 1.01522
915 1.01528
916 1.01534
917 1.0154
918 1.01546
919 1.01552
920 1.01557
921 1.01563
922 1.01569
923 1.01575
924 1.0158
925 1.01586
926 1.01592
927 1.01597
928 1.01603
929 1.01608
930 1.01614
931 1.01619
932 1.01625
933 1.0163
934 1.01635
935 1.01641
936 1.01646
937 1.01651
938 1.01657
939 1.01662
940 1.01667
941 1.01672
942 1.01677
943 1.01682
944 1.01687
945 1.01692
946 1.01697
947 1.01702
948 1.01707
949 1.01711
950 1.01716
951 1.01721
952 1.01726
953 1.0173
954 1.01735
955 1.0174
956 1.01744
957 1.01749
958 1.01753
959 1.01758
960 1.01762
961 1.01767
962 1.01771
963 1.01775
964 1.0178
965 1.01784
966 1.01788
967 1.01792
968 1.01796
969 1.01801
970 1.01805
971 1.01809
972 1.01813
973 1.01817
974 1.01821
975 1.01825
976 1.01829
977 1.01832
978 1.01836
979 1.0184
980 1.01844
981 1.01847
982 1.01851
983 1.01855
984 1.01858
985 1.01862
986 1.01866
987 1.01869
988 1.01873
989 1.01876
990 1.01879
991 1.01883
992 1.01886
993 1.0189
994 1.01893
995 1.01896
996 1.01899
997 1.01903
998 1.01906
999 1.01909
1000 1.01912
1001 1.01915
1002 1.01918
1003 1.01921
1004 1.01924
1005 1.01927
1006 1.0193
1007 1.01933
1008 1.01936
1009 1.01938
1010 1.01941
1011 1.01944
1012 1.01947
1013 1.01949
1014 1.01952
1015 1.01955
1016 1.01957
1017 1.0196
1018 1.01962
1019 1.01965
1020 1.01967
1021 1.0197
1022 1.01972
1023 1.01975
1024 1.01977
1025 1.01979
1026 1.01982
1027 1.01984
1028 1.01986
1029 1.01988
1030 1.01991
1031 1.01993
1032 1.01995
1033 1.01997
1034 1.01999
1035 1.02001
1036 1.02003
1037 1.02005
1038 1.02007
1039 1.02009
1040 1.02011
1041 1.02013
1042 1.02015
1043 1.02017
1044 1.02018
1045 1.0202
1046 1.02022
1047 1.02024
1048 1.02025
1049 1.02027
1050 1.02029
1051 1.0203
1052 1.02032
1053 1.02033
1054 1.02035
1055 1.02036
1056 1.02038
1057 1.02039
1058 1.02041
1059 1.02042
1060 1.02043
1061 1.02045
1062 1.02046
1063 1.02047
1064 1.02049
1065 1.0205
1066 1.02051
1067 1.02052
1068 1.02054
1069 1.02055
1070 1.02056
1071 1.02057
1072 1.02058
1073 1.02059
1074 1.0206
1075 1.02061
1076 1.02062
1077 1.02063
1078 1.02064
1079 1.02065
1080 1.02066
1081 1.02067
1082 1.02068
1083 1.02068
1084 1.02069
1085 1.0207
1086 1.02071
1087 1.02071
1088 1.02072
1089 1.02073
1090 1.02074
1091 1.02074
1092 1.02075
1093 1.02075
1094 1.02076
1095 1.02077
1096 1.02077
1097 1.02078
1098 1.02078
1099 1.02079
1100 1.02079
1101 1.02079
1102 1.0208
1103 1.0208
1104 1.02081
1105 1.02081
1106 1.02081
1107 1.02082
1108 1.02082
1109 1.02082
1110 1.02082
1111 1.02083
1112 1.02083
1113 1.02083
1114 1.02083
1115 1.02083
1116 1.02084
1117 1.02084
1118 1.02084
1119 1.02084
1120 1.02084
1121 1.02084
1122 1.02084
1123 1.02084
1124 1.02084
1125 1.02084
1126 1.02084
1127 1.02084
1128 1.02084
1129 1.02084
1130 1.02083
1131 1.02083
1132 1.02083
1133 1.02083
1134 1.02083
1135 1.02083
1136 1.02082
1137 1.02082
1138 1.02082
1139 1.02082
1140 1.02081
1141 1.02081
1142 1.02081
1143 1.0208
1144 1.0208
1145 1.0208
1146 1.02079
1147 1.02079
1148 1.02078
1149 1.02078
1150 1.02078
1151 1.02077
1152 1.02077
1153 1.02076
1154 1.02076
1155 1.02075
1156 1.02075
1157 1.02074
1158 1.02073
1159 1.02073
1160 1.02072
1161 1.02072
1162 1.02071
1163 1.0207
1164 1.0207
1165 1.02069
1166 1.02068
1167 1.02068
1168 1.02067
1169 1.02066
1170 1.02065
1171 1.02065
1172 1.02064
1173 1.02063
1174 1.02062
1175 1.02062
1176 1.02061
1177 1.0206
1178 1.02059
1179 1.02058
1180 1.02057
1181 1.02056
1182 1.02056
1183 1.02055
1184 1.02054
1185 1.02053
1186 1.02052
1187 1.02051
1188 1.0205
1189 1.02049
1190 1.02048
1191 1.02047
1192 1.02046
1193 1.02045
1194 1.02044
1195 1.02043
1196 1.02042
1197 1.02041
1198 1.0204
1199 1.02038
1200 1.02037
1201 1.02036
1202 1.02035
1203 1.02034
1204 1.02033
1205 1.02032
1206 1.0203
1207 1.02029
1208 1.02028
1209 1.02027
1210 1.02026
1211 1.02024
1212 1.02023
1213 1.02022
1214 1.02021
1215 1.02019
1216 1.02018
1217 1.02017
1218 1.02016
1219 1.02014
1220 1.02013
1221 1.02012
1222 1.0201
1223 1.02009
1224 1.02008
1225 1.02006
1226 1.02005
1227 1.02004
1228 1.02002
1229 1.02001
1230 1.01999
1231 1.01998
1232 1.01997
1233 1.01995
1234 1.01994
1235 1.01992
1236 1.01991
1237 1.01989
1238 1.01988
1239 1.01986
1240 1.01985
1241 1.01983
1242 1.01982
1243 1.0198
1244 1.01979
1245 1.01977
1246 1.01976
1247 1.01974
1248 1.01973
1249 1.01971
1250 1.0197
1251 1.01968
1252 1.01967
1253 1.01965
1254 1.01963
1255 1.01962
1256 1.0196
1257 1.01959
1258 1.01957
1259 1.01955
1260 1.01954
1261 1.01952
1262 1.0195
1263 1.01949
1264 1.01947
1265 1.01945
1266 1.01944
1267 1.01942
1268 1.0194
1269 1.01939
1270 1.01937
1271 1.01935
1272 1.01934
1273 1.01932
1274 1.0193
1275 1.01929
1276 1.01927
1277 1.01925
1278 1.01923
1279 1.01922
1280 1.0192
1281 1.01918
1282 1.01916
1283 1.01915
1284 1.01913
1285 1.01911
1286 1.01909
1287 1.01907
1288 1.01906
1289 1.01904
1290 1.01902
1291 1.019
1292 1.01898
1293 1.01897
1294 1.01895
1295 1.01893
1296 1.01891
1297 1.01889
1298 1.01887
1299 1.01886
1300 1.01884
1301 1.01882
1302 1.0188
1303 1.01878
1304 1.01876
1305 1.01874
1306 1.01873
1307 1.01871
1308 1.01869
1309 1.01867
1310 1.01865
1311 1.01863
1312 1.01861
1313 1.01859
1314 1.01857
1315 1.01856
1316 1.01854
1317 1.01852
1318 1.0185
1319 1.01848
1320 1.01846
1321 1.01844
1322 1.01842
1323 1.0184
1324 1.01838
1325 1.01836
1326 1.01834
1327 1.01832
1328 1.0183
1329 1.01828
1330 1.01826
1331 1.01824
1332 1.01823
1333 1.01821
1334 1.01819
1335 1.01817
1336 1.01815
1337 1.01813
1338 1.01811
1339 1.01809
1340 1.01807
1341 1.01805
1342 1.01803
1343 1.01801
1344 1.01799
1345 1.01797
1346 1.01795
1347 1.01793
1348 1.01791
1349 1.01789
1350 1.01787
1351 1.01785
1352 1.01783
1353 1.01781
1354 1.01779
1355 1.01777
1356 1.01775
1357 1.01773
1358 1.0177
1359 1.01768
1360 1.01766
1361 1.01764
1362 1.01762
1363 1.0176
1364 1.01758
1365 1.01756
1366 1.01754
1367 1.01752
1368 1.0175
1369 1.01748
1370 1.01746
1371 1.01744
1372 1.01742
1373 1.0174
1374 1.01738
1375 1.01736
1376 1.01734
1377 1.01732
1378 1.0173
1379 1.01727
1380 1.01725
1381 1.01723
1382 1.01721
1383 1.01719
1384 1.01717
1385 1.01715
1386 1.01713
1387 1.01711
1388 1.01709
1389 1.01707
1390 1.01705
1391 1.01703
1392 1.01701
1393 1.01698
1394 1.01696
1395 1.01694
1396 1.01692
1397 1.0169
1398 1.01688
1399 1.01686
1400 1.01684
1401 1.01682
1402 1.0168
1403 1.01678
1404 1.01675
1405 1.01673
1406 1.01671
1407 1.01669
1408 1.01667
1409 1.01665
1410 1.01663
1411 1.01661
1412 1.01659
1413 1.01657
1414 1.01655
1415 1.01652
1416 1.0165
1417 1.01648
1418 1.01646
1419 1.01644
1420 1.01642
1421 1.0164
1422 1.01638
1423 1.01636
1424 1.01634
1425 1.01632
1426 1.01629
1427 1.01627
1428 1.01625
1429 1.01623
1430 1.01621
1431 1.01619
1432 1.01617
1433 1.01615
1434 1.01613
1435 1.01611
1436 1.01609
1437 1.01606
1438 1.01604
1439 1.01602
1440 1.016
1441 1.01598
1442 1.01596
1443 1.01594
1444 1.01592
1445 1.0159
1446 1.01588
1447 1.01585
1448 1.01583
1449 1.01581
1450 1.01579
1451 1.01577
1452 1.01575
1453 1.01573
1454 1.01571
1455 1.01569
1456 1.01567
1457 1.01565
1458 1.01563
1459 1.0156
1460 1.01558
1461 1.01556
1462 1.01554
1463 1.01552
1464 1.0155
1465 1.01548
1466 1.01546
1467 1.01544
1468 1.01542
1469 1.0154
1470 1.01538
1471 1.01535
1472 1.01533
1473 1.01531
1474 1.01529
1475 1.01527
1476 1.01525
1477 1.01523
1478 1.01521
1479 1.01519
1480 1.01517
1481 1.01515
1482 1.01513
1483 1.01511
1484 1.01509
1485 1.01506
1486 1.01504
1487 1.01502
1488 1.015
1489 1.01498
1490 1.01496
1491 1.01494
1492 1.01492
1493 1.0149
1494 1.01488
1495 1.01486
1496 1.01484
1497 1.01482
1498 1.0148
1499 1.01478
1500 1.01476
1501 1.01474
1502 1.01472
1503 1.01469
1504 1.01467
1505 1.01465
1506 1.01463
1507 1.01461
1508 1.01459
1509 1.01457
1510 1.01455
1511 1.01453
1512 1.01451
1513 1.01449
1514 1.01447
1515 1.01445
1516 1.01443
1517 1.01441
1518 1.01439
1519 1.01437
1520 1.01435
1521 1.01433
1522 1.01431
1523 1.01429
1524 1.01427
1525 1.01425
1526 1.01423
1527 1.01421
1528 1.01419
1529 1.01417
1530 1.01415
1531 1.01413
1532 1.01411
1533 1.01409
1534 1.01407
1535 1.01405
1536 1.01403
1537 1.01401
1538 1.01399
1539 1.01397
1540 1.01395
1541 1.01393
1542 1.01391
1543 1.01389
1544 1.01387
1545 1.01385
1546 1.01383
1547 1.01381
1548 1.01379
1549 1.01377
1550 1.01375
1551 1.01373
1552 1.01371
1553 1.01369
1554 1.01367
1555 1.01365
1556 1.01363
1557 1.01361
1558 1.01359
1559 1.01357
1560 1.01355
1561 1.01353
1562 1.01351
1563 1.01349
1564 1.01348
1565 1.01346
1566 1.01344
1567 1.01342
1568 1.0134
1569 1.01338
1570 1.01336
1571 1.01334
1572 1.01332
1573 1.0133
1574 1.01328
1575 1.01326
1576 1.01324
1577 1.01322
1578 1.0132
1579 1.01319
1580 1.01317
1581 1.01315
1582 1.01313
1583 1.01311
1584 1.01309
1585 1.01307
1586 1.01305
1587 1.01303
1588 1.01301
1589 1.01299
1590 1.01297
1591 1.01296
1592 1.01294
1593 1.01292
1594 1.0129
1595 1.01288
1596 1.01286
1597 1.01284
1598 1.01282
1599 1.0128
1600 1.01279
1601 1.01277
1602 1.01275
1603 1.01273
1604 1.01271
1605 1.01269
1606 1.01267
1607 1.01265
1608 1.01264
1609 1.01262
1610 1.0126
1611 1.01258
1612 1.01256
1613 1.01254
1614 1.01252
1615 1.01251
1616 1.01249
1617 1.01247
1618 1.01245
1619 1.01243
1620 1.01241
1621 1.0124
1622 1.01238
1623 1.01236
1624 1.01234
1625 1.01232
1626 1.0123
1627 1.01229
1628 1.01227
1629 1.01225
1630 1.01223
1631 1.01221
1632 1.01219
1633 1.01218
1634 1.01216
1635 1.01214
1636 1.01212
1637 1.0121
1638 1.01209
1639 1.01207
1640 1.01205
1641 1.01203
1642 1.01201
1643 1.012
1644 1.01198
1645 1.01196
1646 1.01194
1647 1.01193
1648 1.01191
1649 1.01189
1650 1.01187
1651 1.01185
1652 1.01184
1653 1.01182
1654 1.0118
1655 1.01178
1656 1.01177
1657 1.01175
1658 1.01173
1659 1.01171
1660 1.0117
1661 1.01168
1662 1.01166
1663 1.01164
1664 1.01163
1665 1.01161
1666 1.01159
1667 1.01157
1668 1.01156
1669 1.01154
1670 1.01152
1671 1.0115
1672 1.01149
1673 1.01147
1674 1.01145
1675 1.01144
1676 1.01142
1677 1.0114
1678 1.01138
1679 1.01137
1680 1.01135
1681 1.01133
1682 1.01132
1683 1.0113
1684 1.01128
1685 1.01126
1686 1.01125
1687 1.01123
1688 1.01121
1689 1.0112
1690 1.01118
1691 1.01116
1692 1.01115
1693 1.01113
1694 1.01111
1695 1.0111
1696 1.01108
1697 1.01106
1698 1.01105
1699 1.01103
1700 1.01101
1701 1.011
1702 1.01098
1703 1.01096
1704 1.01095
1705 1.01093
1706 1.01091
1707 1.0109
1708 1.01088
1709 1.01086
1710 1.01085
1711 1.01083
1712 1.01081
1713 1.0108
1714 1.01078
1715 1.01077
1716 1.01075
1717 1.01073
1718 1.01072
1719 1.0107
1720 1.01068
1721 1.01067
1722 1.01065
1723 1.01064
1724 1.01062
1725 1.0106
1726 1.01059
1727 1.01057
1728 1.01055
1729 1.01054
1730 1.01052
1731 1.01051
1732 1.01049
1733 1.01048
1734 1.01046
1735 1.01044
1736 1.01043
1737 1.01041
1738 1.0104
1739 1.01038
1740 1.01036
1741 1.01035
1742 1.01033
1743 1.01032
1744 1.0103
1745 1.01029
1746 1.01027
1747 1.01025
1748 1.01024
1749 1.01022
1750 1.01021
1751 1.01019
1752 1.01018
1753 1.01016
1754 1.01015
1755 1.01013
1756 1.01012
1757 1.0101
1758 1.01008
1759 1.01007
1760 1.01005
1761 1.01004
1762 1.01002
1763 1.01001
1764 1.00999
1765 1.00998
1766 1.00996
1767 1.00995
1768 1.00993
1769 1.00992
1770 1.0099
1771 1.00989
1772 1.00987
1773 1.00986
1774 1.00984
1775 1.00983
1776 1.00981
1777 1.0098
1778 1.00978
1779 1.00977
1780 1.00975
1781 1.00974
1782 1.00972
1783 1.00971
1784 1.00969
1785 1.00968
1786 1.00966
1787 1.00965
1788 1.00963
1789 1.00962
1790 1.0096
1791 1.00959
1792 1.00958
1793 1.00956
1794 1.00955
1795 1.00953
1796 1.00952
1797 1.0095
1798 1.00949
1799 1.00947
1800 1.00946
1801 1.00945
1802 1.00943
1803 1.00942
1804 1.0094
1805 1.00939
1806 1.00937
1807 1.00936
1808 1.00934
1809 1.00933
1810 1.00932
1811 1.0093
1812 1.00929
1813 1.00927
1814 1.00926
1815 1.00925
1816 1.00923
1817 1.00922
1818 1.0092
1819 1.00919
1820 1.00918
1821 1.00916
1822 1.00915
1823 1.00913
1824 1.00912
1825 1.00911
1826 1.00909
1827 1.00908
1828 1.00906
1829 1.00905
1830 1.00904
1831 1.00902
1832 1.00901
1833 1.009
1834 1.00898
1835 1.00897
1836 1.00895
1837 1.00894
1838 1.00893
1839 1.00891
1840 1.0089
1841 1.00889
1842 1.00887
1843 1.00886
1844 1.00885
1845 1.00883
1846 1.00882
1847 1.00881
1848 1.00879
1849 1.00878
1850 1.00877
1851 1.00875
1852 1.00874
1853 1.00873
1854 1.00871
1855 1.0087
1856 1.00869
1857 1.00867
1858 1.00866
1859 1.00865
1860 1.00863
1861 1.00862
1862 1.00861
1863 1.00859
1864 1.00858
1865 1.00857
1866 1.00855
1867 1.00854
1868 1.00853
1869 1.00852
1870 1.0085
1871 1.00849
1872 1.00848
1873 1.00846
1874 1.00845
1875 1.00844
1876 1.00842
1877 1.00841
1878 1.0084
1879 1.00839
1880 1.00837
1881 1.00836
1882 1.00835
1883 1.00834
1884 1.00832
1885 1.00831
1886 1.0083
1887 1.00828
1888 1.00827
1889 1.00826
1890 1.00825
1891 1.00823
1892 1.00822
1893 1.00821
1894 1.0082
1895 1.00818
1896 1.00817
1897 1.00816
1898 1.00815
1899 1.00814
1900 1.00812
1901 1.00811
1902 1.0081
1903 1.00809
1904 1.00807
1905 1.00806
1906 1.00805
1907 1.00804
1908 1.00802
1909 1.00801
1910 1.008
1911 1.00799
1912 1.00798
1913 1.00796
1914 1.00795
1915 1.00794
1916 1.00793
1917 1.00792
1918 1.0079
1919 1.00789
1920 1.00788
1921 1.00787
1922 1.00786
1923 1.00784
1924 1.00783
1925 1.00782
1926 1.00781
1927 1.0078
1928 1.00778
1929 1.00777
1930 1.00776
1931 1.00775
1932 1.00774
1933 1.00773
1934 1.00771
1935 1.0077
1936 1.00769
1937 1.00768
1938 1.00767
1939 1.00766
1940 1.00764
1941 1.00763
1942 1.00762
1943 1.00761
1944 1.0076
1945 1.00759
1946 1.00758
1947 1.00756
1948 1.00755
1949 1.00754
1950 1.00753
1951 1.00752
1952 1.00751
1953 1.0075
1954 1.00748
1955 1.00747
1956 1.00746
1957 1.00745
1958 1.00744
1959 1.00743
1960 1.00742
1961 1.00741
1962 1.00739
1963 1.00738
1964 1.00737
1965 1.00736
1966 1.00735
1967 1.00734
1968 1.00733
1969 1.00732
1970 1.00731
1971 1.00729
1972 1.00728
1973 1.00727
1974 1.00726
1975 1.00725
1976 1.00724
1977 1.00723
1978 1.00722
1979 1.00721
1980 1.0072
1981 1.00718
1982 1.00717
1983 1.00716
1984 1.00715
1985 1.00714
1986 1.00713
1987 1.00712
1988 1.00711
1989 1.0071
1990 1.00709
1991 1.00708
1992 1.00707
1993 1.00706
1994 1.00705
1995 1.00703
1996 1.00702
1997 1.00701
1998 1.007
1999 1.00699
