### FSI tabel with Julich A Potential (2-Gauss potential) #####
# Weight # krel [MeV] 
1 3.28851
2 3.91302
3 3.33328
4 3.57736
5 3.63591
6 3.55992
7 3.51818
8 3.52275
9 3.5372
10 3.54049
11 3.53248
12 3.52034
13 3.50924
14 3.5005
15 3.49321
16 3.48599
17 3.47792
18 3.46869
19 3.45846
20 3.44751
21 3.43609
22 3.42436
23 3.41236
24 3.40007
25 3.38745
26 3.37448
27 3.36112
28 3.34737
29 3.33327
30 3.31882
31 3.30405
32 3.289
33 3.27367
34 3.25809
35 3.24227
36 3.22623
37 3.20998
38 3.19353
39 3.17688
40 3.16007
41 3.14309
42 3.12597
43 3.10871
44 3.09133
45 3.07385
46 3.05627
47 3.03861
48 3.02088
49 3.00309
50 2.98525
51 2.96738
52 2.94948
53 2.93156
54 2.91364
55 2.89573
56 2.87782
57 2.85994
58 2.84209
59 2.82427
60 2.8065
61 2.78879
62 2.77114
63 2.75355
64 2.73604
65 2.71861
66 2.70127
67 2.68402
68 2.66686
69 2.64981
70 2.63287
71 2.61603
72 2.59931
73 2.58272
74 2.56624
75 2.5499
76 2.53368
77 2.51759
78 2.50164
79 2.48583
80 2.47016
81 2.45463
82 2.43925
83 2.42401
84 2.40892
85 2.39398
86 2.37919
87 2.36455
88 2.35007
89 2.33573
90 2.32155
91 2.30753
92 2.29366
93 2.27994
94 2.26638
95 2.25297
96 2.23972
97 2.22662
98 2.21368
99 2.20089
100 2.18826
101 2.17577
102 2.16345
103 2.15127
104 2.13924
105 2.12737
106 2.11564
107 2.10407
108 2.09264
109 2.08136
110 2.07022
111 2.05923
112 2.04838
113 2.03768
114 2.02711
115 2.01669
116 2.00641
117 1.99626
118 1.98625
119 1.97638
120 1.96664
121 1.95703
122 1.94756
123 1.93821
124 1.929
125 1.91991
126 1.91094
127 1.90211
128 1.89339
129 1.8848
130 1.87633
131 1.86798
132 1.85974
133 1.85163
134 1.84362
135 1.83574
136 1.82796
137 1.82029
138 1.81274
139 1.80529
140 1.79796
141 1.79072
142 1.78359
143 1.77657
144 1.76965
145 1.76282
146 1.7561
147 1.74947
148 1.74295
149 1.73651
150 1.73018
151 1.72393
152 1.71778
153 1.71171
154 1.70574
155 1.69986
156 1.69406
157 1.68835
158 1.68272
159 1.67718
160 1.67172
161 1.66634
162 1.66104
163 1.65582
164 1.65068
165 1.64562
166 1.64063
167 1.63572
168 1.63088
169 1.62611
170 1.62142
171 1.6168
172 1.61224
173 1.60776
174 1.60335
175 1.599
176 1.59472
177 1.5905
178 1.58635
179 1.58226
180 1.57823
181 1.57427
182 1.57037
183 1.56652
184 1.56274
185 1.55901
186 1.55534
187 1.55173
188 1.54818
189 1.54468
190 1.54123
191 1.53784
192 1.5345
193 1.53121
194 1.52798
195 1.52479
196 1.52166
197 1.51857
198 1.51554
199 1.51255
200 1.5096
201 1.50671
202 1.50386
203 1.50105
204 1.49829
205 1.49558
206 1.4929
207 1.49027
208 1.48768
209 1.48514
210 1.48263
211 1.48017
212 1.47774
213 1.47535
214 1.473
215 1.47069
216 1.46842
217 1.46618
218 1.46398
219 1.46182
220 1.45969
221 1.45759
222 1.45553
223 1.45351
224 1.45152
225 1.44956
226 1.44763
227 1.44573
228 1.44387
229 1.44203
230 1.44023
231 1.43845
232 1.43671
233 1.435
234 1.43331
235 1.43165
236 1.43002
237 1.42842
238 1.42684
239 1.42529
240 1.42377
241 1.42227
242 1.4208
243 1.41935
244 1.41793
245 1.41653
246 1.41515
247 1.4138
248 1.41247
249 1.41117
250 1.40988
251 1.40862
252 1.40738
253 1.40617
254 1.40497
255 1.40379
256 1.40264
257 1.4015
258 1.40038
259 1.39929
260 1.39821
261 1.39715
262 1.39611
263 1.39509
264 1.39408
265 1.39309
266 1.39212
267 1.39117
268 1.39024
269 1.38932
270 1.38841
271 1.38753
272 1.38665
273 1.3858
274 1.38496
275 1.38413
276 1.38332
277 1.38252
278 1.38174
279 1.38097
280 1.38022
281 1.37947
282 1.37874
283 1.37803
284 1.37733
285 1.37664
286 1.37596
287 1.37529
288 1.37464
289 1.37399
290 1.37336
291 1.37274
292 1.37213
293 1.37154
294 1.37095
295 1.37037
296 1.36981
297 1.36925
298 1.3687
299 1.36817
300 1.36764
301 1.36712
302 1.36661
303 1.36611
304 1.36562
305 1.36514
306 1.36467
307 1.3642
308 1.36375
309 1.3633
310 1.36286
311 1.36242
312 1.362
313 1.36158
314 1.36117
315 1.36077
316 1.36037
317 1.35998
318 1.3596
319 1.35922
320 1.35885
321 1.35849
322 1.35813
323 1.35778
324 1.35744
325 1.3571
326 1.35676
327 1.35644
328 1.35611
329 1.3558
330 1.35549
331 1.35518
332 1.35488
333 1.35458
334 1.35429
335 1.354
336 1.35372
337 1.35344
338 1.35317
339 1.3529
340 1.35264
341 1.35238
342 1.35212
343 1.35187
344 1.35162
345 1.35138
346 1.35114
347 1.3509
348 1.35067
349 1.35044
350 1.35021
351 1.34999
352 1.34977
353 1.34956
354 1.34934
355 1.34913
356 1.34893
357 1.34872
358 1.34852
359 1.34832
360 1.34813
361 1.34793
362 1.34774
363 1.34756
364 1.34737
365 1.34719
366 1.34701
367 1.34683
368 1.34665
369 1.34648
370 1.34631
371 1.34614
372 1.34597
373 1.34581
374 1.34565
375 1.34548
376 1.34533
377 1.34517
378 1.34501
379 1.34486
380 1.34471
381 1.34456
382 1.34441
383 1.34426
384 1.34412
385 1.34397
386 1.34383
387 1.34369
388 1.34355
389 1.34341
390 1.34328
391 1.34314
392 1.34301
393 1.34288
394 1.34275
395 1.34262
396 1.34249
397 1.34236
398 1.34223
399 1.34211
400 1.34198
401 1.34186
402 1.34174
403 1.34162
404 1.3415
405 1.34138
406 1.34126
407 1.34115
408 1.34103
409 1.34091
410 1.3408
411 1.34069
412 1.34057
413 1.34046
414 1.34035
415 1.34024
416 1.34013
417 1.34002
418 1.33992
419 1.33981
420 1.3397
421 1.3396
422 1.33949
423 1.33939
424 1.33929
425 1.33918
426 1.33908
427 1.33898
428 1.33888
429 1.33878
430 1.33868
431 1.33858
432 1.33848
433 1.33839
434 1.33829
435 1.33819
436 1.3381
437 1.338
438 1.33791
439 1.33781
440 1.33772
441 1.33763
442 1.33753
443 1.33744
444 1.33735
445 1.33726
446 1.33717
447 1.33708
448 1.33699
449 1.3369
450 1.33681
451 1.33672
452 1.33663
453 1.33655
454 1.33646
455 1.33637
456 1.33629
457 1.3362
458 1.33611
459 1.33603
460 1.33595
461 1.33586
462 1.33578
463 1.33569
464 1.33561
465 1.33553
466 1.33545
467 1.33537
468 1.33528
469 1.3352
470 1.33512
471 1.33504
472 1.33496
473 1.33488
474 1.33481
475 1.33473
476 1.33465
477 1.33457
478 1.33449
479 1.33442
480 1.33434
481 1.33426
482 1.33419
483 1.33411
484 1.33403
485 1.33396
486 1.33389
487 1.33381
488 1.33374
489 1.33366
490 1.33359
491 1.33352
492 1.33344
493 1.33337
494 1.3333
495 1.33323
496 1.33316
497 1.33308
498 1.33301
499 1.33294
500 1.33287
501 1.3328
502 1.33273
503 1.33266
504 1.33259
505 1.33253
506 1.33246
507 1.33239
508 1.33232
509 1.33225
510 1.33219
511 1.33212
512 1.33205
513 1.33199
514 1.33192
515 1.33185
516 1.33179
517 1.33172
518 1.33166
519 1.33159
520 1.33153
521 1.33147
522 1.3314
523 1.33134
524 1.33127
525 1.33121
526 1.33115
527 1.33109
528 1.33102
529 1.33096
530 1.3309
531 1.33084
532 1.33078
533 1.33071
534 1.33065
535 1.33059
536 1.33053
537 1.33047
538 1.33041
539 1.33035
540 1.33029
541 1.33023
542 1.33017
543 1.33011
544 1.33006
545 1.33
546 1.32994
547 1.32988
548 1.32982
549 1.32977
550 1.32971
551 1.32965
552 1.32959
553 1.32954
554 1.32948
555 1.32942
556 1.32937
557 1.32931
558 1.32926
559 1.3292
560 1.32914
561 1.32909
562 1.32903
563 1.32898
564 1.32892
565 1.32887
566 1.32881
567 1.32876
568 1.3287
569 1.32865
570 1.3286
571 1.32854
572 1.32849
573 1.32844
574 1.32838
575 1.32833
576 1.32828
577 1.32822
578 1.32817
579 1.32812
580 1.32806
581 1.32801
582 1.32796
583 1.32791
584 1.32785
585 1.3278
586 1.32775
587 1.3277
588 1.32765
589 1.32759
590 1.32754
591 1.32749
592 1.32744
593 1.32739
594 1.32734
595 1.32729
596 1.32723
597 1.32718
598 1.32713
599 1.32708
600 1.32703
601 1.32698
602 1.32693
603 1.32688
604 1.32683
605 1.32678
606 1.32673
607 1.32667
608 1.32662
609 1.32657
610 1.32652
611 1.32647
612 1.32642
613 1.32637
614 1.32632
615 1.32627
616 1.32622
617 1.32617
618 1.32612
619 1.32607
620 1.32602
621 1.32597
622 1.32592
623 1.32587
624 1.32582
625 1.32577
626 1.32572
627 1.32566
628 1.32561
629 1.32556
630 1.32551
631 1.32546
632 1.32541
633 1.32536
634 1.32531
635 1.32526
636 1.32521
637 1.32516
638 1.32511
639 1.32505
640 1.325
641 1.32495
642 1.3249
643 1.32485
644 1.3248
645 1.32475
646 1.32469
647 1.32464
648 1.32459
649 1.32454
650 1.32449
651 1.32443
652 1.32438
653 1.32433
654 1.32428
655 1.32422
656 1.32417
657 1.32412
658 1.32406
659 1.32401
660 1.32396
661 1.3239
662 1.32385
663 1.3238
664 1.32374
665 1.32369
666 1.32364
667 1.32358
668 1.32353
669 1.32347
670 1.32342
671 1.32336
672 1.32331
673 1.32325
674 1.3232
675 1.32314
676 1.32308
677 1.32303
678 1.32297
679 1.32291
680 1.32286
681 1.3228
682 1.32274
683 1.32269
684 1.32263
685 1.32257
686 1.32251
687 1.32245
688 1.3224
689 1.32234
690 1.32228
691 1.32222
692 1.32216
693 1.3221
694 1.32204
695 1.32198
696 1.32192
697 1.32186
698 1.3218
699 1.32174
700 1.32168
701 1.32161
702 1.32155
703 1.32149
704 1.32143
705 1.32136
706 1.3213
707 1.32124
708 1.32117
709 1.32111
710 1.32105
711 1.32098
712 1.32092
713 1.32085
714 1.32079
715 1.32072
716 1.32065
717 1.32059
718 1.32052
719 1.32045
720 1.32039
721 1.32032
722 1.32025
723 1.32018
724 1.32011
725 1.32004
726 1.31998
727 1.31991
728 1.31984
729 1.31977
730 1.31969
731 1.31962
732 1.31955
733 1.31948
734 1.31941
735 1.31934
736 1.31926
737 1.31919
738 1.31912
739 1.31904
740 1.31897
741 1.31889
742 1.31882
743 1.31874
744 1.31867
745 1.31859
746 1.31851
747 1.31843
748 1.31836
749 1.31828
750 1.3182
751 1.31812
752 1.31804
753 1.31796
754 1.31788
755 1.3178
756 1.31772
757 1.31764
758 1.31756
759 1.31748
760 1.31739
761 1.31731
762 1.31723
763 1.31714
764 1.31706
765 1.31697
766 1.31689
767 1.3168
768 1.31672
769 1.31663
770 1.31654
771 1.31646
772 1.31637
773 1.31628
774 1.31619
775 1.3161
776 1.31601
777 1.31592
778 1.31583
779 1.31574
780 1.31565
781 1.31556
782 1.31546
783 1.31537
784 1.31528
785 1.31518
786 1.31509
787 1.31499
788 1.3149
789 1.3148
790 1.31471
791 1.31461
792 1.31451
793 1.31441
794 1.31431
795 1.31422
796 1.31412
797 1.31402
798 1.31392
799 1.31381
800 1.31371
801 1.31361
802 1.31351
803 1.3134
804 1.3133
805 1.3132
806 1.31309
807 1.31299
808 1.31288
809 1.31278
810 1.31267
811 1.31256
812 1.31245
813 1.31234
814 1.31224
815 1.31213
816 1.31202
817 1.31191
818 1.31179
819 1.31168
820 1.31157
821 1.31146
822 1.31135
823 1.31123
824 1.31112
825 1.311
826 1.31089
827 1.31077
828 1.31065
829 1.31054
830 1.31042
831 1.3103
832 1.31018
833 1.31006
834 1.30994
835 1.30982
836 1.3097
837 1.30958
838 1.30946
839 1.30934
840 1.30921
841 1.30909
842 1.30896
843 1.30884
844 1.30871
845 1.30859
846 1.30846
847 1.30833
848 1.30821
849 1.30808
850 1.30795
851 1.30782
852 1.30769
853 1.30756
854 1.30743
855 1.3073
856 1.30716
857 1.30703
858 1.3069
859 1.30676
860 1.30663
861 1.30649
862 1.30636
863 1.30622
864 1.30609
865 1.30595
866 1.30581
867 1.30567
868 1.30553
869 1.30539
870 1.30525
871 1.30511
872 1.30497
873 1.30483
874 1.30469
875 1.30454
876 1.3044
877 1.30425
878 1.30411
879 1.30396
880 1.30382
881 1.30367
882 1.30352
883 1.30337
884 1.30323
885 1.30308
886 1.30293
887 1.30278
888 1.30263
889 1.30248
890 1.30232
891 1.30217
892 1.30202
893 1.30186
894 1.30171
895 1.30155
896 1.3014
897 1.30124
898 1.30109
899 1.30093
900 1.30077
901 1.30061
902 1.30045
903 1.3003
904 1.30014
905 1.29997
906 1.29981
907 1.29965
908 1.29949
909 1.29933
910 1.29916
911 1.299
912 1.29883
913 1.29867
914 1.2985
915 1.29834
916 1.29817
917 1.298
918 1.29783
919 1.29767
920 1.2975
921 1.29733
922 1.29716
923 1.29699
924 1.29681
925 1.29664
926 1.29647
927 1.2963
928 1.29612
929 1.29595
930 1.29577
931 1.2956
932 1.29542
933 1.29525
934 1.29507
935 1.29489
936 1.29471
937 1.29454
938 1.29436
939 1.29418
940 1.294
941 1.29382
942 1.29363
943 1.29345
944 1.29327
945 1.29309
946 1.2929
947 1.29272
948 1.29253
949 1.29235
950 1.29216
951 1.29198
952 1.29179
953 1.2916
954 1.29142
955 1.29123
956 1.29104
957 1.29085
958 1.29066
959 1.29047
960 1.29028
961 1.29009
962 1.28989
963 1.2897
964 1.28951
965 1.28931
966 1.28912
967 1.28893
968 1.28873
969 1.28853
970 1.28834
971 1.28814
972 1.28794
973 1.28775
974 1.28755
975 1.28735
976 1.28715
977 1.28695
978 1.28675
979 1.28655
980 1.28635
981 1.28615
982 1.28595
983 1.28574
984 1.28554
985 1.28534
986 1.28513
987 1.28493
988 1.28472
989 1.28452
990 1.28431
991 1.2841
992 1.2839
993 1.28369
994 1.28348
995 1.28327
996 1.28306
997 1.28285
998 1.28265
999 1.28243
1000 1.28222
1001 1.28201
1002 1.2818
1003 1.28159
1004 1.28138
1005 1.28116
1006 1.28095
1007 1.28074
1008 1.28052
1009 1.28031
1010 1.28009
1011 1.27988
1012 1.27966
1013 1.27944
1014 1.27923
1015 1.27901
1016 1.27879
1017 1.27857
1018 1.27835
1019 1.27813
1020 1.27792
1021 1.2777
1022 1.27748
1023 1.27725
1024 1.27703
1025 1.27681
1026 1.27659
1027 1.27637
1028 1.27614
1029 1.27592
1030 1.2757
1031 1.27547
1032 1.27525
1033 1.27502
1034 1.2748
1035 1.27457
1036 1.27435
1037 1.27412
1038 1.27389
1039 1.27367
1040 1.27344
1041 1.27321
1042 1.27298
1043 1.27275
1044 1.27252
1045 1.27229
1046 1.27206
1047 1.27183
1048 1.2716
1049 1.27137
1050 1.27114
1051 1.27091
1052 1.27068
1053 1.27044
1054 1.27021
1055 1.26998
1056 1.26975
1057 1.26951
1058 1.26928
1059 1.26904
1060 1.26881
1061 1.26857
1062 1.26834
1063 1.2681
1064 1.26787
1065 1.26763
1066 1.26739
1067 1.26715
1068 1.26692
1069 1.26668
1070 1.26644
1071 1.2662
1072 1.26596
1073 1.26572
1074 1.26549
1075 1.26525
1076 1.26501
1077 1.26477
1078 1.26452
1079 1.26428
1080 1.26404
1081 1.2638
1082 1.26356
1083 1.26332
1084 1.26307
1085 1.26283
1086 1.26259
1087 1.26235
1088 1.2621
1089 1.26186
1090 1.26161
1091 1.26137
1092 1.26112
1093 1.26088
1094 1.26063
1095 1.26039
1096 1.26014
1097 1.2599
1098 1.25965
1099 1.2594
1100 1.25916
1101 1.25891
1102 1.25866
1103 1.25842
1104 1.25817
1105 1.25792
1106 1.25767
1107 1.25742
1108 1.25717
1109 1.25693
1110 1.25668
1111 1.25643
1112 1.25618
1113 1.25593
1114 1.25568
1115 1.25543
1116 1.25518
1117 1.25493
1118 1.25467
1119 1.25442
1120 1.25417
1121 1.25392
1122 1.25367
1123 1.25342
1124 1.25316
1125 1.25291
1126 1.25266
1127 1.25241
1128 1.25215
1129 1.2519
1130 1.25165
1131 1.25139
1132 1.25114
1133 1.25088
1134 1.25063
1135 1.25038
1136 1.25012
1137 1.24987
1138 1.24961
1139 1.24936
1140 1.2491
1141 1.24885
1142 1.24859
1143 1.24833
1144 1.24808
1145 1.24782
1146 1.24757
1147 1.24731
1148 1.24705
1149 1.2468
1150 1.24654
1151 1.24628
1152 1.24603
1153 1.24577
1154 1.24551
1155 1.24525
1156 1.24499
1157 1.24474
1158 1.24448
1159 1.24422
1160 1.24396
1161 1.2437
1162 1.24345
1163 1.24319
1164 1.24293
1165 1.24267
1166 1.24241
1167 1.24215
1168 1.24189
1169 1.24163
1170 1.24137
1171 1.24111
1172 1.24085
1173 1.24059
1174 1.24033
1175 1.24007
1176 1.23981
1177 1.23955
1178 1.23929
1179 1.23903
1180 1.23877
1181 1.23851
1182 1.23825
1183 1.23799
1184 1.23773
1185 1.23747
1186 1.23721
1187 1.23695
1188 1.23669
1189 1.23643
1190 1.23616
1191 1.2359
1192 1.23564
1193 1.23538
1194 1.23512
1195 1.23486
1196 1.2346
1197 1.23433
1198 1.23407
1199 1.23381
1200 1.23355
1201 1.23329
1202 1.23303
1203 1.23276
1204 1.2325
1205 1.23224
1206 1.23198
1207 1.23171
1208 1.23145
1209 1.23119
1210 1.23093
1211 1.23067
1212 1.2304
1213 1.23014
1214 1.22988
1215 1.22962
1216 1.22935
1217 1.22909
1218 1.22883
1219 1.22857
1220 1.2283
1221 1.22804
1222 1.22778
1223 1.22752
1224 1.22725
1225 1.22699
1226 1.22673
1227 1.22647
1228 1.2262
1229 1.22594
1230 1.22568
1231 1.22542
1232 1.22515
1233 1.22489
1234 1.22463
1235 1.22437
1236 1.2241
1237 1.22384
1238 1.22358
1239 1.22331
1240 1.22305
1241 1.22279
1242 1.22253
1243 1.22226
1244 1.222
1245 1.22174
1246 1.22148
1247 1.22122
1248 1.22095
1249 1.22069
1250 1.22043
1251 1.22017
1252 1.2199
1253 1.21964
1254 1.21938
1255 1.21912
1256 1.21886
1257 1.21859
1258 1.21833
1259 1.21807
1260 1.21781
1261 1.21755
1262 1.21728
1263 1.21702
1264 1.21676
1265 1.2165
1266 1.21624
1267 1.21598
1268 1.21571
1269 1.21545
1270 1.21519
1271 1.21493
1272 1.21467
1273 1.21441
1274 1.21415
1275 1.21389
1276 1.21362
1277 1.21336
1278 1.2131
1279 1.21284
1280 1.21258
1281 1.21232
1282 1.21206
1283 1.2118
1284 1.21154
1285 1.21128
1286 1.21102
1287 1.21076
1288 1.2105
1289 1.21024
1290 1.20998
1291 1.20972
1292 1.20946
1293 1.2092
1294 1.20894
1295 1.20868
1296 1.20842
1297 1.20816
1298 1.2079
1299 1.20764
1300 1.20739
1301 1.20713
1302 1.20687
1303 1.20661
1304 1.20635
1305 1.20609
1306 1.20583
1307 1.20558
1308 1.20532
1309 1.20506
1310 1.2048
1311 1.20455
1312 1.20429
1313 1.20403
1314 1.20377
1315 1.20352
1316 1.20326
1317 1.203
1318 1.20274
1319 1.20249
1320 1.20223
1321 1.20197
1322 1.20172
1323 1.20146
1324 1.20121
1325 1.20095
1326 1.20069
1327 1.20044
1328 1.20018
1329 1.19993
1330 1.19967
1331 1.19942
1332 1.19916
1333 1.19891
1334 1.19865
1335 1.1984
1336 1.19814
1337 1.19789
1338 1.19763
1339 1.19738
1340 1.19713
1341 1.19687
1342 1.19662
1343 1.19636
1344 1.19611
1345 1.19586
1346 1.1956
1347 1.19535
1348 1.1951
1349 1.19485
1350 1.19459
1351 1.19434
1352 1.19409
1353 1.19384
1354 1.19359
1355 1.19333
1356 1.19308
1357 1.19283
1358 1.19258
1359 1.19233
1360 1.19208
1361 1.19183
1362 1.19158
1363 1.19133
1364 1.19108
1365 1.19083
1366 1.19058
1367 1.19033
1368 1.19008
1369 1.18983
1370 1.18958
1371 1.18933
1372 1.18908
1373 1.18883
1374 1.18858
1375 1.18834
1376 1.18809
1377 1.18784
1378 1.18759
1379 1.18734
1380 1.1871
1381 1.18685
1382 1.1866
1383 1.18635
1384 1.18611
1385 1.18586
1386 1.18562
1387 1.18537
1388 1.18512
1389 1.18488
1390 1.18463
1391 1.18439
1392 1.18414
1393 1.1839
1394 1.18365
1395 1.18341
1396 1.18316
1397 1.18292
1398 1.18267
1399 1.18243
1400 1.18219
1401 1.18194
1402 1.1817
1403 1.18146
1404 1.18121
1405 1.18097
1406 1.18073
1407 1.18049
1408 1.18024
1409 1.18
1410 1.17976
1411 1.17952
1412 1.17928
1413 1.17904
1414 1.1788
1415 1.17855
1416 1.17831
1417 1.17807
1418 1.17783
1419 1.17759
1420 1.17735
1421 1.17711
1422 1.17688
1423 1.17664
1424 1.1764
1425 1.17616
1426 1.17592
1427 1.17568
1428 1.17544
1429 1.17521
1430 1.17497
1431 1.17473
1432 1.17449
1433 1.17426
1434 1.17402
1435 1.17378
1436 1.17355
1437 1.17331
1438 1.17308
1439 1.17284
1440 1.1726
1441 1.17237
1442 1.17213
1443 1.1719
1444 1.17167
1445 1.17143
1446 1.1712
1447 1.17096
1448 1.17073
1449 1.1705
1450 1.17026
1451 1.17003
1452 1.1698
1453 1.16956
1454 1.16933
1455 1.1691
1456 1.16887
1457 1.16864
1458 1.1684
1459 1.16817
1460 1.16794
1461 1.16771
1462 1.16748
1463 1.16725
1464 1.16702
1465 1.16679
1466 1.16656
1467 1.16633
1468 1.1661
1469 1.16587
1470 1.16564
1471 1.16542
1472 1.16519
1473 1.16496
1474 1.16473
1475 1.1645
1476 1.16428
1477 1.16405
1478 1.16382
1479 1.1636
1480 1.16337
1481 1.16314
1482 1.16292
1483 1.16269
1484 1.16247
1485 1.16224
1486 1.16202
1487 1.16179
1488 1.16157
1489 1.16134
1490 1.16112
1491 1.16089
1492 1.16067
1493 1.16045
1494 1.16022
1495 1.16
1496 1.15978
1497 1.15956
1498 1.15933
1499 1.15911
1500 1.15889
1501 1.15867
1502 1.15845
1503 1.15823
1504 1.15801
1505 1.15779
1506 1.15757
1507 1.15735
1508 1.15713
1509 1.15691
1510 1.15669
1511 1.15647
1512 1.15625
1513 1.15603
1514 1.15581
1515 1.15559
1516 1.15538
1517 1.15516
1518 1.15494
1519 1.15472
1520 1.15451
1521 1.15429
1522 1.15407
1523 1.15386
1524 1.15364
1525 1.15343
1526 1.15321
1527 1.153
1528 1.15278
1529 1.15257
1530 1.15235
1531 1.15214
1532 1.15192
1533 1.15171
1534 1.1515
1535 1.15128
1536 1.15107
1537 1.15086
1538 1.15064
1539 1.15043
1540 1.15022
1541 1.15001
1542 1.1498
1543 1.14959
1544 1.14937
1545 1.14916
1546 1.14895
1547 1.14874
1548 1.14853
1549 1.14832
1550 1.14811
1551 1.1479
1552 1.1477
1553 1.14749
1554 1.14728
1555 1.14707
1556 1.14686
1557 1.14665
1558 1.14645
1559 1.14624
1560 1.14603
1561 1.14583
1562 1.14562
1563 1.14541
1564 1.14521
1565 1.145
1566 1.1448
1567 1.14459
1568 1.14438
1569 1.14418
1570 1.14398
1571 1.14377
1572 1.14357
1573 1.14336
1574 1.14316
1575 1.14296
1576 1.14275
1577 1.14255
1578 1.14235
1579 1.14215
1580 1.14194
1581 1.14174
1582 1.14154
1583 1.14134
1584 1.14114
1585 1.14094
1586 1.14074
1587 1.14054
1588 1.14034
1589 1.14014
1590 1.13994
1591 1.13974
1592 1.13954
1593 1.13934
1594 1.13914
1595 1.13894
1596 1.13874
1597 1.13855
1598 1.13835
1599 1.13815
1600 1.13795
1601 1.13776
1602 1.13756
1603 1.13736
1604 1.13717
1605 1.13697
1606 1.13678
1607 1.13658
1608 1.13639
1609 1.13619
1610 1.136
1611 1.1358
1612 1.13561
1613 1.13542
1614 1.13522
1615 1.13503
1616 1.13484
1617 1.13464
1618 1.13445
1619 1.13426
1620 1.13407
1621 1.13387
1622 1.13368
1623 1.13349
1624 1.1333
1625 1.13311
1626 1.13292
1627 1.13273
1628 1.13254
1629 1.13235
1630 1.13216
1631 1.13197
1632 1.13178
1633 1.13159
1634 1.1314
1635 1.13121
1636 1.13103
1637 1.13084
1638 1.13065
1639 1.13046
1640 1.13028
1641 1.13009
1642 1.1299
1643 1.12972
1644 1.12953
1645 1.12934
1646 1.12916
1647 1.12897
1648 1.12879
1649 1.1286
1650 1.12842
1651 1.12823
1652 1.12805
1653 1.12787
1654 1.12768
1655 1.1275
1656 1.12732
1657 1.12713
1658 1.12695
1659 1.12677
1660 1.12659
1661 1.1264
1662 1.12622
1663 1.12604
1664 1.12586
1665 1.12568
1666 1.1255
1667 1.12532
1668 1.12514
1669 1.12496
1670 1.12478
1671 1.1246
1672 1.12442
1673 1.12424
1674 1.12406
1675 1.12388
1676 1.1237
1677 1.12353
1678 1.12335
1679 1.12317
1680 1.12299
1681 1.12282
1682 1.12264
1683 1.12246
1684 1.12229
1685 1.12211
1686 1.12193
1687 1.12176
1688 1.12158
1689 1.12141
1690 1.12123
1691 1.12106
1692 1.12088
1693 1.12071
1694 1.12054
1695 1.12036
1696 1.12019
1697 1.12002
1698 1.11984
1699 1.11967
1700 1.1195
1701 1.11933
1702 1.11915
1703 1.11898
1704 1.11881
1705 1.11864
1706 1.11847
1707 1.1183
1708 1.11813
1709 1.11796
1710 1.11779
1711 1.11762
1712 1.11745
1713 1.11728
1714 1.11711
1715 1.11694
1716 1.11677
1717 1.1166
1718 1.11643
1719 1.11627
1720 1.1161
1721 1.11593
1722 1.11576
1723 1.1156
1724 1.11543
1725 1.11526
1726 1.1151
1727 1.11493
1728 1.11477
1729 1.1146
1730 1.11443
1731 1.11427
1732 1.1141
1733 1.11394
1734 1.11378
1735 1.11361
1736 1.11345
1737 1.11328
1738 1.11312
1739 1.11296
1740 1.11279
1741 1.11263
1742 1.11247
1743 1.11231
1744 1.11214
1745 1.11198
1746 1.11182
1747 1.11166
1748 1.1115
1749 1.11134
1750 1.11118
1751 1.11102
1752 1.11086
1753 1.1107
1754 1.11054
1755 1.11038
1756 1.11022
1757 1.11006
1758 1.1099
1759 1.10974
1760 1.10958
1761 1.10942
1762 1.10927
1763 1.10911
1764 1.10895
1765 1.10879
1766 1.10864
1767 1.10848
1768 1.10832
1769 1.10817
1770 1.10801
1771 1.10786
1772 1.1077
1773 1.10754
1774 1.10739
1775 1.10723
1776 1.10708
1777 1.10692
1778 1.10677
1779 1.10662
1780 1.10646
1781 1.10631
1782 1.10616
1783 1.106
1784 1.10585
1785 1.1057
1786 1.10554
1787 1.10539
1788 1.10524
1789 1.10509
1790 1.10494
1791 1.10478
1792 1.10463
1793 1.10448
1794 1.10433
1795 1.10418
1796 1.10403
1797 1.10388
1798 1.10373
1799 1.10358
1800 1.10343
1801 1.10328
1802 1.10313
1803 1.10299
1804 1.10284
1805 1.10269
1806 1.10254
1807 1.10239
1808 1.10224
1809 1.1021
1810 1.10195
1811 1.1018
1812 1.10166
1813 1.10151
1814 1.10136
1815 1.10122
1816 1.10107
1817 1.10093
1818 1.10078
1819 1.10064
1820 1.10049
1821 1.10035
1822 1.1002
1823 1.10006
1824 1.09991
1825 1.09977
1826 1.09962
1827 1.09948
1828 1.09934
1829 1.09919
1830 1.09905
1831 1.09891
1832 1.09877
1833 1.09862
1834 1.09848
1835 1.09834
1836 1.0982
1837 1.09806
1838 1.09792
1839 1.09778
1840 1.09763
1841 1.09749
1842 1.09735
1843 1.09721
1844 1.09707
1845 1.09693
1846 1.09679
1847 1.09665
1848 1.09652
1849 1.09638
1850 1.09624
1851 1.0961
1852 1.09596
1853 1.09582
1854 1.09569
1855 1.09555
1856 1.09541
1857 1.09527
1858 1.09514
1859 1.095
1860 1.09486
1861 1.09473
1862 1.09459
1863 1.09445
1864 1.09432
1865 1.09418
1866 1.09405
1867 1.09391
1868 1.09378
1869 1.09364
1870 1.09351
1871 1.09337
1872 1.09324
1873 1.09311
1874 1.09297
1875 1.09284
1876 1.0927
1877 1.09257
1878 1.09244
1879 1.09231
1880 1.09217
1881 1.09204
1882 1.09191
1883 1.09178
1884 1.09165
1885 1.09151
1886 1.09138
1887 1.09125
1888 1.09112
1889 1.09099
1890 1.09086
1891 1.09073
1892 1.0906
1893 1.09047
1894 1.09034
1895 1.09021
1896 1.09008
1897 1.08995
1898 1.08982
1899 1.08969
1900 1.08956
1901 1.08944
1902 1.08931
1903 1.08918
1904 1.08905
1905 1.08892
1906 1.0888
1907 1.08867
1908 1.08854
1909 1.08842
1910 1.08829
1911 1.08816
1912 1.08804
1913 1.08791
1914 1.08778
1915 1.08766
1916 1.08753
1917 1.08741
1918 1.08728
1919 1.08716
1920 1.08703
1921 1.08691
1922 1.08678
1923 1.08666
1924 1.08654
1925 1.08641
1926 1.08629
1927 1.08617
1928 1.08604
1929 1.08592
1930 1.0858
1931 1.08567
1932 1.08555
1933 1.08543
1934 1.08531
1935 1.08519
1936 1.08506
1937 1.08494
1938 1.08482
1939 1.0847
1940 1.08458
1941 1.08446
1942 1.08434
1943 1.08422
1944 1.0841
1945 1.08398
1946 1.08386
1947 1.08374
1948 1.08362
1949 1.0835
1950 1.08338
1951 1.08326
1952 1.08314
1953 1.08302
1954 1.0829
1955 1.08279
1956 1.08267
1957 1.08255
1958 1.08243
1959 1.08232
1960 1.0822
1961 1.08208
1962 1.08196
1963 1.08185
1964 1.08173
1965 1.08161
1966 1.0815
1967 1.08138
1968 1.08127
1969 1.08115
1970 1.08104
1971 1.08092
1972 1.08081
1973 1.08069
1974 1.08058
1975 1.08046
1976 1.08035
1977 1.08023
1978 1.08012
1979 1.08
1980 1.07989
1981 1.07978
1982 1.07966
1983 1.07955
1984 1.07944
1985 1.07932
1986 1.07921
1987 1.0791
1988 1.07899
1989 1.07887
1990 1.07876
1991 1.07865
1992 1.07854
1993 1.07843
1994 1.07832
1995 1.07821
1996 1.07809
1997 1.07798
1998 1.07787
1999 1.07776
