# RVDC U1 t0 parameters 
2644 2947.1 2947.1 2947.1 2947.1 2947.1 2947.1 2947.1 
2947.1 2947.1 2947.1 2947.1 2947.1 2947.1 2947.1 2947.1 
2947.1 2944 2944 2944 2944 2944 2944 2944 
2944 2944 2944 2944 2944 2944 2944 2616.5 
2629.5 2612.5 2609.17 2622.5 2637.5 2628.17 2636 2630.7 
2631.5 2633.36 2639 2630.75 2636.5 2637.17 2640.7 2639.64 
2635.75 2639.17 2639.7 2637.5 2638.5 2636.5 2642 2639.5 
2636.93 2636.7 2639.5 2636.77 2636.83 2637.17 2619.5 2635.61 
2640.72 2636.07 2638 2637.83 2640.83 2636 2639.5 2641.93 
2637.75 2641.07 2640.3 2639.5 2635.3 2644.17 2636.5 2635.17 
2639.25 2631.81 2635.5 2635.3 2637.5 2636.7 2636.75 2633.83 
2633.17 2630.36 2635.5 2638.7 2637.9 2633.7 2629.9 2633.67 
2641.94 2638.83 2640.36 2636 2640.14 2637 2640.3 2640.73 
2640.9 2636.81 2643.17 2638.7 2639 2636.83 2636.81 2642.79 
2642.17 2640.17 2642.94 2634.86 2640.83 2644.1 2641.5 2640.93 
2637.94 2637.14 2640.93 2640.83 2637.83 2642.83 2641.25 2635.3 
2643.5 2642.75 2644.25 2641.5 2641.67 2642.5 2642.5 2644.5 
2641.5 2644.5 2644.5 2638.33 2640.5 2643.5 2642.72 2642.32 
2641.26 2642.83 2647 2641.5 2641.5 2638.9 2645.12 2642.9 
2642.3 2637.5 2640.07 2636.5 2644.5 2641.83 2644.5 2641.06 
2645.17 2639.7 2642.5 2640.1 2643.79 2646.19 2646.83 2642.9 
2648.5 2644.72 2644.7 2643.58 2643 2645.1 2645.67 2645.5 
2649.75 2644.72 2645.5 2643.5 2648 2644.21 2646.67 2645.7 
2644.5 2639.5 2643.5 2641.68 2644.17 2640 2640.9 2641.28 
2645.3 2639.67 2648.21 2637.39 2644.75 2646.05 2641.67 2647.95 
2648.17 2647.5 2645.88 2644.5 2646.17 2645.5 2642.1 2643.5 
2643.14 2646.25 2644.59 2642.5 2644.64 2641.23 2647.67 2642.3 
2644.33 2640.73 2641.5 2643.07 2642.63 2643.94 2642.05 2640.32 
2642.5 2637.59 2645.7 2643.5 2648.23 2643.06 2641.61 2641.83 
2643.79 2644.83 2639.5 2646.5 2643.7 2643.03 2644.93 2639.37 
2648.9 2640.28 2641 2638.86 2638.1 2640.95 2642.37 2642.1 
2643.25 2641.5 2644.04 2646.36 2641.21 2639.5 2640.3 2639.83 
2651.5 2645.65 2648.75 2647.06 2648.83 2646.17 2649.5 2644.33 
2645.17 2649.83 2647.7 2647.14 2646.1 2644.33 2650.1 2638.7 
2640.83 2641.36 2647.77 2642.64 2643.77 2638.98 2646.19 2648.17 
2644.59 2642.57 2645.3 2640 2643.41 2644.5 2638.32 2637.5 
2649.07 2649.5 2646 2647.5 2643.83 2648.5 2642.1 2640.81 
2646.28 2643.5 2647.17 2646.64 2650.06 2646.25 2647.75 2651.5 
2645.42 2649.17 2653.07 2644.36 2646 2644.93 2647.79 2650.17 
2633.7 2644.25 2638.3 2612.1 2649.5 2647.7 2642.17 2642.17 
2646.5 2642.9 2652.5 2646 2641.5 2625.5 2640.83 2622 
2615.5 2644.17 2945.8 2945.8 2945.8 2945.8 2945.8 2945.8 
2945.8 2945 2945 2945 2945 2945 2945 2945 
2945 2945 2945 2945 2945 2945 2945 2945 
2945 2945 2945 2945 2945 2945 2945 2945 
2945 2945 2945 2945 2945 2945 2945 2945 
# RVDC U2 t0 parameters 
2634.6 2934.9 2934.9 2934.9 2934.9 2934.9 2934.9 2934.9 
2934.9 2934.9 2934.9 2934.9 2934.9 2934.9 2934.9 2934.9 
2934.9 2930.4 2930.4 2930.4 2620.17 2604.17 2624.83 2615.5 
2618.83 2619.83 2622.5 2626.3 2615 2612.3 2628.9 2629 
2628.5 2631 2633 2626.83 2625.17 2628.7 2631.72 2631.39 
2623.5 2635 2627.72 2624.79 2630.83 2633.5 2632.9 2629.17 
2632.5 2617.05 2626.5 2622.17 2633.5 2630.36 2626.7 2629.1 
2627.17 2627.72 2630.36 2627.83 2623.9 2628.17 2624.83 2623.28 
2627.5 2623.5 2627.83 2626.5 2624.07 2628 2627.5 2626.72 
2629.28 2626.41 2628.33 2627.93 2628.5 2626.83 2628.27 2622.64 
2627.5 2630.3 2633 2635.5 2628.79 2626.5 2628.72 2627.5 
2628.5 2623.36 2627.61 2628.25 2625.94 2625.64 2619.5 2621.5 
2632.75 2631.28 2632.72 2631.93 2633.83 2632.64 2633 2631.5 
2635.9 2633.25 2630.83 2627.5 2635.61 2632.21 2640.5 2629.5 
2630.38 2630.9 2634.83 2635.59 2637.5 2632.25 2634.3 2636.5 
2630.83 2631.5 2636.94 2628.61 2634.9 2632.04 2633.28 2630.39 
2635.25 2628.5 2637.17 2632.39 2630.83 2633.17 2637.17 2632.88 
2635.5 2634.5 2628.64 2632.5 2635.21 2633.25 2631.39 2629.06 
2637.21 2635.5 2639.25 2637.86 2638.83 2636.83 2631.28 2634.5 
2635.07 2636.3 2635.5 2633.5 2629.9 2637.17 2636.1 2632.5 
2633.5 2632.88 2635.5 2632.9 2638.5 2631.32 2634.59 2633.5 
2631.14 2636.5 2634.5 2641.25 2632.61 2631.59 2634.28 2633.17 
2637.25 2633.88 2636.67 2637.83 2639.06 2633.9 2639.5 2640.7 
2635.83 2628.58 2633.25 2630.77 2629.83 2631.5 2636.1 2629.23 
2634.21 2632.9 2632.94 2629.72 2636.19 2638.83 2632.72 2631.39 
2631 2635.61 2631.5 2635.1 2626.93 2628.7 2633.9 2636.5 
2638.3 2635.5 2640.42 2627.88 2633.1 2632.25 2635.5 2639.7 
2629.23 2631.58 2632.25 2634.5 2633.36 2632.17 2633.17 2632.5 
2640.5 2633.33 2636.65 2635.3 2635.68 2635.41 2632.59 2635.38 
2635.39 2632.65 2636.5 2640 2633.33 2631.75 2633.59 2635.9 
2632.5 2632.68 2631 2632.72 2631.5 2631.59 2633.83 2635.9 
2631.1 2633.68 2627.68 2635.23 2628.57 2636.25 2631.88 2632.14 
2637.32 2642.36 2636.7 2636.39 2636.23 2637.61 2638.3 2639.79 
2638.5 2631.59 2641.39 2637.61 2635.1 2635.81 2634.1 2630.96 
2637.68 2632.5 2638.37 2643.17 2636.3 2634.17 2634.5 2641.14 
2635.12 2625.75 2635.59 2632.93 2631.32 2635.7 2632.77 2631.17 
2645.28 2639 2638.5 2635.58 2638.05 2642.39 2647.07 2641.68 
2641.75 2640.5 2643.5 2643.5 2640 2646 2640.57 2640.17 
2641.5 2641.75 2639.23 2636.07 2641.5 2642.77 2641 2641 
2641.17 2641.17 2639.7 2645.5 2641.21 2636.28 2634.72 2641.7 
2642.83 2642.5 2636.5 2638.07 2643.93 2636.25 2643.5 2637.93 
2626.3 2639.5 2638.17 2640.5 2640.3 2641.9 2637 2621.7 
2607.9 2622.1 2638.5 2624.5 2643 2638 2616.5 2610.17 
2634.5 2943.2 2943.2 2943.2 2943.2 2943.2 2943.2 2943.2 
2943.2 2943.2 2943.2 2943.2 2943.2 2943.2 2943.2 2943.2 
2943.2 2943.2 2943.2 2943.2 2943.2 2943.2 2943.2 2943.2 
# RVDC V1 t0 parameters 
2649.3 2943.8 2943.8 2943.8 2943.8 2943.8 2943.8 2943.8 
2943.8 2943.8 2943.8 2943.8 2943.8 2943.8 2943.8 2943.8 
2943.8 2943.4 2943.4 2943.4 2943.4 2943.4 2943.4 2943.4 
2943.4 2943.4 2622.83 2943.4 2643.17 2943.4 2943.4 2641 
2630.83 2639.17 2643 2643.83 2614.17 2639.93 2646.1 2647.17 
2639.79 2642.5 2646.17 2633.25 2644.1 2643.93 2640.17 2641.5 
2640.5 2645.36 2648.83 2638.7 2645.9 2648.36 2645.25 2614.3 
2648.83 2640.75 2647.36 2644.07 2644.5 2642.72 2643.25 2638.83 
2648.9 2648.9 2646.39 2641.68 2651.75 2639 2645.5 2646.17 
2642.5 2642.25 2644.5 2643.7 2648.17 2642.06 2638.41 2638.93 
2649.79 2639.94 2645.25 2642.95 2639.58 2642.62 2640.1 2642.58 
2642.21 2642.93 2640.17 2637.33 2644.25 2645.36 2639.83 2639.23 
2644.7 2642 2645.83 2645.61 2643.05 2633.73 2650.17 2646.68 
2645.07 2642.9 2644 2646.36 2639.83 2648.28 2642.9 2644.67 
2651.25 2642 2645.1 2646.25 2648 2641.5 2646.07 2644.61 
2644.75 2642.14 2641.7 2644.17 2640.1 2647.64 2643.77 2642.17 
2651.17 2643.64 2645.14 2646.5 2642.17 2643.64 2645.3 2643.9 
2647 2646.7 2646 2646.83 2647.72 2644.5 2645.61 2649.96 
2644.5 2642.64 2646.39 2646.5 2645.75 2643.5 2642.59 2646.1 
2642.3 2643.05 2642.39 2643.73 2643.75 2645.12 2644.17 2645.3 
2648.25 2643.25 2645.21 2646.3 2649.25 2646.72 2645.5 2644.64 
2649.36 2644.5 2649.39 2647 2649.75 2643.5 2651.1 2646.14 
2648.05 2647.1 2650.25 2652.5 2649.1 2643.9 2648.5 2646.12 
2646.75 2639.75 2642.9 2644.7 2643 2641.73 2643.9 2642.3 
2650.79 2646.9 2650.7 2646.63 2646.7 2646 2649.93 2652.21 
2650.79 2648.83 2648.5 2648.39 2643.67 2651.5 2649.5 2647.32 
2648.9 2644.17 2649.05 2647.5 2652.17 2650.1 2645.83 2645.61 
2643.95 2643.37 2650.05 2645.04 2643.14 2642.67 2646.5 2647.25 
2649.1 2643.05 2644.3 2646.15 2650.9 2645.9 2652 2644.88 
2648.07 2646.38 2645.73 2647 2642.83 2643.41 2646.59 2647.33 
2647.65 2644.27 2641.95 2646.5 2647.33 2647.93 2647.95 2650.93 
2645.12 2644.97 2644.68 2643.38 2646.38 2642.5 2648.79 2644.03 
2650.7 2645.32 2645.05 2646.88 2652.17 2649.25 2652.61 2646.61 
2648.72 2648.81 2648.81 2650.7 2643.67 2653.5 2644.56 2644.3 
2645.88 2642.64 2645.05 2645.62 2643.1 2644.5 2645.41 2649.83 
2644.1 2646.77 2645.95 2644.61 2644.5 2643.83 2646.59 2641.94 
2651.86 2629.5 2644.83 2653.7 2649.5 2651.68 2651.32 2652.06 
2646.7 2646.5 2643.5 2643.9 2632.83 2635.3 2657.83 2651.28 
2651.72 2645.75 2648 2649 2627.9 2655.9 2647.17 2633.7 
2647.17 2646.3 2644.5 2653.5 2643.1 2651 2641.9 2617.3 
2648.3 2645.3 2637.17 2650.9 2619.83 2622.83 2646 2640.5 
2625.5 2643.83 2954.4 2954.4 2954.4 2954.4 2954.4 2954.4 
2954.4 2952.5 2952.5 2952.5 2952.5 2952.5 2952.5 2952.5 
2952.5 2952.5 2952.5 2952.5 2952.5 2952.5 2952.5 2952.5 
2952.5 2952.5 2952.5 2952.5 2952.5 2952.5 2952.5 2952.5 
2952.5 2952.5 2952.5 2952.5 2952.5 2952.5 2952.5 2952.5 
# RVDC V2 t0 parameters 
2652.7 2945.8 2945.8 2945.8 2945.8 2945.8 2945.8 2945.8 
2945.8 2945.8 2945.8 2945.8 2945.8 2945.8 2945.8 2945.8 
2945.8 2613.5 2624.17 2629.5 2609.17 2623 2609.17 2645.5 
2621.5 2638.5 2639.5 2641.5 2647 2613.21 2638.5 2631.7 
2642.64 2640.5 2648.17 2645 2643.5 2643.7 2645.83 2641.3 
2642.9 2635.25 2643.64 2641.94 2640.9 2643.36 2644 2643.1 
2644.7 2645.5 2633.3 2641.5 2641.94 2644.25 2646 2641.67 
2641.28 2636.41 2640.7 2643.1 2646.36 2641.93 2638.5 2639.83 
2638.5 2643.83 2644.5 2643.5 2640.75 2645.64 2643.7 2644.07 
2640.3 2642.93 2642.07 2641.42 2643.25 2636.75 2644.75 2638.5 
2636.9 2641.41 2642.5 2641.7 2638.17 2641.67 2645.75 2640.93 
2635.9 2636.75 2637.68 2635.07 2641 2641.83 2634.5 2638.17 
2644.1 2638.93 2641.36 2643.25 2642.21 2644.17 2642.61 2643.5 
2644.17 2645.25 2640.5 2641.93 2642.06 2646.5 2641.88 2646.5 
2641.79 2640.07 2643.75 2636.3 2639.75 2643.5 2642.5 2643.5 
2641.58 2636.96 2639.17 2634.75 2638.72 2642.25 2637.3 2638.25 
2638.35 2640.83 2636.5 2637.5 2639.5 2637.17 2639.28 2640.7 
2633.64 2641.5 2638.79 2642.79 2640.5 2633.81 2637.83 2636.79 
2645.04 2637.67 2642.05 2638.05 2645.61 2643.83 2640.5 2645 
2641.64 2639.1 2639 2636.42 2646.61 2644.28 2638.9 2641.33 
2645.17 2638.9 2643.75 2642.7 2645.25 2639.33 2643.17 2644.7 
2643.27 2647.75 2646.21 2645.9 2641 2646.21 2642.5 2643.58 
2642.77 2640.59 2641.94 2645.5 2641.1 2643.07 2640.77 2646.61 
2636.86 2641.61 2642.25 2638.9 2637.06 2635.77 2636.06 2638.75 
2645.7 2644.5 2642.28 2640.9 2644.36 2640 2642.5 2645.83 
2643.35 2640.83 2644.3 2646.1 2645.1 2642.1 2642.3 2641.7 
2642.75 2638.5 2649.07 2643.9 2642.68 2644.9 2645 2639.17 
2641.5 2639.5 2645.5 2639 2642.61 2642.5 2643 2642.7 
2647.28 2647 2641.21 2642.64 2647.25 2641.5 2643.77 2644 
2644.95 2644.93 2650.23 2642.5 2644.23 2643.67 2643 2642.86 
2642.61 2642.93 2645.25 2645.83 2645.14 2646.79 2644.5 2643 
2642.75 2643.19 2643.68 2639.38 2642.3 2641.68 2644.35 2639.91 
2646.5 2641.07 2643.23 2642.77 2644.19 2644.32 2640.21 2645.1 
2644.9 2647.75 2645.61 2647.1 2642.7 2643.5 2644.58 2642.25 
2643.73 2644.75 2647 2646.61 2642.83 2642.37 2644.12 2650.1 
2639.5 2639.79 2644.75 2641.17 2644.57 2641 2635.88 2639.35 
2652.05 2648 2648.68 2650.23 2648.25 2647.83 2651.17 2652.5 
2645.83 2648.59 2652 2651.9 2647.5 2647.72 2649.75 2648.77 
2651.33 2647.72 2650.88 2642.2 2648.59 2645.7 2651.06 2652.1 
2643.5 2644.25 2641.9 2650.5 2648.17 2643.28 2641.83 2634.83 
2645.5 2643.61 2641.5 2643.1 2635.93 2642.64 2634.5 2638.36 
2639.3 2648.93 2640.1 2638.5 2651.7 2632.5 2618.7 2643 
2624.83 2643.5 2642.5 2645.5 2952.3 2627 2631.3 2952.3 
2952.3 2952.3 2952.3 2952.3 2952.3 2952.3 2952.3 2952.3 
2952.3 2942.4 2942.4 2942.4 2942.4 2942.4 2942.4 2942.4 
2942.4 2942.4 2942.4 2942.4 2942.4 2942.4 2942.4 2942.4 
# LVDC U1 t0 parameters 
2947.1 2947.1 2947.1 2947.1 2947.1 2947.1 2947.1 2947.1 
2947.1 2947.1 2947.1 2947.1 2947.1 2947.1 2947.1 2927.5 
2922.83 2937 2944 2927.83 2938.83 2944 2910.5 2904.5 
2944 2944 2929.5 2932.5 2924.5 2911.17 2944 2929.83 
2936 2935.5 2918.5 2927 2938.5 2941.5 2932.7 2935 
2935 2933.7 2936.83 2937.5 2936.5 2938.5 2933.83 2939 
2937.1 2934.75 2933.5 2933.79 2940.93 2940.5 2936.5 2936 
2937 2938.5 2932.5 2937.5 2932.1 2937.83 2932.7 2934.5 
2938.21 2938 2939.5 2937.21 2936.17 2937.83 2937 2935.83 
2937.61 2935.9 2937.75 2939.5 2940.17 2935.79 2936.75 2933.64 
2939.9 2938.36 2938.07 2938.79 2943 2938.39 2940.5 2940.06 
2938.75 2939.17 2934.5 2937.9 2938.72 2937.07 2931.1 2936 
2946.17 2940.06 2942.95 2941.5 2945.17 2944.75 2943.39 2940.5 
2943.7 2941 2941.95 2944 2940.72 2942.5 2937.17 2946.5 
2941.94 2946 2939.36 2945.5 2942.25 2946.36 2940.21 2945.83 
2941.14 2942.25 2941.79 2942.3 2935.21 2938.41 2942.07 2936.5 
2946.83 2942.9 2941.64 2937.7 2939 2937.25 2942.25 2940.67 
2938.73 2939.64 2941.5 2937.83 2940.7 2939.17 2935.75 2935.5 
2939.72 2939.1 2941.93 2942.06 2938.93 2935.25 2938.17 2943.5 
2933.75 2938.9 2935.64 2941.06 2936.03 2938.5 2934.61 2934.25 
2939.25 2933.83 2935.1 2934.64 2939.79 2935.14 2938.04 2934.28 
2936 2932.93 2936.5 2934 2933.07 2934 2934.07 2936.21 
2940.83 2935.17 2940.17 2933.5 2939.83 2937.07 2935.33 2937.75 
2936.36 2933.5 2934.75 2934.5 2931.3 2935.83 2936.1 2931.93 
2947.5 2944.75 2941 2944.5 2943.25 2940.5 2943.5 2943.28 
2944.36 2943.25 2943.5 2944.59 2937.03 2943.1 2938.25 2937.12 
2944.5 2936.17 2940.7 2940.5 2939.9 2935.93 2939 2942.39 
2938.1 2940.95 2938.56 2934.5 2942.5 2939.5 2936.1 2936.93 
2944.28 2942.1 2943.83 2939.36 2943.32 2942.1 2941.5 2944.21 
2942.61 2940.94 2943.79 2942.75 2939.5 2939.5 2943.5 2942.5 
2940.7 2938.14 2942 2939.5 2937.14 2943.7 2940.75 2940.9 
2938.25 2933.5 2938.36 2939.64 2939.23 2939.5 2939.5 2938.28 
2942.91 2938.33 2944.5 2944.83 2942.35 2943 2944 2942 
2943.5 2946.17 2941.83 2940.93 2939.17 2943.17 2941.1 2939.65 
2945.95 2941.33 2941.79 2938.21 2945.5 2940.42 2942.95 2943.83 
2940 2939.36 2940.7 2939.5 2945.17 2940.1 2935.23 2939 
2946.1 2942.57 2947.3 2942.9 2943.19 2940.7 2946.94 2943.36 
2939.17 2942.25 2945.93 2944.25 2941.17 2940.07 2943.06 2949 
2939.5 2938.27 2942.1 2942.83 2939.3 2942.5 2941.5 2928.5 
2942.07 2939 2939.3 2936.5 2934.5 2935.3 2930.5 2938.36 
2945.8 2940.7 2940 2943.5 2945.8 2945.8 2940.5 2942.5 
2935.7 2934.5 2931.5 2939.83 2940.5 2929.17 2930.83 2931.17 
2905.17 2908 2945 2927.83 2945 2945 2945 2945 
2945 2945 2945 2945 2945 2945 2945 2945 
2945 2945 2945 2945 2945 2945 2945 2945 
2945 2945 2945 2945 2945 2945 2945 2644 
# LVDC U2 t0 parameters 
2934.9 2934.9 2934.9 2934.9 2934.9 2934.9 2934.9 2934.9 
2934.9 2934.9 2934.9 2934.9 2934.9 2934.9 2934.9 2934.9 
2930.4 2930.4 2929.5 2917.83 2921 2906.17 2930.4 2906.83 
2908.17 2925 2930.4 2907.5 2929.5 2909 2921.1 2908.5 
2913.17 2920.17 2929.17 2919.9 2924 2930.7 2930 2917.5 
2928 2926.17 2929.83 2928.1 2930 2927 2931.5 2931.6 
2929.75 2923.9 2927.17 2926.3 2927 2922.5 2929.5 2929.17 
2930.83 2931.5 2925.17 2928.1 2926.17 2929.5 2925.64 2925.9 
2931.36 2926.21 2931 2929 2930.61 2924.75 2928.5 2931.21 
2930.5 2928 2928.5 2917.9 2925.64 2931 2930.25 2925.3 
2931.5 2925.25 2927 2926.07 2926.72 2928 2929.5 2928.5 
2923.64 2925.5 2926.79 2923.5 2928.83 2926.17 2926.93 2919.61 
2936.1 2941 2937.5 2933.9 2915.39 2936.72 2938.25 2936.5 
2935.1 2941 2937.83 2939.59 2935 2938.5 2937.5 2938 
2935.64 2939.5 2937.64 2938.93 2937.7 2937.64 2941.17 2941 
2934.25 2917.64 2935.5 2931.96 2932.36 2929.9 2932.88 2929.75 
2931.06 2934 2936.3 2936.07 2934.3 2928.61 2934.93 2934.5 
2932.79 2930.75 2934.28 2933.25 2931.72 2931.9 2925.1 2931.5 
2930.07 2929.7 2925.3 2932.64 2932.75 2931.25 2931.07 2931.21 
2932.75 2928.39 2929.9 2929.36 2932.83 2929 2929.42 2929.17 
2934.21 2930.67 2933.3 2930.39 2934.41 2939 2932.9 2934 
2935 2931.5 2930.68 2936.1 2937.75 2932.83 2929.93 2930.32 
2931.7 2932.06 2933.3 2934.64 2934.25 2938.83 2929.67 2932.72 
2929.83 2931.17 2931.25 2933.5 2931.93 2930.17 2925.7 2928.07 
2935.5 2936.17 2938.17 2935.67 2936.5 2935.7 2933.7 2933.28 
2935.72 2933 2939.1 2932.23 2935.5 2935.5 2936.32 2935.5 
2939.93 2936.59 2936.17 2935.5 2934.25 2934.5 2932.5 2939.5 
2935 2933.5 2934.83 2934.17 2934.93 2937.06 2936.93 2936.93 
2937 2940.93 2940.5 2936.14 2940.5 2935.1 2938.5 2937.17 
2940.83 2941.61 2938.5 2935.17 2934.67 2940.59 2935.04 2934.9 
2937.17 2939.5 2935 2939.25 2938.17 2935.17 2939.86 2940.7 
2934 2933.28 2935.33 2936.17 2933.5 2933.7 2932.64 2932.5 
2939.83 2938.05 2935 2936.79 2939 2935 2935.5 2937.25 
2932.83 2936.83 2936.17 2938 2938.5 2935 2939.28 2931.5 
2934 2937.41 2935 2939.5 2930.3 2932.3 2937.83 2937.21 
2935.79 2936 2932.42 2935.5 2933.3 2935.64 2929.5 2932.17 
2942.33 2941.5 2940.21 2944.07 2947.1 2940.73 2942.67 2942.83 
2942.97 2942.25 2945.93 2942.75 2942.5 2938.9 2940.79 2945.83 
2939.72 2941.17 2941.58 2940.94 2941.7 2938.07 2938.9 2941.5 
2937.64 2936.5 2935.75 2939.3 2936.41 2933.1 2936.64 2935.5 
2945.3 2921.5 2944.5 2936.5 2944.5 2939.7 2943 2942.5 
2942 2937.5 2938 2926.17 2936.5 2926.5 2936.17 2928.9 
2941.5 2911.83 2933.83 2938 2926.5 2938.9 2945.5 2934.5 
2932 2931.17 2920.17 2921.5 2917.5 2940 2904 2927.5 
2943.2 2943.2 2943.2 2943.2 2943.2 2943.2 2943.2 2943.2 
2943.2 2943.2 2943.2 2943.2 2943.2 2943.2 2943.2 2947.1 
# LVDC V1 t0 parameters 
2943.8 2943.8 2943.8 2943.8 2943.8 2943.8 2943.8 2943.8 
2943.8 2943.8 2943.8 2943.8 2943.8 2943.8 2943.8 2943.8 
2917 2908.83 2943.4 2907.5 2943.4 2916.5 2907 2930.83 
2927.5 2928.17 2929.5 2926.83 2936 2943.4 2936.5 2920 
2934.3 2924.3 2906 2907 2913.9 2933 2940.83 2940.7 
2938.3 2934.93 2918.3 2937 2938 2930.75 2941.9 2935.5 
2942.5 2944.5 2943.5 2942.5 2946 2939.3 2940.5 2942.36 
2935.5 2938.5 2933.5 2937.21 2943.79 2939.7 2937 2935 
2945.5 2938.17 2947.17 2939.5 2942.21 2940.5 2941.07 2945.07 
2940.75 2946.3 2943 2945.3 2941.5 2942.5 2940.77 2939.3 
2943.64 2939.5 2943.5 2943.5 2942.21 2939.39 2941.5 2943.17 
2939.25 2935.61 2940.77 2940.64 2940.5 2944.72 2937.7 2935.75 
2947.83 2944.36 2947 2951 2950.5 2947.5 2943.17 2948.36 
2948.79 2947.25 2947.72 2946.93 2948 2944.5 2947 2945.5 
2949.36 2948.5 2943.9 2948.5 2950.64 2948.83 2948.06 2949.23 
2953.07 2947.17 2946.75 2943.5 2946.07 2941.17 2943.21 2946.07 
2945.83 2944.83 2946.83 2947.79 2947.17 2948.17 2951 2949.9 
2944.64 2941.5 2941.28 2945.5 2943.9 2947.5 2940.39 2943.5 
2945.95 2940.77 2944.72 2941.83 2946.93 2943.83 2943 2943.5 
2937.9 2935.9 2942.17 2945.83 2942.5 2940.17 2941.3 2942 
2945.5 2944.1 2941.14 2942.7 2947.83 2943.5 2946.5 2942.5 
2943.83 2946.5 2946.61 2943.36 2947 2942.19 2945 2942.07 
2945.17 2942.25 2941.64 2941.9 2947 2940.25 2944.5 2945.17 
2935.35 2936.07 2935 2940.36 2938.36 2937.68 2939.1 2942.93 
2949.1 2943.61 2943.83 2944.59 2942.5 2942.75 2949.75 2943.06 
2947.83 2942.14 2944.5 2946.5 2948.06 2946.41 2945.95 2944.5 
2946.83 2947.5 2950.06 2944 2942.7 2945.5 2943.5 2949.7 
2945.14 2943.36 2944.75 2941.41 2942.75 2944.41 2945.3 2943.25 
2946.73 2943.72 2945.5 2947.7 2947.07 2947.21 2950.79 2943.9 
2947.79 2944.79 2948.9 2944.28 2947.83 2944.32 2944.5 2942.67 
2950.75 2946.3 2952.25 2946.7 2950.9 2946.32 2947.68 2950.72 
2945.67 2948.17 2947.83 2945.79 2942.7 2945.5 2941.9 2942.9 
2948.36 2948.7 2947.7 2946.05 2950.21 2945 2952.83 2945.3 
2948.5 2953.5 2946 2944.32 2950.83 2952.59 2944.1 2947.12 
2950.25 2946.5 2952.17 2948.5 2949.79 2954 2952.17 2947.68 
2951.93 2948.75 2947.21 2949.1 2951.07 2945.41 2944.93 2943.5 
2958.17 2953.72 2954.79 2957.39 2951.93 2953.25 2943.21 2950.3 
2954.7 2951.5 2954.83 2948.3 2950.7 2941.5 2947.36 2919.5 
2950.5 2953.83 2950.07 2942.5 2948 2943.5 2942.07 2914 
2944.3 2932.1 2948.72 2939.79 2946.83 2944.5 2924 2941.83 
2927.5 2947.3 2950.5 2942.1 2946.3 2948.9 2944.5 2947 
2939 2912.5 2941.5 2951.5 2949 2932.17 2933.5 2921.5 
2909.1 2943 2926.17 2938.5 2952.5 2952.5 2952.5 2952.5 
2952.5 2952.5 2952.5 2952.5 2952.5 2952.5 2952.5 2952.5 
2952.5 2952.5 2952.5 2952.5 2952.5 2952.5 2952.5 2952.5 
2952.5 2952.5 2952.5 2952.5 2952.5 2952.5 2952.5 2947.1 
# LVDC V2 t0 parameters 
2945.8 2945.8 2945.8 2945.8 2945.8 2945.8 2945.8 2945.8 
2945.8 2945.8 2945.8 2945.8 2945.8 2945.8 2945.8 2945.8 
2939.7 2908.5 2926 2939.7 2932.17 2939.7 2939.7 2939.7 
2926.83 2919.5 2911.17 2935 2909.5 2924.83 2918.5 2928.3 
2935.7 2925 2937.7 2938.7 2938 2937.07 2931.7 2938.1 
2933.93 2934.83 2938.5 2931.5 2937.5 2936.1 2935.75 2933.83 
2938.5 2932.25 2938.17 2938.25 2938.64 2936.83 2943 2937.5 
2935.5 2931.07 2941.17 2934.5 2936.06 2934.83 2929.93 2932.93 
2937.17 2935.3 2936.5 2933.25 2941.5 2936.1 2938.93 2939.75 
2936.21 2934.72 2935.9 2935.39 2937.5 2936.06 2940.83 2936.59 
2939.17 2934.79 2934.5 2935.94 2937.58 2937.5 2941.25 2941.36 
2937.79 2936.83 2936.86 2934.5 2935.72 2931.33 2936.36 2934.64 
2948.17 2942.3 2945.21 2942.75 2943.05 2947.17 2942 2941.5 
2941.36 2945.5 2943.72 2947.1 2943.5 2941.93 2941.75 2945.64 
2946.5 2939.83 2944.93 2941.9 2939.95 2945.5 2943.79 2941.5 
2935.5 2942.36 2938.94 2940.5 2941.17 2935.64 2934.79 2939.61 
2935.28 2938 2935.93 2941.1 2938.36 2933.36 2935.5 2937.93 
2931.5 2936.58 2937.7 2929.9 2932.64 2937.17 2934.5 2933.5 
2936.79 2940.5 2938.64 2941.36 2939.83 2935.79 2940.17 2939.7 
2937.5 2935.5 2936.67 2938.64 2937.06 2936.5 2934.7 2931.83 
2933.5 2940.36 2941.17 2936.07 2939.7 2940.17 2938.5 2936.3 
2933.5 2939.25 2937.58 2937.5 2938.93 2935.17 2939.72 2936.5 
2938.3 2938.25 2941.21 2935.7 2937.59 2941.07 2938.61 2936.17 
2937.5 2933.83 2935.21 2931.36 2930.5 2935.83 2937.93 2931.5 
2942.79 2944.25 2941.72 2939.25 2947.5 2944.75 2942.39 2939.83 
2940.83 2940.3 2941.95 2935.17 2940.25 2942.61 2941.28 2932.25 
2941.83 2936.3 2937.5 2937.25 2941.5 2940.83 2939.94 2945.7 
2940.83 2936.61 2941.5 2938.64 2939.5 2935.75 2936.5 2935.9 
2939.1 2941.5 2936.41 2940.36 2943.07 2937.17 2937.64 2941.5 
2943.7 2940.5 2939.75 2939.5 2937.5 2940.17 2945.25 2937.25 
2940.07 2939.5 2942.75 2941.5 2940.1 2939.75 2938.5 2943.5 
2939.5 2938.5 2940.59 2938.25 2942.39 2939.75 2938.3 2937.36 
2938.79 2938.1 2940.39 2939.17 2945.17 2940.17 2940.33 2932.1 
2936.75 2939.75 2940.25 2937.64 2942.06 2936.5 2939.7 2937.9 
2942.93 2938.5 2939.72 2938.5 2942.41 2941.07 2942.59 2941.75 
2935.33 2940.9 2939 2936.61 2934.3 2938.77 2936.5 2941 
2949.3 2944.17 2947 2941.75 2949.79 2947.14 2944.79 2954.3 
2942 2945.83 2945.58 2946.5 2944 2945.36 2940.39 2942.07 
2940.61 2941.79 2945.1 2950.1 2943.93 2940.93 2945.1 2941.28 
2944.83 2943.25 2940.21 2942.83 2938.5 2936.5 2941.5 2937.36 
2942.5 2941.64 2944.17 2943.83 2932.07 2945.17 2935.21 2929 
2915.83 2943.07 2941.5 2943.83 2941.5 2939.9 2926.5 2934.83 
2940.7 2923.5 2927 2936.5 2941.5 2952.3 2914.3 2910.5 
2932.83 2914.17 2914 2920.17 2918.5 2931.5 2928.5 2952.3 
2942.4 2942.4 2942.4 2942.4 2942.4 2942.4 2942.4 2942.4 
2942.4 2942.4 2942.4 2942.4 2942.4 2942.4 2942.4 2947.1 
