# RVDC U1 t0 parameters T0 Error 
0 0 0 0 0 0 0 0 
0 0 0 0 0 0 0 0 
0 0 0 0 0 0 0 0 
0 0 0 0 0 0 0 0 
0 4.27895 1.30656 0 5.65685 6.10432 1.40833 3.53159 
2.48069 1.82428 2.834 1.8235 0.358162 2.44949 8.08462 4.09101 
5.72194 1.30656 1.48856 3.06663 1.40833 1.36413 0.45987 1.88389 
8.63314 15.1688 4.4952 2.74597 5.039 11.5787 2.37103 7.494 
7.16707 7.19438 6.71689 3.3368 1.43324 3.27746 2.31183 12.1088 
3.10371 4.80288 2.62569 5.039 6.67685 4.17871 17.566 11.2202 
0.982114 2.2621 6.13969 4.55077 3.47555 2.85412 3.15362 3.3277 
1.22474 2.23677 3.51257 6.0515 3.96978 2.27256 4.75809 1.13178 
3.39411 0 1.65246 5.49047 1.07886 8.11883 5.11081 5.4451 
4.52956 6.35756 2.41315 0.932422 1.62259 0.985211 5.07645 6.47711 
1.57093 4.40367 2.58736 8.27866 3.91233 1.77648 9.78628 5.0535 
3.78864 9.04639 2.99909 5.14245 0.864761 1.49891 5.40161 2.03492 
3.16154 2.62569 1.72765 20.0007 7.16707 3.75485 7.37581 2.03933 
6.81864 5.19746 1.0286 2.5151 2.74594 2.47411 2.73504 2.27256 
1.64728 2.4013 6.44813 3.47325 4.19075 6.79456 5.87985 9.31324 
3.45452 1.1247 4.96166 8.25712 2.00648 3.672 0.975741 1.78548 
3.04813 14.2876 5.40453 5.1479 2.05427 7.10027 2.08156 5.56616 
1.95511 5.80611 15.2876 1.23122 2.4013 4.93142 3.82088 4.86209 
2.30113 6.01294 4.92203 5.06798 6.40149 3.55352 1.55288 4.92203 
2.08183 8.41955 7.62194 11.3635 0.33945 10.1866 1.88105 4.40367 
8.17243 1.49891 3.7672 3.47325 6.81864 7.37581 1.27323 3.27746 
6.8328 1.57849 3.7286 1.83152 2.50954 4.72918 7.9013 1.88389 
0.977472 2.8142 4.76918 3.51364 5.39001 9.04036 9.46041 1.45584 
3.70009 11.7583 3.89009 6.91932 5.06243 1.48263 5.36898 2.1472 
22.5384 4.45595 4.98189 6.39372 4.04421 1.68698 5.40157 3.46954 
3.672 1.35244 2.38579 1.18061 6.82875 0.486151 2.69637 0.646128 
4.8 1.68396 2.47604 8.52929 5.88118 2.58631 3.50797 3.20557 
6.26016 3.17196 1.24492 2.8143 6.60174 3.12289 5.71144 6.19649 
2.0166 1.25969 2.73504 3.77676 2.6267 5.23873 21.0351 4.17871 
1.68784 5.57923 1.09804 8.42884 5.09153 9.46717 3.28838 1.45735 
4.62795 2.05427 2.25094 4.0076 3.05666 0.88989 3.06412 8.75931 
3.35173 2.84685 4.36148 5.30264 4.50819 0.681626 2.93831 3.12549 
5.4207 4.3298 0.918695 0.379886 1.31864 5.76795 6.51831 6.40149 
8.17587 7.53691 1.48583 3.05031 8.04875 3.3368 6.68353 1.2959 
5.40161 1.75082 1.26206 8.04668 7.62194 3.1373 10.0312 10.7388 
2.68135 3.47555 3.51257 4.09101 5.03908 3.17779 3.06663 1.29267 
5.77878 4.27895 1.49071 5.09877 1.49071 2.89278 0 0 
0 0 0 0 0 0 0 0 
0 0 0 0 0 0 0 0 
0 0 0 0 0 0 0 0 
0 0 0 0 0 0 0 0 
0 0 0 0 0 0 0 0 
# RVDC U2 t0 parameters T0 Error 
0 0 0 0 0 0 0 0 
0 0 0 0 0 0 0 0 
0 0 0 0 0 0 1.90459 1.90459 
0 0 4.27895 6.75779 1.8235 1.88389 0 4.60056 
0 10.064 2.34487 10.7388 1.65246 2.68135 6.10432 4.63885 
12.0642 1.44016 3.94541 4.60056 1.46302 7.66927 6.67685 6.26281 
4.86209 10.0536 1.14159 1.45584 3.06663 8.92544 6.67685 4.55077 
3.51257 0.985211 1.10493 4.70016 2.40551 3.27746 13.66 16.6723 
4.85492 14.3084 8.08462 4.0487 2.18456 1.79085 0.788403 0.786195 
3.85149 2.51172 5.18416 1.78548 8.84145 4.92203 15.9806 1.345 
2.5151 5.11081 5.7016 1.32886 5.19746 2.91448 3.60778 3.16154 
2.84572 1.03009 2.88347 4.30994 2.66139 4.30632 1.96567 4.30632 
4.52104 3.27746 8.84145 8.63822 1.26206 5.56616 1.345 5.87985 
2.21437 5.1479 8.45244 2.85872 7.53691 5.14245 3.48159 2.69002 
7.9013 7.19438 12.1054 2.47604 2.27695 3.20334 3.20334 5.13616 
4.19075 9.04639 4.85492 3.89009 1.22474 1.47647 3.3368 5.53478 
8.63314 4.72918 2.45689 7.68179 1.54042 10.6809 0.940347 7.39856 
1.58442 15.1688 5.46552 4.18135 3.05031 4.68979 1.86665 3.3368 
4.0487 3.48993 1.14159 2.55726 2.64966 1.46302 1.86665 8.25712 
4.01126 3.3886 4.36148 4.36148 1.49891 3.0842 3.76844 6.92575 
14.3084 5.31011 4.33464 5.35211 10.1498 3.62421 6.67923 3.88876 
3.61762 17.8226 7.19438 12.2286 3.91233 2.16087 3.45592 3.90702 
1.86665 2.44876 6.50617 9.42424 3.21137 13.9889 6.10898 2.31183 
1.91491 6.49005 7.19888 1.69678 4.0487 4.33464 1.88105 2.42369 
4.49336 3.91875 0.482068 2.31183 12.6572 1.48856 2.94696 2.85468 
1.87036 2.18456 0.782886 13.1984 4.38719 9.0829 6.67923 1.81728 
3.3277 3.40369 1.70166 1.52134 5.67387 17.4138 0.535143 7.10027 
3.61539 2.51586 1.38441 2.00048 2.79043 3.51257 3.27746 7.00675 
3.1511 8.17587 1.94149 3.89009 1.42844 1.345 3.03799 0.966041 
1.71407 2.75689 4.70016 7.93181 1.77775 0.848369 2.62149 2.93184 
1.89386 3.6874 2.33778 15.4217 5.06798 5.54375 5.06243 2.27695 
2.39109 4.52477 4.22451 5.44289 4.02194 0.418965 11.416 1.53363 
2.54378 1.79085 3.9629 2.78011 7.19888 5.7016 2.08057 2.85543 
2.8143 1.23756 4.04292 0.866189 2.43023 5.35286 2.08205 1.42947 
1.99549 2.93831 6.83481 3.17135 1.345 1.1577 2.27695 1.24121 
3.92363 2.36524 1.1867 2.25863 8.5791 4.8 8.27866 6.82875 
4.3298 6.79825 4.42877 5.06243 0.957388 7.08787 1.14564 0.567015 
2.1741 1.44183 3.3277 4.1994 2.63027 3.3277 8.26294 3.31473 
2.37134 3.12502 2.45689 2.39109 7.93301 3.31614 2.16087 4.68162 
2.0078 2.12202 7.86333 1.09003 1.83152 4.44324 2.63561 13.9889 
2.5151 4.0487 2.48069 8.60768 3.64933 3.88581 4.52104 1.44016 
1.09689 0.781387 3.60778 3.10371 1.18297 0.982114 2.68135 1.08766 
8.41245 3.64933 1.82428 2.89278 1.30656 0 0 0 
0 0 0 0 0 0 0 0 
0 0 0 0 0 0 0 0 
0 0 0 0 0 0 0 0 
# RVDC V1 t0 parameters T0 Error 
0 0 0 0 0 0 0 0 
0 0 0 0 0 0 0 0 
0 0 0 0 0 0 0 0 
0 0 0 0 0 1.01835 0 1.30656 
2.44949 4.27895 1.8235 0.707107 2.15154 0 6.84075 1.44183 
3.03895 3.13031 3.06663 2.31183 0.57735 0.951057 3.06663 5.09877 
4.86209 1.60541 5.72194 2.15154 3.59815 4.26367 3.91616 5.72194 
6.28642 2.23357 18.1753 0.430331 6.84075 1.83152 5.74395 3.6874 
0.540034 2.1807 0.802049 5.98963 9.12564 4.66831 3.61762 5.49047 
2.03492 5.5626 40.5095 1.65246 4.58258 5.49047 3.91233 5.36898 
3.06663 3.89009 3.53337 1.60907 4.29061 1.1577 3.7286 5.40453 
2.03492 2.63561 1.44674 5.06757 3.9629 3.61068 3.20557 8.60768 
1.88389 3.82114 3.15362 3.6874 3.9629 0.781387 4.72159 4.35905 
4.46351 10.7597 8.04875 5.06933 3.70009 1.09917 8.60768 3.48159 
5.82302 1.82357 1.65246 5.56616 4.17871 5.18416 4.68979 13.5703 
3.36301 2.62569 2.43243 1.62259 1.98639 1.41978 2.27256 1.68628 
2.51959 8.60768 3.90702 4.39425 4.30632 7.16707 5.53478 3.2983 
2.85543 5.17749 6.28642 4.17871 2.16087 0.608581 3.59815 7.36873 
3.3368 3.3143 6.37657 5.77311 0.306186 3.71691 8.8366 1.79085 
4.18135 1.96567 8.98245 1.42953 3.63081 2.38562 0.689508 2.71224 
4.4666 3.20557 13.1984 2.98219 2.10819 0.778466 2.58663 3.71471 
2.03933 5.44289 2.85412 6.26281 8.12443 4.85492 3.15362 5.56616 
2.1076 15.3006 10.1866 2.06903 3.51172 5.06798 2.27695 3.04813 
8.48986 6.25522 3.59928 2.82505 5.98963 5.7524 8.14137 1.58687 
3.67111 10.9601 8.38479 7.19438 4.21207 1.77775 1.86221 10.501 
1.27323 2.57881 2.97965 2.62149 12.0111 2.77663 4.36148 10.5372 
5.27676 8.11883 1.65246 5.70448 4.01126 2.31354 5.62594 1.72737 
5.06243 2.2733 8.42884 7.97504 1.20356 1.72765 4.91517 32.7047 
2.1472 5.31359 1.89386 2.0014 2.43023 2.44876 6.71689 9.94036 
4.72918 2.06903 1.45584 2.41315 1.14159 9.39434 16.6839 2.83756 
5.36898 2.4013 9.46041 1.31859 10.0045 1.39951 2.77293 2.38227 
2.2621 0.778466 1.99968 5.38515 3.91473 4.40102 4.8 1.86057 
20.3446 2.85412 3.04383 7.19054 2.8143 4.06423 0.907389 3.51172 
6.40572 7.86333 8.25712 2.58736 8.90705 1.39285 4.36782 1.95511 
4.66831 4.15231 9.04786 5.70448 2.97148 4.50819 2.46305 9.18284 
3.75485 3.5415 2.64944 7.19438 13.0028 7.72754 16.1931 6.03438 
1.29267 1.80132 19.6851 5.98401 2.71224 5.8586 2.71224 7.37581 
5.30244 19.0019 3.64933 10.3418 6.6229 5.45614 2.97965 6.8328 
7.37581 6.03438 1.64031 24.2715 2.37103 3.67111 1.65246 4.60056 
7.07898 2.74977 3.95016 2.10819 0 4.63885 0 2.68135 
0.536656 5.65685 3.61068 1.88389 4.27895 1.90459 2.76455 0 
0 0 0 0 0 0 0 0 
0 0 0 0 0 0 0 0 
0 0 0 0 0 0 0 0 
0 0 0 0 0 0 0 0 
0 0 0 0 0 0 0 0 
# RVDC V2 t0 parameters T0 Error 
0 0 0 0 0 0 0 0 
0 0 0 0 0 0 0 0 
0 0 0 0 1.30656 5.09877 0 1.75398 
1.82428 2.07356 3.43295 0.707107 1.01835 0.358162 4.18838 9.94544 
1.11536 8.08515 0.866189 1.40833 1.20325 1.83152 3.11386 5.21886 
2.85543 3.06663 0.762871 2.21437 8.71942 0.536656 8.08462 4.85492 
3.7286 7.70921 1.30656 3.64933 10.0536 0.622543 1.26206 4.86209 
1.89021 4.66831 3.88581 5.18416 2.82505 2.27297 7.492 5.3076 
1.89445 4.52104 3.91233 1.38441 6.28642 0.646128 2.04064 12.6196 
5.8586 2.00079 2.16087 9.63146 2.15154 8.38479 8.04875 1.43324 
6.6229 5.1479 5.77851 1.87467 3.61762 11.0214 5.40161 12.1596 
2.37134 7.19438 4.0891 2.77293 3.47325 2.74695 2.21437 5.19746 
0.35498 7.50291 2.03492 2.74597 1.75082 2.0078 18.4146 4.62795 
4.55077 2.82505 5.49047 3.60778 11.7333 7.19438 4.11694 6.79456 
2.49125 7.93301 2.77293 5.53413 4.72918 5.4451 5.4207 1.68784 
3.88876 4.11439 1.39951 1.54516 1.78548 1.96541 16.6723 3.67111 
1.44674 1.03009 5.06032 3.05511 1.07886 3.17779 4.30994 4.0487 
0.663259 4.6181 3.08671 3.53337 8.26294 7.86333 7.05507 3.45924 
1.82812 5.40161 3.53159 2.1741 3.10371 1.345 3.31473 4.33798 
2.27256 4.21207 1.49295 4.72918 3.5772 2.95494 9.41261 2.2733 
2.06903 3.54686 2.44876 1.345 2.85412 2.05794 12.6572 3.12549 
2.2621 2.79043 1.65455 1.37105 2.4884 4.92278 0.851341 4.15912 
5.80611 10.0191 3.53337 1.96567 3.63081 9.18124 1.72465 1.07886 
0.786195 1.65654 5.5243 0.977472 4.05755 2.07837 0.972754 11.7631 
4.68979 6.67923 6.71689 9.12802 2.25224 3.44893 9.50897 4.98689 
1.22474 5.58019 3.45592 0.786195 6.37657 5.98401 14.0225 3.76028 
0.741895 1.07883 8.30596 7.67026 2.85543 8.84374 5.35286 4.36148 
7.19888 6.89196 5.07647 3.40369 0.918695 6.72442 1.56819 1.94874 
3.95016 1.89445 1.68527 7.11529 7.11529 1.91487 3.7286 3.17135 
2.96322 8.31021 6.26016 4.91517 5.94992 3.63081 1.99968 2.39109 
0.673892 5.12033 2.06903 3.16173 11.3847 2.80614 1.23269 7.44382 
3.0842 4.91517 3.35358 1.38441 2.32352 1.24009 4.2797 0.955939 
7.37061 2.27919 4.31647 3.51406 10.7095 3.5772 7.11529 0.714853 
6.96183 4.83689 7.41154 8.28588 3.91233 3.82114 7.56474 3.91233 
4.77255 1.47647 4.9334 1.26116 8.84374 2.55726 2.32685 6.60174 
3.92363 7.5955 4.82764 1.02437 2.86873 2.82505 0.673892 1.2854 
4.05471 6.35756 8.42884 2.2621 3.36301 0.985211 3.28467 0.866189 
11.0232 3.3368 7.62194 5.54375 5.4207 7.08787 1.72765 1.81037 
4.91517 5.77851 0.781387 3.36301 1.1262 0.491185 5.19746 5.12033 
9.92799 4.21768 1.23469 3.45443 2.62939 3.13031 12.0111 1.40833 
2.15154 3.9629 0.802049 1.87467 2.80614 0.781387 0.524599 6.28642 
3.13031 0 10.5618 5.03127 3.0075 2.89278 0 2.68135 
3.51257 1.40833 0 0 0 0 0 0 
0 0 0 0 0 0 0 0 
0 0 0 0 0 0 0 0 
0 0 0 0 0 0 0 0 
# LVDC U1 t0 parameters T0 Error 
0 0 0 0 0 0 0 0 
0 0 0 0 0 0 0 0 
0 0 0 1.90459 1.90459 0 0 1.49071 
0 0 3.61068 0 0 1.90459 1.49071 1.01835 
2.68135 1.01835 2.89278 0 0.707107 1.82428 0 1.30656 
0 3.43295 1.29267 1.8235 1.30656 8.39833 6.75779 9.55595 
1.01835 2.74597 2.15154 1.90459 6.10432 1.73567 5.03908 4.09101 
5.07305 1.40833 1.87467 2.85543 3.88581 10.5618 9.0729 2.85543 
2.40551 10.1869 6.67685 4.4952 2.60726 3.53159 2.80614 4.11439 
2.55647 3.59815 11.4728 3.85985 3.88581 3.17779 1.75082 2.64944 
2.03492 3.51257 4.85492 1.60541 5.74395 5.74395 6.81821 4.14433 
0.921517 3.88581 0.402575 4.92278 0.358162 2.64182 4.63885 1.40055 
1.46302 10.0536 3.88581 6.44813 19.1509 0.430331 8.08462 11.2202 
4.32317 2.68135 3.17779 0.864761 1.73567 2.45689 2.82505 11.1703 
1.82357 1.79085 5.42369 2.21437 1.17235 1.345 2.68135 6.67685 
0.598324 3.39411 7.16707 1.27682 1.96567 10.5372 3.65323 2.50954 
3.51257 6.26281 1.3933 7.62194 4.29061 2.30479 6.71689 5.19746 
3.10371 1.1262 12.891 4.85492 4.62795 2.45389 8.27866 5.49047 
4.58258 8.92544 4.52104 0.778466 0.690047 7.62194 2.64966 5.70448 
0.798021 15.6975 8.84145 2.07356 13.66 6.84075 2.88347 1.67724 
3.10371 1.56819 11.4399 2.07356 3.28 4.26367 3.89026 5.74395 
1.13178 2.83029 9.49604 6.28642 4.63885 3.64741 25.4225 5.58198 
1.82812 3.16154 0.358162 7.40881 6.35756 15.0879 4.52104 6.00416 
4.30632 1.75959 11.9207 4.80288 3.48159 1.19166 4.63885 2.03933 
3.46924 0.358162 3.69311 4.4952 3.48159 10.0536 7.07898 0.476935 
1.90117 10.6537 1.65654 5.11081 2.17162 2.51172 7.53691 4.33464 
9.31358 4.75809 5.06933 0.918695 7.68179 1.09003 6.35851 5.53478 
1.87467 2.16087 3.53337 4.0487 2.31354 4.85492 3.31473 6.79456 
3.672 6.0515 4.17871 2.10819 3.51364 1.68628 3.9629 1.28886 
5.039 3.47325 8.26294 4.38719 7.05623 6.8328 7.79803 10.0536 
1.78548 2.07837 1.22474 6.05135 1.23756 4.05471 1.86665 2.57881 
2.03492 5.87985 7.68179 0.486151 1.21656 2.58736 4.40367 16.7515 
2.51959 2.19831 1.86665 1.77775 4.61475 16.7515 7.11529 15.6863 
0.918695 3.17135 7.05507 0.863845 1.03009 3.20557 4.09101 3.15362 
4.92278 6.36413 3.17779 4.05755 1.79085 20.181 1.96567 2.12202 
6.26744 12.3022 4.38719 6.71689 1.09917 2.38579 5.46552 2.97965 
5.7016 3.7286 2.27297 11.0187 2.1472 2.13593 7.19438 3.3368 
1.65654 20.9612 0.673892 1.61449 13.9889 4.18838 1.25969 1.29267 
13.0002 6.68353 4.85492 2.42369 1.30656 6.67685 4.86209 2.03933 
3.60778 0 5.39001 2.10819 2.05427 6.10432 0.982114 3.11386 
2.834 1.8235 3.11386 10.064 2.15154 5.09877 0 3.53159 
0 1.8235 7.02947 0 0.951057 8.41245 1.8235 0 
3.43295 2.76455 0 0 0 0 0 0 
0 0 0 0 0 0 0 0 
0 0 0 0 0 0 0 0 
0 0 0 0 0 0 0 0 
# LVDC U2 t0 parameters T0 Error 
0 0 0 0 0 0 0 0 
0 0 0 0 0 0 0 0 
0 0 0 0 0 0 0 0 
1.90459 1.90459 1.90459 1.90459 0 1.90459 1.40833 0 
1.01835 2.76455 5.09877 0 4.27895 6.10432 5.11081 8.08515 
3.06663 0.951057 4.18838 1.29267 2.34487 1.87467 4.86209 4.60056 
3.10371 0.985211 3.59815 1.26206 4.80788 5.39001 8.71942 7.66927 
6.28642 3.59815 1.89021 14.7354 2.89278 2.82505 2.80614 1.78004 
3.61068 4.37696 5.53413 8.63314 0.778466 2.02914 4.36042 3.40369 
3.64933 1.60694 1.82428 0.866189 5.03127 9.76434 1 0.707107 
4.18838 5.4451 2.89926 6.26281 2.11257 2.44949 3.88581 1.82428 
3.17779 2.15154 8.63314 2.00079 1.64031 5.87985 2.27297 3.17779 
0.864761 3.11386 4.18838 3.64933 1.72765 9.92799 1.48856 5.40453 
3.11386 7.62194 1.60694 2.03933 3.67111 6.8328 0.932422 3.40369 
5.09877 2.74597 12.0111 8.55939 13.3218 3.64933 3.89026 2.88268 
2.55647 1.87467 20.9854 2.10819 5.45614 6.75779 4.62795 4.4952 
1.17235 2.42369 4.52104 1.44016 0.634862 5.07305 8.04875 12.6196 
3.17779 1.4838 1.60694 5.39001 7.16707 9.41261 2.21437 2.13593 
2.44949 1.96396 2.99909 5.77851 3.94541 5.07645 2.30479 5.03908 
6.8328 3.17779 1.79085 3.3368 2.37134 1.85383 1.96567 7.05507 
1.18297 5.49047 2.31183 4.62795 2.10819 5.46552 5.72194 1.25969 
1.19166 2.27297 0.598324 1.43324 0.423443 6.21094 9.01989 2.79043 
5.4451 2.37103 26.0874 2.88347 2.48051 5.39001 11.0214 1.96567 
0 3.39622 2.34487 11.7132 7.58714 14.7 3.10371 3.52614 
1.345 11.0214 6.44813 4.62795 2.15154 0.379886 4.26367 26.0843 
3.64933 4.4952 3.91616 2.45389 0.430331 11.241 3.53159 2.37103 
12.3022 0.736238 1.96567 4.80788 2.48069 1.43324 13.1019 13.1984 
2.31183 1.91491 0.866189 0.423443 2.97965 2.51172 10.432 11.7333 
1.90117 7.58714 4.22958 1.27323 8.92544 1.345 6.81821 4.72159 
5.14245 0.709951 4.22958 2.59808 4.11439 1.62259 3.91233 1.79085 
9.04036 0.57735 14.8874 2.44949 1.65246 4.29061 4.85492 3.90702 
5.87985 15.9806 0.880731 5.98401 11.5787 1.53819 7.9013 6.26281 
0.866189 1.1867 4.92278 0.430331 2.48069 4.92203 2.1807 10.3894 
2.30898 1.40055 1.64031 4.11439 3.27746 7.62194 6.52259 6.51831 
3.2983 0.23417 1.30471 2.60726 2.42369 12.2045 1.07082 4.44324 
0.537255 3.04274 15.3763 4.72918 2.10819 1.89021 2.49063 2.85543 
2.63561 3.03717 3.7286 3.46954 3.39622 1.61959 1.61449 0.682976 
2.15154 0.663259 9.51002 2.57881 1.65246 4.85492 2.74594 2.74597 
12.5062 5.45614 1.61449 0.653281 2.31183 4.55077 0.992145 6.20482 
5.039 4.17871 1.09689 3.64933 7.16707 1.28886 4.60056 3.51257 
2.834 5.039 6.67685 3.60778 2.89278 1.46302 4.0891 1.75398 
2.10819 6.75779 4.11439 9.55595 4.86209 4.26367 0 3.0075 
2.68135 0.951057 6.75779 1.88389 5.65685 0 4.37696 6.10432 
1.8235 1.49071 0 2.89278 0 0 0 0 
0 0 0 0 0 0 0 0 
0 0 0 0 0 0 0 0 
# LVDC V1 t0 parameters T0 Error 
0 0 0 0 0 0 0 0 
0 0 0 0 0 0 0 0 
0 0 0.707107 0 0 0 4.27895 3.61068 
3.61068 2.76455 1.90459 0 0 1.49071 0 0.707107 
1.88389 0 0 2.44949 2.89278 0 3.43295 1.89021 
1.88389 3.06663 2.48069 1.46302 5.53413 1.40833 6.75779 4.63885 
1.83152 0.681626 8.08515 6.13969 0.951057 12.0642 9.0729 3.0769 
3.39411 8.08462 7.70921 10.0536 5.8586 4.21768 4.55077 1.60694 
1.26206 1.87467 1.78004 2.834 1.46302 3.06663 3.64933 3.7286 
0.549342 2.45389 2.60726 2.10819 3.59815 6.26281 3.45443 4.30632 
5.9716 2.64182 3.67111 0.707107 2.79043 4.26367 2.03492 3.88581 
5.18416 2.10819 4.85492 3.51364 3.91233 0.788403 1.89021 4.92278 
3.0769 2.10693 0.653281 3.18049 3.59815 1.79532 2.60726 10.0536 
5.81656 8.45244 3.89026 2.60726 3.69311 4.92278 0.920442 8.92544 
3.91616 3.40369 1.87467 10.501 6.1278 6.0626 7.21076 3.63547 
10.5372 2.31183 9.14667 3.16154 2.17162 1.60541 1.09689 0.606445 
3.7852 0.598324 7.07898 1.75082 3.10371 1.53819 2.38483 5.49047 
1.75959 4.44324 4.60056 6.28642 1.23269 2.3988 2.88347 2.31183 
1.4838 3.12289 0 8.60768 2.10819 2.63561 2.30898 2.27297 
4.11694 12.891 1.62259 2.2621 4.32317 1.2959 1.96541 0.951057 
3.94541 0.918695 4.92203 1.72465 2.60726 3.82114 1.44016 3.05511 
4.17871 11.4728 9.49604 6.26281 8.04875 4.6576 3.45443 5.5626 
1.83152 3.31473 4.27906 0.709951 2.89685 4.63885 1.53819 5.07645 
12.0111 1.72465 1.22474 4.60056 4.85492 3.94541 9.14667 5.53413 
1.72765 2.79225 3.89009 1.85383 1.29019 2.27297 2.13593 10.6537 
5.80611 7.492 2.62149 2.60726 1.03009 6.71689 1.91487 3.85149 
0.690047 6.48682 0.646128 2.57881 10.0312 3.17779 4.91517 1.26206 
2.21437 8.60768 4.01126 4.44324 2.63561 2.64944 11.0214 9.49604 
2.27297 6.12404 7.494 1.96567 11.5787 6.71689 1.22474 4.55077 
3.94541 1.19166 4.81797 1.27323 5.039 1.07886 5.31352 3.82114 
5.77851 3.12289 9.76066 3.6874 0.892755 4.07069 10.5372 1.91491 
3.13031 2.25671 1.95482 3.27746 3.13031 0.555581 5.82302 0.918695 
1.95482 4.34086 1.79637 4.88967 13.66 8.47623 2.39109 6.24284 
1.18285 6.83481 2.71224 12.7201 4.36148 3.20334 7.21076 0.358162 
6.79456 3.69311 1.00985 2.27297 4.18135 9.76066 9.92799 13.2789 
7.1894 1.75959 1.98639 8.63822 2.41315 6.16203 4.30994 2.77293 
2.03492 8.31021 4.60056 1.1262 1.75082 1.77775 5.4451 2.02914 
5.31352 1.36413 12.6496 3.11386 13.6646 3.40369 4.4952 4.29061 
3.88581 4.4952 5.18416 5.07305 14.7354 0.306186 2.44949 3.18049 
1.88389 2.68135 1.14159 2.834 1.08766 0.982114 7.66927 1.8235 
4.27895 7.02947 1.40833 0.951057 3.43295 5.77878 2.68135 7.02947 
8.41245 2.44949 0.951057 0.982114 4.27895 7.02947 0 0 
0 0 0 0 0 0 0 0 
0 0 0 0 0 0 0 0 
0 0 0 0 0 0 0 0 
0 0 0 0 0 0 0 0 
# LVDC V2 t0 parameters T0 Error 
0 0 0 0 0 0 0 0 
0 0 0 0 0 0 0 0 
0 0 0 0 2.76455 0 0 2.76455 
2.76455 0 0 0.536656 5.65685 2.76455 2.68135 5.09877 
1.30656 0 1.40833 2.44949 12.6496 6.10432 3.61068 7.66927 
1.90459 8.47163 5.11081 7.66927 1.40833 1.60694 1.75398 7.492 
0.951057 2.23357 0.57735 9.41238 3.10371 9.94544 2.68135 10.7388 
0.866189 6.26281 3.10371 3.89026 2.48069 1.75901 1.03491 1.94874 
4.60056 3.64933 1.345 1.88105 2.85543 0.982114 22.078 3.27746 
0.788403 0.781387 5.11081 2.31183 11.2202 3.10371 5.58198 0.951057 
1.79085 2.31183 4.26367 1.44674 1.46302 1.54042 2.64182 1.78004 
1.35531 1.38892 5.74395 5.8586 1.14159 2.60726 1.82428 4.17871 
1.345 3.64933 9.94544 5.5243 2.88347 11.2202 8.08462 3.05511 
3.88581 1.40833 1.1262 6.21094 1.44016 14.7125 3.91616 5.8586 
9.94544 2.42369 1.88389 2.19831 2.42369 0 7.9576 9.0729 
9.04036 4.52104 0.555581 1.48263 1.96567 5.3076 5.42223 1.79085 
1.44016 6.67685 8.55939 2.21437 2.58199 2.85543 3.47555 0.653281 
4.35905 9.41238 8.92544 4.81797 5.49047 2.57881 0.536656 1.44016 
5.07645 6.26281 2.5151 1.29267 1.65654 3.18713 2.80614 6.12404 
1.23122 2.64944 5.9716 12.0111 13.6646 2.03933 1.75082 5.49047 
0.864761 6.05135 6.75779 4.85492 5.5243 5.4451 2.12202 5.81656 
3.10371 4.11439 6.03438 10.7388 9.04036 0.758947 0.864761 9.41238 
8.04668 3.64741 0.540034 3.91616 0.818611 2.85872 5.39001 5.06933 
1.11536 4.55077 1.25969 1.49803 3.31473 9.94038 3.63547 11.0187 
3.91616 3.51364 2.60726 5.13616 1.1454 5.39001 7.05623 3.15362 
4.21768 2.64182 3.45924 11.0214 3.11386 1.44183 2.15154 8.45244 
3.85149 5.40453 3.91233 9.12564 1.20356 5.72194 2.65118 1.76722 
2.99909 4.92278 5.58198 8.27866 2.834 2.06903 2.45689 5.80611 
3.53159 3.91233 8.45244 0.788403 14.3946 2.85543 6.75524 3.18707 
1.0286 6.68353 5.039 9.49604 1.44674 5.49047 1.89445 1.61449 
1.65246 3.27746 2.21437 3.90702 7.16707 12.6156 2.85468 0.653281 
2.12202 4.80288 1.72892 7.07898 0.941945 6.68353 3.12289 1.65246 
4.14433 3.47325 2.85543 0.653281 5.1479 0.622543 4.35905 8.27866 
5.1479 1.54042 0.33945 1.72465 1.02738 0.918695 5.1479 4.75809 
0.895146 22.6974 1.9866 1.1262 2.12202 9.04036 5.77851 1.79085 
5.81656 5.53478 1.23469 3.91616 3.48159 9.50897 2.1741 4.92203 
1.44016 5.8586 3.95016 1.89445 1.17235 3.03799 8.60768 14.2827 
3.59815 1.0286 2.30898 6.13969 0.932422 8.33891 5.74395 4.85492 
1.90117 3.13031 2.37134 9.14667 2.04064 2.64966 5.4451 2.63561 
6.88815 0.555581 5.03127 8.47163 7.492 1.8235 0.788403 6.26281 
0.653281 6.75524 4.03627 1.60694 4.58258 1.30656 0 2.68135 
0.982114 0.982114 5.09877 3.88235 7.66927 1.44016 5.09877 3.61068 
2.48069 5.65685 5.09877 5.09877 4.27895 1.82428 1.88389 5.65685 
0 3.53159 0 0 0 0 0 0 
0 0 0 0 0 0 0 0 
0 0 0 0 0 0 0 0 
