# RVDC U1 t0 parameters 
2644 2947.1 2947.1 2947.1 2947.1 2947.1 2947.1 2947.1 
2947.1 2947.1 2947.1 2947.1 2947.1 2947.1 2947.1 2947.1 
2947.1 2944 2944 2944 2944 2944 2944 2944 
2944 2944 2944 2944 2944 2944 2944 2944 
2944 2942 2942 2942 2942 2942 2942 2942 
2942 2942 2942 2942 2942 2942 2942 2942 
2942 2940.5 2940.5 2940.5 2940.5 2940.5 2940.5 2940.5 
2940.5 2940.5 2940.5 2940.5 2940.5 2940.5 2940.5 2940.5 
2940.5 2941.7 2941.7 2941.7 2941.7 2941.7 2941.7 2941.7 
2941.7 2941.7 2941.7 2941.7 2941.7 2941.7 2941.7 2941.7 
2941.7 2942.9 2942.9 2942.9 2942.9 2942.9 2942.9 2942.9 
2942.9 2942.9 2942.9 2942.9 2942.9 2942.9 2942.9 2942.9 
2942.9 2946.6 2946.6 2946.6 2946.6 2946.6 2946.6 2946.6 
2946.6 2946.6 2946.6 2946.6 2946.6 2946.6 2946.6 2946.6 
2946.6 2944.6 2944.6 2944.6 2944.6 2944.6 2944.6 2944.6 
2944.6 2944.6 2944.6 2944.6 2944.6 2944.6 2944.6 2944.6 
2944.6 2944.1 2944.1 2944.1 2944.1 2944.1 2944.1 2944.1 
2944.1 2944.1 2944.1 2944.1 2944.1 2944.1 2944.1 2944.1 
2944.1 2942.1 2942.1 2942.1 2942.1 2942.1 2942.1 2942.1 
2942.1 2942.1 2942.1 2942.1 2942.1 2942.1 2942.1 2942.1 
2942.1 2940.6 2940.6 2940.6 2940.6 2940.6 2940.6 2940.6 
2940.6 2940.6 2940.6 2940.6 2940.6 2940.6 2940.6 2940.6 
2940.6 2940.5 2940.5 2940.5 2940.5 2940.5 2940.5 2940.5 
2940.5 2940.5 2940.5 2940.5 2940.5 2940.5 2940.5 2940.5 
2940.5 2945.4 2945.4 2945.4 2945.4 2945.4 2945.4 2945.4 
2945.4 2945.4 2945.4 2945.4 2945.4 2945.4 2945.4 2945.4 
2945.4 2943.8 2943.8 2943.8 2943.8 2943.8 2943.8 2943.8 
2943.8 2943.8 2943.8 2943.8 2943.8 2943.8 2943.8 2943.8 
2943.8 2944.9 2944.9 2944.9 2944.9 2944.9 2944.9 2944.9 
2944.9 2944.9 2944.9 2944.9 2944.9 2944.9 2944.9 2944.9 
2944.9 2942.5 2942.5 2942.5 2942.5 2942.5 2942.5 2942.5 
2942.5 2942.5 2942.5 2942.5 2942.5 2942.5 2942.5 2942.5 
2942.5 2945.7 2945.7 2945.7 2945.7 2945.7 2945.7 2945.7 
2945.7 2945.7 2945.7 2945.7 2945.7 2945.7 2945.7 2945.7 
2945.7 2945.4 2945.4 2945.4 2633.17 2945.4 2945.4 2945.4 
2945.4 2945.4 2945.4 2945.4 2945.4 2945.4 2945.4 2945.4 
2945.4 2947.1 2947.1 2947.1 2947.1 2947.1 2947.1 2947.1 
2947.1 2947.1 2947.1 2947.1 2947.1 2947.1 2947.1 2947.1 
2947.1 2945.1 2945.1 2945.1 2945.1 2945.1 2945.1 2945.1 
2945.1 2945.1 2945.1 2945.1 2945.1 2945.1 2945.1 2945.1 
2945.1 2945.8 2945.8 2945.8 2945.8 2945.8 2945.8 2945.8 
2945.8 2945.8 2945.8 2945.8 2945.8 2945.8 2945.8 2945.8 
2945.8 2945 2945 2945 2945 2945 2945 2945 
2945 2945 2945 2945 2945 2945 2945 2945 
2945 2945 2945 2945 2945 2945 2945 2945 
2945 2945 2945 2945 2945 2945 2945 2945 
# RVDC U2 t0 parameters 
2634.6 2934.9 2934.9 2934.9 2934.9 2934.9 2934.9 2934.9 
2934.9 2934.9 2934.9 2934.9 2934.9 2934.9 2934.9 2934.9 
2934.9 2930.4 2930.4 2930.4 2930.4 2930.4 2930.4 2930.4 
2930.4 2930.4 2930.4 2930.4 2930.4 2930.4 2930.4 2930.4 
2930.4 2931.6 2931.6 2931.6 2931.6 2931.6 2931.6 2931.6 
2931.6 2931.6 2931.6 2931.6 2931.6 2931.6 2931.6 2931.6 
2931.6 2930.4 2930.4 2930.4 2930.4 2930.4 2930.4 2930.4 
2930.4 2930.4 2930.4 2930.4 2930.4 2930.4 2930.4 2930.4 
2930.4 2933.4 2933.4 2933.4 2933.4 2933.4 2933.4 2933.4 
2933.4 2933.4 2933.4 2933.4 2933.4 2933.4 2933.4 2933.4 
2933.4 2930.4 2930.4 2930.4 2930.4 2930.4 2930.4 2930.4 
2930.4 2930.4 2930.4 2930.4 2930.4 2930.4 2930.4 2930.4 
2930.4 2942.4 2942.4 2942.4 2942.4 2942.4 2942.4 2942.4 
2942.4 2942.4 2942.4 2942.4 2942.4 2942.4 2942.4 2942.4 
2942.4 2941.6 2941.6 2941.6 2941.6 2941.6 2941.6 2941.6 
2941.6 2941.6 2941.6 2941.6 2941.6 2941.6 2941.6 2941.6 
2941.6 2939.4 2939.4 2939.4 2939.4 2939.4 2939.4 2939.4 
2939.4 2939.4 2939.4 2939.4 2939.4 2939.4 2939.4 2939.4 
2939.4 2935.7 2935.7 2935.7 2935.7 2935.7 2935.7 2935.7 
2935.7 2935.7 2935.7 2935.7 2935.7 2935.7 2935.7 2935.7 
2935.7 2938.4 2938.4 2938.4 2938.4 2938.4 2938.4 2938.4 
2938.4 2938.4 2938.4 2938.4 2938.4 2938.4 2938.4 2938.4 
2938.4 2938.7 2938.7 2938.7 2938.7 2938.7 2938.7 2938.7 
2938.7 2938.7 2938.7 2938.7 2938.7 2938.7 2938.7 2938.7 
2938.7 2940.5 2940.5 2940.5 2940.5 2940.5 2940.5 2940.5 
2940.5 2940.5 2940.5 2940.5 2940.5 2940.5 2940.5 2940.5 
2940.5 2939.4 2939.4 2939.4 2939.4 2939.4 2939.4 2939.4 
2939.4 2939.4 2939.4 2939.4 2939.4 2939.4 2939.4 2939.4 
2939.4 2941.2 2941.2 2941.2 2941.2 2941.2 2941.2 2941.2 
2941.2 2941.2 2941.2 2941.2 2941.2 2941.2 2941.2 2941.2 
2941.2 2940.5 2940.5 2940.5 2940.5 2940.5 2940.5 2940.5 
2940.5 2940.5 2940.5 2940.5 2940.5 2940.5 2940.5 2940.5 
2940.5 2940.8 2940.8 2940.8 2940.8 2940.8 2940.8 2940.8 
2940.8 2940.8 2940.8 2940.8 2940.8 2940.8 2940.8 2940.8 
2940.8 2939.5 2939.5 2939.5 2939.5 2939.5 2939.5 2939.5 
2939.5 2939.5 2939.5 2939.5 2939.5 2939.5 2939.5 2939.5 
2939.5 2947 2947 2947 2947 2947 2947 2947 
2947 2947 2947 2947 2947 2947 2947 2947 
2947 2944.1 2944.1 2944.1 2944.1 2944.1 2944.1 2944.1 
2944.1 2944.1 2944.1 2944.1 2944.1 2944.1 2944.1 2944.1 
2944.1 2945.1 2945.1 2945.1 2945.1 2945.1 2945.1 2945.1 
2945.1 2945.1 2945.1 2945.1 2945.1 2945.1 2945.1 2945.1 
2945.1 2943.2 2943.2 2943.2 2943.2 2943.2 2943.2 2943.2 
2943.2 2943.2 2943.2 2943.2 2943.2 2943.2 2943.2 2943.2 
2943.2 2943.2 2943.2 2943.2 2943.2 2943.2 2943.2 2943.2 
2943.2 2943.2 2943.2 2943.2 2943.2 2943.2 2943.2 2943.2 
# RVDC V1 t0 parameters 
2649.3 2943.8 2943.8 2943.8 2943.8 2943.8 2943.8 2943.8 
2943.8 2943.8 2943.8 2943.8 2943.8 2943.8 2943.8 2943.8 
2943.8 2943.4 2943.4 2943.4 2943.4 2943.4 2943.4 2943.4 
2943.4 2943.4 2943.4 2943.4 2943.4 2943.4 2943.4 2943.4 
2943.4 2942.7 2942.7 2942.7 2942.7 2942.7 2942.7 2942.7 
2942.7 2942.7 2942.7 2942.7 2942.7 2942.7 2942.7 2942.7 
2942.7 2943.8 2943.8 2943.8 2943.8 2943.8 2943.8 2943.8 
2943.8 2943.8 2943.8 2943.8 2943.8 2943.8 2943.8 2943.8 
2943.8 2946.3 2946.3 2946.3 2946.3 2946.3 2946.3 2946.3 
2946.3 2946.3 2946.3 2946.3 2946.3 2946.3 2946.3 2946.3 
2946.3 2945.4 2945.4 2945.4 2945.4 2945.4 2945.4 2945.4 
2945.4 2945.4 2945.4 2945.4 2945.4 2945.4 2945.4 2945.4 
2945.4 2954.1 2954.1 2954.1 2954.1 2954.1 2954.1 2954.1 
2954.1 2954.1 2954.1 2954.1 2954.1 2954.1 2954.1 2954.1 
2954.1 2953.7 2953.7 2953.7 2953.7 2953.7 2953.7 2953.7 
2953.7 2953.7 2953.7 2953.7 2953.7 2953.7 2953.7 2953.7 
2953.7 2948.1 2948.1 2948.1 2948.1 2948.1 2948.1 2948.1 
2948.1 2948.1 2948.1 2948.1 2948.1 2948.1 2948.1 2948.1 
2948.1 2947.3 2947.3 2947.3 2947.3 2947.3 2947.3 2947.3 
2947.3 2947.3 2947.3 2947.3 2947.3 2947.3 2947.3 2947.3 
2947.3 2951.2 2951.2 2951.2 2951.2 2951.2 2951.2 2951.2 
2951.2 2951.2 2951.2 2951.2 2951.2 2951.2 2951.2 2951.2 
2951.2 2945.4 2945.4 2945.4 2945.4 2945.4 2945.4 2945.4 
2945.4 2945.4 2945.4 2945.4 2945.4 2945.4 2945.4 2945.4 
2945.4 2952.2 2952.2 2952.2 2952.2 2952.2 2952.2 2952.2 
2952.2 2952.2 2952.2 2952.2 2952.2 2952.2 2952.2 2952.2 
2952.2 2948.2 2948.2 2948.2 2948.2 2948.2 2948.2 2948.2 
2948.2 2948.2 2948.2 2948.2 2948.2 2948.2 2948.2 2948.2 
2948.2 2950.7 2950.7 2950.7 2950.7 2950.7 2950.7 2950.7 
2950.7 2950.7 2950.7 2950.7 2950.7 2950.7 2950.7 2950.7 
2950.7 2950.7 2950.7 2950.7 2950.7 2950.7 2950.7 2950.7 
2950.7 2950.7 2950.7 2950.7 2950.7 2950.7 2950.7 2950.7 
2950.7 2953.9 2644.5 2953.9 2953.9 2953.9 2953.9 2953.9 
2953.9 2953.9 2953.9 2953.9 2953.9 2953.9 2953.9 2953.9 
2953.9 2955.3 2955.3 2955.3 2955.3 2955.3 2955.3 2955.3 
2955.3 2955.3 2955.3 2955.3 2955.3 2955.3 2955.3 2955.3 
2955.3 2959 2959 2959 2959 2959 2959 2959 
2959 2959 2959 2959 2959 2959 2959 2959 
2959 2954.5 2954.5 2954.5 2954.5 2954.5 2954.5 2954.5 
2954.5 2954.5 2954.5 2954.5 2954.5 2954.5 2954.5 2954.5 
2954.5 2954.4 2954.4 2954.4 2954.4 2954.4 2954.4 2954.4 
2954.4 2954.4 2954.4 2954.4 2954.4 2954.4 2954.4 2954.4 
2954.4 2952.5 2952.5 2952.5 2952.5 2952.5 2952.5 2952.5 
2952.5 2952.5 2952.5 2952.5 2952.5 2952.5 2952.5 2952.5 
2952.5 2952.5 2952.5 2952.5 2952.5 2952.5 2952.5 2952.5 
2952.5 2952.5 2952.5 2952.5 2952.5 2952.5 2952.5 2952.5 
# RVDC V2 t0 parameters 
2652.7 2945.8 2945.8 2945.8 2945.8 2945.8 2945.8 2945.8 
2945.8 2945.8 2945.8 2945.8 2945.8 2945.8 2945.8 2945.8 
2945.8 2939.7 2939.7 2939.7 2939.7 2939.7 2939.7 2939.7 
2939.7 2939.7 2939.7 2939.7 2939.7 2939.7 2939.7 2939.7 
2939.7 2942.4 2942.4 2942.4 2942.4 2942.4 2942.4 2942.4 
2942.4 2942.4 2942.4 2942.4 2942.4 2942.4 2942.4 2942.4 
2942.4 2940.7 2940.7 2940.7 2940.7 2940.7 2940.7 2940.7 
2940.7 2940.7 2940.7 2940.7 2940.7 2940.7 2940.7 2940.7 
2940.7 2943 2943 2943 2943 2943 2943 2943 
2943 2943 2943 2943 2943 2943 2943 2943 
2943 2942.4 2942.4 2942.4 2942.4 2942.4 2942.4 2942.4 
2942.4 2942.4 2942.4 2942.4 2942.4 2942.4 2942.4 2942.4 
2942.4 2950.5 2950.5 2950.5 2950.5 2950.5 2950.5 2950.5 
2950.5 2950.5 2950.5 2950.5 2950.5 2950.5 2950.5 2950.5 
2950.5 2946.4 2946.4 2946.4 2946.4 2946.4 2946.4 2946.4 
2946.4 2946.4 2946.4 2946.4 2946.4 2946.4 2946.4 2946.4 
2946.4 2941.2 2941.2 2941.2 2941.2 2941.2 2941.2 2941.2 
2941.2 2941.2 2941.2 2941.2 2941.2 2941.2 2941.2 2941.2 
2941.2 2940.6 2940.6 2940.6 2940.6 2940.6 2940.6 2940.6 
2940.6 2940.6 2940.6 2940.6 2940.6 2940.6 2940.6 2940.6 
2940.6 2941.6 2941.6 2941.6 2941.6 2941.6 2941.6 2941.6 
2941.6 2941.6 2941.6 2941.6 2941.6 2941.6 2941.6 2941.6 
2941.6 2940.8 2940.8 2940.8 2940.8 2940.8 2940.8 2940.8 
2940.8 2940.8 2940.8 2940.8 2940.8 2940.8 2940.8 2940.8 
2940.8 2945.3 2945.3 2945.3 2945.3 2945.3 2945.3 2945.3 
2945.3 2945.3 2945.3 2945.3 2945.3 2945.3 2945.3 2945.3 
2945.3 2942.7 2942.7 2942.7 2942.7 2942.7 2942.7 2942.7 
2942.7 2942.7 2942.7 2942.7 2942.7 2942.7 2942.7 2942.7 
2942.7 2942 2942 2942 2942 2942 2942 2942 
2942 2942 2942 2942 2942 2942 2942 2942 
2942 2944.5 2944.5 2944.5 2944.5 2944.5 2944.5 2944.5 
2944.5 2944.5 2944.5 2944.5 2944.5 2944.5 2944.5 2944.5 
2944.5 2945.4 2945.4 2945.4 2945.4 2945.4 2945.4 2945.4 
2945.4 2945.4 2945.4 2945.4 2945.4 2945.4 2945.4 2945.4 
2945.4 2943.5 2943.5 2943.5 2943.5 2943.5 2943.5 2943.5 
2943.5 2943.5 2943.5 2943.5 2943.5 2943.5 2943.5 2943.5 
2943.5 2954 2954 2954 2954 2954 2954 2954 
2954 2954 2954 2954 2954 2954 2954 2954 
2954 2947.3 2947.3 2947.3 2947.3 2947.3 2947.3 2947.3 
2947.3 2947.3 2947.3 2947.3 2947.3 2947.3 2947.3 2947.3 
2947.3 2950.9 2950.9 2950.9 2950.9 2950.9 2950.9 2950.9 
2950.9 2950.9 2950.9 2950.9 2950.9 2950.9 2950.9 2950.9 
2950.9 2952.3 2952.3 2952.3 2952.3 2952.3 2952.3 2952.3 
2952.3 2952.3 2952.3 2952.3 2952.3 2952.3 2952.3 2952.3 
2952.3 2942.4 2942.4 2942.4 2942.4 2942.4 2942.4 2942.4 
2942.4 2942.4 2942.4 2942.4 2942.4 2942.4 2942.4 2942.4 
# LVDC U1 t0 parameters 
2947.1 2947.1 2947.1 2947.1 2947.1 2947.1 2947.1 2947.1 
2947.1 2947.1 2947.1 2947.1 2947.1 2947.1 2947.1 2947.1 
2944 2944 2944 2944 2944 2944 2944 2944 
2944 2944 2944 2944 2944 2944 2944 2944 
2942 2942 2942 2942 2942 2942 2942 2942 
2942 2942 2942 2942 2942 2942 2942 2942 
2940.5 2940.5 2940.5 2940.5 2940.5 2940.5 2940.5 2940.5 
2940.5 2940.5 2940.5 2940.5 2940.5 2940.5 2940.5 2940.5 
2941.7 2941.7 2941.7 2941.7 2941.7 2941.7 2941.7 2941.7 
2941.7 2941.7 2941.7 2941.7 2941.7 2941.7 2941.7 2941.7 
2942.9 2942.9 2942.9 2942.9 2942.9 2942.9 2942.9 2942.9 
2942.9 2942.9 2942.9 2942.9 2942.9 2942.9 2942.9 2942.9 
2946.6 2946.6 2946.6 2946.6 2946.6 2946.6 2946.6 2946.6 
2946.6 2946.6 2946.6 2946.6 2946.6 2946.6 2946.6 2946.6 
2944.6 2944.6 2944.6 2944.6 2944.6 2944.6 2944.6 2944.6 
2944.6 2944.6 2944.6 2944.6 2944.6 2944.6 2944.6 2944.6 
2944.1 2944.1 2944.1 2944.1 2944.1 2944.1 2944.1 2944.1 
2944.1 2944.1 2944.1 2944.1 2944.1 2944.1 2944.1 2944.1 
2942.1 2942.1 2942.1 2942.1 2942.1 2942.1 2942.1 2942.1 
2942.1 2942.1 2942.1 2942.1 2942.1 2942.1 2942.1 2942.1 
2940.6 2940.6 2940.6 2940.6 2940.6 2940.6 2940.6 2940.6 
2940.6 2940.6 2940.6 2940.6 2940.6 2940.6 2940.6 2940.6 
2940.5 2940.5 2940.5 2940.5 2940.5 2940.5 2940.5 2940.5 
2940.5 2940.5 2940.5 2940.5 2940.5 2940.5 2940.5 2940.5 
2945.4 2945.4 2945.4 2945.4 2945.4 2945.4 2945.4 2945.4 
2945.4 2945.4 2945.4 2945.4 2945.4 2945.4 2945.4 2945.4 
2943.8 2943.8 2943.8 2943.8 2943.8 2943.8 2943.8 2943.8 
2943.8 2943.8 2943.8 2943.8 2943.8 2943.8 2943.8 2943.8 
2944.9 2944.9 2944.9 2944.9 2944.9 2944.9 2944.9 2944.9 
2944.9 2944.9 2944.9 2944.9 2944.9 2944.9 2944.9 2944.9 
2942.5 2942.5 2942.5 2942.5 2942.5 2942.5 2942.5 2942.5 
2942.5 2942.5 2942.5 2942.5 2942.5 2942.5 2942.5 2942.5 
2945.7 2945.7 2945.7 2945.7 2945.7 2945.7 2945.7 2945.7 
2945.7 2945.7 2945.7 2945.7 2945.7 2945.7 2945.7 2945.7 
2945.4 2945.4 2945.4 2945.4 2945.4 2945.4 2945.4 2945.4 
2945.4 2945.4 2945.4 2945.4 2945.4 2945.4 2945.4 2945.4 
2947.1 2947.1 2947.1 2947.1 2947.1 2947.1 2947.1 2947.1 
2947.1 2947.1 2947.1 2947.1 2947.1 2947.1 2947.1 2947.1 
2945.1 2945.1 2945.1 2945.1 2945.1 2945.1 2945.1 2945.1 
2945.1 2945.1 2945.1 2945.1 2945.1 2945.1 2945.1 2945.1 
2945.8 2945.8 2945.8 2945.8 2945.8 2945.8 2945.8 2945.8 
2945.8 2945.8 2945.8 2945.8 2945.8 2945.8 2945.8 2945.8 
2945 2945 2945 2945 2945 2945 2945 2945 
2945 2945 2945 2945 2945 2945 2945 2945 
2945 2945 2945 2945 2945 2945 2945 2945 
2945 2945 2945 2945 2945 2945 2945 2644 
# LVDC U2 t0 parameters 
2934.9 2934.9 2934.9 2934.9 2934.9 2934.9 2934.9 2934.9 
2934.9 2934.9 2934.9 2934.9 2934.9 2934.9 2934.9 2934.9 
2930.4 2930.4 2930.4 2930.4 2930.4 2930.4 2930.4 2930.4 
2930.4 2930.4 2930.4 2930.4 2930.4 2930.4 2930.4 2930.4 
2931.6 2931.6 2931.6 2931.6 2931.6 2931.6 2931.6 2931.6 
2931.6 2931.6 2931.6 2931.6 2931.6 2931.6 2931.6 2931.6 
2930.4 2930.4 2930.4 2930.4 2930.4 2930.4 2930.4 2930.4 
2930.4 2930.4 2930.4 2930.4 2930.4 2930.4 2930.4 2930.4 
2933.4 2933.4 2933.4 2933.4 2933.4 2933.4 2933.4 2933.4 
2933.4 2933.4 2933.4 2933.4 2933.4 2933.4 2933.4 2933.4 
2930.4 2930.4 2930.4 2930.4 2930.4 2930.4 2930.4 2930.4 
2930.4 2930.4 2930.4 2930.4 2930.4 2930.4 2930.4 2930.4 
2942.4 2942.4 2942.4 2942.4 2942.4 2942.4 2942.4 2942.4 
2942.4 2942.4 2942.4 2942.4 2942.4 2942.4 2942.4 2942.4 
2941.6 2941.6 2941.6 2941.6 2941.6 2941.6 2941.6 2941.6 
2941.6 2941.6 2941.6 2941.6 2941.6 2941.6 2941.6 2941.6 
2939.4 2939.4 2939.4 2939.4 2939.4 2939.4 2939.4 2939.4 
2939.4 2939.4 2939.4 2939.4 2939.4 2939.4 2939.4 2939.4 
2935.7 2935.7 2935.7 2935.7 2935.7 2935.7 2935.7 2935.7 
2935.7 2935.7 2935.7 2935.7 2935.7 2935.7 2935.7 2935.7 
2938.4 2938.4 2938.4 2938.4 2938.4 2938.4 2938.4 2938.4 
2938.4 2938.4 2938.4 2938.4 2938.4 2938.4 2938.4 2938.4 
2938.7 2938.7 2938.7 2938.7 2938.7 2938.7 2938.7 2938.7 
2938.7 2938.7 2938.7 2938.7 2938.7 2938.7 2938.7 2938.7 
2940.5 2940.5 2940.5 2940.5 2940.5 2940.5 2940.5 2940.5 
2940.5 2940.5 2940.5 2940.5 2940.5 2940.5 2940.5 2940.5 
2939.4 2939.4 2939.4 2939.4 2939.4 2939.4 2939.4 2939.4 
2939.4 2939.4 2939.4 2939.4 2939.4 2939.4 2939.4 2939.4 
2941.2 2941.2 2941.2 2941.2 2941.2 2941.2 2941.2 2941.2 
2941.2 2941.2 2941.2 2941.2 2941.2 2941.2 2941.2 2941.2 
2940.5 2940.5 2940.5 2940.5 2940.5 2940.5 2940.5 2940.5 
2940.5 2940.5 2940.5 2940.5 2940.5 2940.5 2940.5 2940.5 
2940.8 2940.8 2940.8 2940.8 2940.8 2940.8 2940.8 2940.8 
2940.8 2940.8 2940.8 2940.8 2940.8 2940.8 2940.8 2940.8 
2939.5 2939.5 2939.5 2939.5 2939.5 2939.5 2939.5 2939.5 
2939.5 2939.5 2939.5 2939.5 2939.5 2939.5 2939.5 2939.5 
2947 2947 2947 2947 2947 2947 2947 2947 
2947 2947 2947 2947 2947 2947 2947 2947 
2944.1 2944.1 2944.1 2944.1 2944.1 2944.1 2944.1 2944.1 
2944.1 2944.1 2944.1 2944.1 2944.1 2944.1 2944.1 2944.1 
2945.1 2945.1 2945.1 2945.1 2945.1 2945.1 2945.1 2945.1 
2945.1 2945.1 2945.1 2945.1 2945.1 2945.1 2945.1 2945.1 
2943.2 2943.2 2943.2 2943.2 2943.2 2943.2 2943.2 2943.2 
2943.2 2943.2 2943.2 2943.2 2943.2 2943.2 2943.2 2943.2 
2943.2 2943.2 2943.2 2943.2 2943.2 2943.2 2943.2 2943.2 
2943.2 2943.2 2943.2 2943.2 2943.2 2943.2 2943.2 2947.1 
# LVDC V1 t0 parameters 
2943.8 2943.8 2943.8 2943.8 2943.8 2943.8 2943.8 2943.8 
2943.8 2943.8 2943.8 2943.8 2943.8 2943.8 2943.8 2943.8 
2943.4 2943.4 2943.4 2943.4 2943.4 2943.4 2943.4 2943.4 
2943.4 2943.4 2943.4 2943.4 2943.4 2943.4 2943.4 2943.4 
2942.7 2942.7 2942.7 2942.7 2942.7 2942.7 2942.7 2942.7 
2942.7 2942.7 2942.7 2942.7 2942.7 2942.7 2942.7 2942.7 
2943.8 2943.8 2943.8 2943.8 2943.8 2943.8 2943.8 2943.8 
2943.8 2943.8 2943.8 2943.8 2943.8 2943.8 2943.8 2943.8 
2946.3 2946.3 2946.3 2946.3 2946.3 2946.3 2946.3 2946.3 
2946.3 2946.3 2946.3 2946.3 2946.3 2946.3 2946.3 2946.3 
2945.4 2945.4 2945.4 2945.4 2945.4 2945.4 2945.4 2945.4 
2945.4 2945.4 2945.4 2945.4 2945.4 2945.4 2945.4 2945.4 
2954.1 2954.1 2954.1 2954.1 2954.1 2954.1 2954.1 2954.1 
2954.1 2954.1 2954.1 2954.1 2954.1 2954.1 2954.1 2954.1 
2953.7 2953.7 2953.7 2953.7 2953.7 2953.7 2953.7 2953.7 
2953.7 2953.7 2953.7 2953.7 2953.7 2953.7 2953.7 2953.7 
2948.1 2948.1 2948.1 2948.1 2948.1 2948.1 2948.1 2948.1 
2948.1 2948.1 2948.1 2948.1 2948.1 2948.1 2948.1 2948.1 
2947.3 2947.3 2947.3 2947.3 2947.3 2947.3 2947.3 2947.3 
2947.3 2947.3 2947.3 2947.3 2947.3 2947.3 2947.3 2947.3 
2951.2 2951.2 2951.2 2951.2 2951.2 2951.2 2951.2 2951.2 
2951.2 2951.2 2951.2 2951.2 2951.2 2951.2 2951.2 2951.2 
2945.4 2945.4 2945.4 2945.4 2945.4 2945.4 2945.4 2945.4 
2945.4 2945.4 2945.4 2945.4 2945.4 2945.4 2945.4 2945.4 
2952.2 2952.2 2952.2 2952.2 2952.2 2952.2 2952.2 2952.2 
2952.2 2952.2 2952.2 2952.2 2952.2 2952.2 2952.2 2952.2 
2948.2 2948.2 2948.2 2948.2 2948.2 2948.2 2948.2 2948.2 
2948.2 2948.2 2948.2 2948.2 2948.2 2948.2 2948.2 2948.2 
2950.7 2950.7 2950.7 2950.7 2950.7 2950.7 2950.7 2950.7 
2950.7 2950.7 2950.7 2950.7 2950.7 2950.7 2950.7 2950.7 
2950.7 2950.7 2950.7 2950.7 2950.7 2950.7 2950.7 2950.7 
2950.7 2950.7 2950.7 2950.7 2950.7 2950.7 2950.7 2950.7 
2953.9 2953.9 2953.9 2953.9 2953.9 2953.9 2953.9 2953.9 
2953.9 2953.9 2953.9 2953.9 2953.9 2953.9 2953.9 2953.9 
2955.3 2955.3 2955.3 2955.3 2955.3 2955.3 2955.3 2955.3 
2955.3 2955.3 2955.3 2955.3 2955.3 2955.3 2955.3 2955.3 
2959 2959 2959 2959 2959 2959 2959 2959 
2959 2959 2959 2959 2959 2959 2959 2959 
2954.5 2954.5 2954.5 2954.5 2954.5 2954.5 2954.5 2954.5 
2954.5 2954.5 2954.5 2954.5 2954.5 2954.5 2954.5 2954.5 
2954.4 2954.4 2954.4 2954.4 2954.4 2954.4 2954.4 2954.4 
2954.4 2954.4 2954.4 2954.4 2954.4 2954.4 2954.4 2954.4 
2952.5 2952.5 2952.5 2952.5 2952.5 2952.5 2952.5 2952.5 
2952.5 2952.5 2952.5 2952.5 2952.5 2952.5 2952.5 2952.5 
2952.5 2952.5 2952.5 2952.5 2952.5 2952.5 2952.5 2952.5 
2952.5 2952.5 2952.5 2952.5 2952.5 2952.5 2952.5 2947.1 
# LVDC V2 t0 parameters 
2945.8 2945.8 2945.8 2945.8 2945.8 2945.8 2945.8 2945.8 
2945.8 2945.8 2945.8 2945.8 2945.8 2945.8 2945.8 2945.8 
2939.7 2939.7 2939.7 2939.7 2939.7 2939.7 2939.7 2939.7 
2939.7 2939.7 2939.7 2939.7 2939.7 2939.7 2939.7 2939.7 
2942.4 2942.4 2942.4 2942.4 2942.4 2942.4 2942.4 2942.4 
2942.4 2942.4 2942.4 2942.4 2942.4 2942.4 2942.4 2942.4 
2940.7 2940.7 2940.7 2940.7 2940.7 2940.7 2940.7 2940.7 
2940.7 2940.7 2940.7 2940.7 2940.7 2940.7 2940.7 2940.7 
2943 2943 2943 2943 2943 2943 2943 2943 
2943 2943 2943 2943 2943 2943 2943 2943 
2942.4 2942.4 2942.4 2942.4 2942.4 2942.4 2942.4 2942.4 
2942.4 2942.4 2942.4 2942.4 2942.4 2942.4 2942.4 2942.4 
2950.5 2950.5 2950.5 2950.5 2950.5 2950.5 2950.5 2950.5 
2950.5 2950.5 2950.5 2950.5 2950.5 2950.5 2950.5 2950.5 
2946.4 2946.4 2946.4 2946.4 2946.4 2946.4 2946.4 2946.4 
2946.4 2946.4 2946.4 2946.4 2946.4 2946.4 2946.4 2946.4 
2941.2 2941.2 2941.2 2941.2 2941.2 2941.2 2941.2 2941.2 
2941.2 2941.2 2941.2 2941.2 2941.2 2941.2 2941.2 2941.2 
2940.6 2940.6 2940.6 2940.6 2940.6 2940.6 2940.6 2940.6 
2940.6 2940.6 2940.6 2940.6 2940.6 2940.6 2940.6 2940.6 
2941.6 2941.6 2941.6 2941.6 2941.6 2941.6 2941.6 2941.6 
2941.6 2941.6 2941.6 2941.6 2941.6 2941.6 2941.6 2941.6 
2940.8 2940.8 2940.8 2940.8 2940.8 2940.8 2940.8 2940.8 
2940.8 2940.8 2940.8 2940.8 2940.8 2940.8 2940.8 2940.8 
2945.3 2945.3 2945.3 2945.3 2945.3 2945.3 2945.3 2945.3 
2945.3 2945.3 2945.3 2945.3 2945.3 2945.3 2945.3 2945.3 
2942.7 2942.7 2942.7 2942.7 2942.7 2942.7 2942.7 2942.7 
2942.7 2942.7 2942.7 2942.7 2942.7 2942.7 2942.7 2942.7 
2942 2942 2942 2942 2942 2942 2942 2942 
2942 2942 2942 2942 2942 2942 2942 2942 
2944.5 2944.5 2944.5 2944.5 2944.5 2944.5 2944.5 2944.5 
2944.5 2944.5 2944.5 2944.5 2944.5 2944.5 2944.5 2944.5 
2945.4 2945.4 2945.4 2945.4 2945.4 2945.4 2945.4 2945.4 
2945.4 2945.4 2945.4 2945.4 2945.4 2945.4 2945.4 2945.4 
2943.5 2943.5 2943.5 2943.5 2943.5 2943.5 2943.5 2943.5 
2943.5 2943.5 2943.5 2943.5 2943.5 2943.5 2943.5 2943.5 
2954 2954 2954 2954 2954 2954 2954 2954 
2954 2954 2954 2954 2954 2954 2954 2954 
2947.3 2947.3 2947.3 2947.3 2947.3 2947.3 2947.3 2947.3 
2947.3 2947.3 2947.3 2947.3 2947.3 2947.3 2947.3 2947.3 
2950.9 2950.9 2950.9 2950.9 2950.9 2950.9 2950.9 2950.9 
2950.9 2950.9 2950.9 2950.9 2950.9 2950.9 2950.9 2950.9 
2952.3 2952.3 2952.3 2952.3 2952.3 2952.3 2952.3 2952.3 
2952.3 2952.3 2952.3 2952.3 2952.3 2952.3 2952.3 2952.3 
2942.4 2942.4 2942.4 2942.4 2942.4 2942.4 2942.4 2942.4 
2942.4 2942.4 2942.4 2942.4 2942.4 2942.4 2942.4 2947.1 
