# RVDC U1 t0 parameters 
2644 2947.1 2947.1 2947.1 2947.1 2947.1 2947.1 2947.1 
2947.1 2947.1 2947.1 2947.1 2947.1 2947.1 2947.1 2947.1 
2947.1 2944 2944 2944 2944 2944 2944 2944 
2944 2944 2944 2944 2158.5 2595.17 2605.5 2394.83 
2495.9 2626 2362 2628.5 2639 2636.5 2605.5 2632.5 
2637.17 2635.7 2634.75 2634.36 2638.5 2636.1 2616.7 2634.9 
2632.79 2642.5 2639.06 2633.36 2639.5 2626.17 2637.5 2636.5 
2634.83 2635.5 2641.5 2563.5 2640.28 2633.36 2632.5 2636.5 
2645 2638.7 2638.32 2638.75 2638.17 2637.25 2633.33 2636.21 
2635.67 2640.33 2638.33 2645.83 2640.5 2638.17 2637.83 2638.5 
2639.36 2631.75 2634.17 2636.5 2635.06 2638.1 2636.83 2636.5 
2635.3 2633.39 2631.17 2633.5 2627.25 2629.94 2636.36 2629 
2642.41 2640.77 2641.7 2638.5 2642.06 2638.93 2644 2640.25 
2638.72 2638.5 2641.1 2641.5 2642.5 2638.61 2642.5 2637.64 
2644.9 2638.61 2644.93 2640.1 2641.64 2640.07 2642.94 2639.59 
2638.9 2639.25 2642.72 2643.3 2635.95 2639.04 2636.5 2636.25 
2646.83 2640.1 2641.05 2644.3 2645.17 2642.68 2646.5 2642.39 
2640 2640.97 2649.17 2642.17 2645.5 2639.5 2638.75 2644.61 
2645.5 2639 2638.75 2644.25 2641.28 2640.5 2645.5 2645.5 
2638 2645.36 2640.33 2639.75 2642.5 2641.5 2642.83 2640.64 
2642.27 2640.17 2640.5 2642.04 2645.28 2643.5 2645.67 2645.5 
2648.17 2643.5 2645.5 2645.3 2647.94 2642.72 2646.9 2640.83 
2647.17 2644.95 2647.5 2644.9 2643.73 2645.59 2647.5 2644.5 
2642.25 2644.75 2646.5 2637.67 2639.75 2639.72 2642.1 2639.06 
2641.14 2640.67 2642.65 2641.5 2650.33 2647.14 2645.5 2646.5 
2645.5 2644.67 2650.93 2645.32 2643.59 2641.28 2642.83 2642.9 
2650.61 2648.83 2642.57 2647.25 2644.3 2643.36 2647.61 2643.86 
2644.5 2646.75 2643 2638.96 2642.73 2638.95 2642.37 2641.83 
2644.33 2642.86 2644.17 2640.3 2640.5 2645.32 2642.72 2645 
2646.06 2640.41 2641.73 2641.32 2644.5 2643.77 2641 2641.81 
2644.75 2642.7 2643.3 2639.79 2641.86 2641.5 2639.33 2638 
2642.9 2646 2640.83 2640.86 2641.05 2637.27 2638.5 2638.74 
2650.06 2642.23 2648 2643.28 2646.86 2650 2646.57 2647.75 
2647.64 2645.9 2645.67 2639.05 2647.33 2646.33 2642.06 2642.67 
2644.5 2640.95 2644.14 2642.27 2643.73 2640.3 2639 2644.5 
2639.39 2637.32 2641.86 2639.64 2639.7 2640.94 2640.79 2638.75 
2651.7 2643.88 2650.28 2643.04 2649.3 2646.93 2652.83 2650.81 
2643.06 2651.5 2644.5 2637.28 2640.3 2642.23 2645.17 2638.07 
2649.17 2646.72 2647.5 2641.5 2649.21 2647.83 2641.5 2647.9 
2651 2645.5 2641 2643.07 2643.9 2642.5 2640.83 2647 
2647.1 2644.5 2634 2634.17 2652.17 2630.83 2635 2598 
2640.5 2643.5 2945.8 2945.8 2945.8 2945.8 2945.8 2945.8 
2945.8 2945 2945 2945 2945 2945 2945 2945 
2945 2945 2945 2945 2945 2945 2945 2945 
2945 2945 2945 2945 2945 2945 2945 2945 
2945 2945 2945 2945 2945 2945 2945 2945 
# RVDC U2 t0 parameters 
2634.6 2934.9 2934.9 2934.9 2934.9 2934.9 2934.9 2934.9 
2934.9 2934.9 2934.9 2934.9 2934.9 2934.9 2934.9 2934.9 
2934.9 2930.4 2930.4 2503.5 2142.5 2521 2326.5 2519.5 
2930.4 2609.5 2582.5 2583.5 2608.21 2513.64 2602.9 2622.83 
2626.83 2619.9 2618.5 2630.5 2630 2628.17 2632.1 2627.1 
2627.5 2625.75 2630.36 2629.5 2626.93 2349.5 2629.17 2631.17 
2627.5 2625.5 2627 2623.59 2632.5 2628.5 2625.17 2627.83 
2624.64 2625.07 2632 2625.17 2612.05 2621.17 2627.83 2627.25 
2627.75 2620.61 2634.36 2626.06 2630.83 2626 2626.1 2631.5 
2624.25 2627.28 2631.5 2629.06 2620.86 2624.17 2630.83 2629.95 
2627.64 2629.83 2631.3 2629.17 2629.07 2627 2629.5 2626.79 
2626.72 2626.25 2627.86 2628.5 2626.57 2622.67 2623.07 2624.88 
2630.95 2630.17 2634.25 2628.32 2635.5 2637.5 2632.36 2632.75 
2636.64 2632.9 2628.7 2634.25 2632.21 2632.75 2634.9 2632.94 
2638.83 2628.83 2632.5 2632.36 2636.39 2634.72 2631.5 2634.39 
2632.67 2632.25 2631.23 2628.73 2632.41 2634.5 2627.86 2631.39 
2638.83 2631.9 2634.61 2634.5 2633.61 2632 2635.21 2634.61 
2638.21 2631.17 2629.5 2634.75 2639.94 2630.77 2629.42 2625 
2635.5 2630.9 2634.64 2634.77 2635.25 2636.5 2635.68 2636.79 
2632 2631.32 2634.75 2630.3 2628.5 2635.7 2633.3 2630.75 
2632.5 2635.06 2633.83 2634.95 2633 2635.25 2636.17 2627.27 
2636.5 2635.06 2637.17 2638.06 2634.37 2631.12 2636.75 2637.03 
2644.36 2641.75 2638.83 2635.39 2637.68 2635.3 2637.3 2635.39 
2632.83 2630.23 2636.36 2632.3 2634.5 2630.12 2635.9 2631 
2633.88 2632.5 2630.17 2632.05 2630.61 2633.25 2635.06 2633.7 
2634.94 2628.88 2634.64 2632.5 2631.5 2632 2634.17 2627.77 
2635.3 2635.86 2634.39 2634.5 2634.7 2633.17 2635.81 2632.05 
2631.5 2632.5 2629.7 2632.81 2632.5 2631.94 2633.68 2635.94 
2636.7 2634.38 2635.14 2635.37 2637.5 2636 2637.1 2634.83 
2635.3 2636.9 2637 2638.05 2638.75 2631.77 2634.33 2635.05 
2634.5 2626.58 2637.28 2630.41 2633.75 2636.1 2633.41 2632.61 
2633.77 2631.93 2629.5 2633.94 2631.41 2639.61 2630.05 2635.61 
2640.83 2633.59 2638.65 2632.88 2635.75 2631.25 2639.05 2637.21 
2636.12 2637.5 2636.7 2640.36 2636.07 2639.1 2634.5 2634.68 
2635 2636.5 2636.7 2636.1 2634.5 2630.07 2631.77 2632.5 
2632.68 2633.39 2636.3 2635 2631.97 2631.73 2628.2 2635.25 
2638.96 2639.59 2638.39 2639.05 2640 2645 2636.9 2640.64 
2638 2638.79 2638 2646.5 2638.28 2641.93 2635.5 2639.12 
2642.83 2637.93 2641.72 2640.5 2639.83 2640.28 2643.21 2639.5 
2647.39 2638.36 2637.5 2641.21 2639.79 2634.42 2637.61 2636.93 
2635.83 2634.28 2639.7 2636.83 2640.06 2637.17 2639.5 2640.07 
2633.17 2639.17 2637.5 2638 2627.9 2637.83 2644.5 2644.83 
2607.5 2637.9 2638.7 2632 2629.83 2625 2629.17 2640.5 
2943.2 2943.2 2943.2 2943.2 2943.2 2943.2 2943.2 2943.2 
2943.2 2943.2 2943.2 2943.2 2943.2 2943.2 2943.2 2943.2 
2943.2 2943.2 2943.2 2943.2 2943.2 2943.2 2943.2 2943.2 
# RVDC V1 t0 parameters 
2649.3 2943.8 2943.8 2943.8 2943.8 2943.8 2943.8 2943.8 
2943.8 2943.8 2943.8 2943.8 2943.8 2943.8 2943.8 2943.8 
2943.8 2943.4 2943.4 2943.4 2943.4 2943.4 2943.4 2943.4 
2943.4 2943.4 2943.4 2201.5 2139.17 2133.17 2388.5 2594.83 
2154.5 2644.17 2453.9 2646.83 2646.5 2645.17 2634.36 2643.17 
2640.17 2647.17 2645.5 2635.75 2650.3 2641.5 2644.25 2644.9 
2649.5 2639.5 2646.1 2644.5 2647.07 2643.9 2648.3 2646 
2640.17 2644.75 2643.5 2643.07 2648.5 2465.94 2646.64 2638.79 
2648.3 2645.36 2648 2223.61 2643.41 2642 2643.5 2644.7 
2639.94 2644.64 2641.36 2645.25 2643.1 2642.75 2641.79 2637.5 
2648.5 2644.5 2643.5 2642.93 2643.25 2643.5 2643.75 2643.5 
2641.35 2639.35 2645.7 2642.75 2642.39 2637.41 2639.75 2641.25 
2644.17 2643.3 2643.88 2645.3 2647.07 2641.3 2643.95 2645.1 
2642.17 2642.72 2644.94 2641 2644.17 2643.3 2645.39 2642.75 
2649.05 2647.75 2647.07 2644.5 2642.61 2644.86 2641.25 2648.7 
2649 2645.5 2643.9 2644.83 2646.88 2643.5 2648.17 2641.83 
2646.07 2645 2646.9 2647 2643.9 2643.68 2647.83 2646.25 
2644.58 2646.5 2645.36 2642.9 2643.94 2645 2650.79 2639.1 
2647.19 2641.17 2648.5 2644.21 2648.75 2642.1 2645.39 2646.7 
2645.5 2640.67 2641.39 2643.05 2646.5 2641.83 2640.83 2644.21 
2648.1 2643.06 2649.07 2646.86 2644.21 2646.28 2647.88 2647.39 
2644.3 2647.5 2645.9 2648.17 2643.88 2645.9 2647.23 2649.5 
2650.5 2644.59 2648.68 2644.95 2645.83 2643.05 2644.5 2646.1 
2645 2642.17 2640.58 2642.04 2644.61 2640.33 2644.5 2642 
2648.14 2645.67 2648.63 2649.79 2649.1 2644.33 2647.5 2645.12 
2645.62 2650.72 2647.83 2647.93 2646.96 2648.5 2647.83 2642.83 
2648.25 2646.28 2656.83 2643.86 2645.88 2649.59 2648.81 2649.5 
2644.64 2644.33 2646.5 2644.25 2648.73 2640.61 2646.9 2644.83 
2650.39 2645.7 2643.5 2648 2643.5 2643.9 2645.04 2645.9 
2645.75 2649.75 2649.36 2643.72 2650.83 2647.36 2649.64 2645.86 
2646.9 2643.25 2644.5 2646.63 2647.75 2648.25 2649.64 2650.19 
2647 2646.5 2644.3 2642.07 2646.33 2643.5 2646.95 2642.7 
2648.38 2644.42 2646.81 2651.06 2649.93 2648.17 2647.93 2649.25 
2645.77 2647.72 2651.07 2652.04 2648.7 2645.35 2644.38 2647.5 
2649.26 2643.58 2646.5 2649.5 2646.3 2646.5 2646.39 2646.06 
2640.97 2645.5 2641.32 2645.67 2643.32 2643.62 2647.83 2644.5 
2653.23 2641.33 2655.5 2655.28 2647.19 2649.5 2648.25 2649.3 
2649.1 2648.83 2647.25 2649.67 2640.75 2635 2646.83 2650.07 
2651.33 2648.5 2646.07 2648 2645.83 2645.61 2644.21 2651.17 
2646.3 2656.5 2642.83 2641.9 2644.83 2637.5 2645.1 2643.5 
2651.7 2645.17 2646.17 2641.5 2647.5 2620.83 2592 2586.83 
2954.4 2954.4 2954.4 2954.4 2954.4 2954.4 2954.4 2954.4 
2954.4 2952.5 2952.5 2952.5 2952.5 2952.5 2952.5 2952.5 
2952.5 2952.5 2952.5 2952.5 2952.5 2952.5 2952.5 2952.5 
2952.5 2952.5 2952.5 2952.5 2952.5 2952.5 2952.5 2952.5 
2952.5 2952.5 2952.5 2952.5 2952.5 2952.5 2952.5 2952.5 
# RVDC V2 t0 parameters 
2652.7 2945.8 2945.8 2945.8 2945.8 2945.8 2945.8 2945.8 
2945.8 2945.8 2945.8 2945.8 2945.8 2945.8 2945.8 2945.8 
2945.8 2201.83 2630.83 2219.5 2553.5 2230 2627.5 2603.1 
2628.64 2641.83 2648.1 2618.9 2629.64 2633.5 2356.5 2643.7 
2643.21 2231.5 2642.36 2285 2642.17 2644 2644.17 2644.3 
2642 2644.75 2648.17 2640.17 2641.75 2642.5 2645.83 2639.83 
2646.5 2638.3 2636.5 2640.77 2644.93 2642.83 2647.25 2642.79 
2642.06 2643.1 2647.5 2643 2637.83 2620.79 2639.06 2638.64 
2640.5 2642 2644.25 2639.9 2640.28 2640.5 2644.5 2642 
2637.06 2641.64 2643.25 2641.25 2638.17 2638.68 2644.1 2639.17 
2639.1 2639.5 2636.83 2639.77 2640.1 2641.5 2644.5 2644 
2637.04 2642.75 2640.7 2637.75 2637.17 2642.5 2636.93 2636 
2646.12 2639.33 2642.1 2643.75 2641.9 2645.17 2642.17 2641.21 
2647.9 2642.06 2641.9 2646.7 2638.59 2644.7 2647.83 2641.77 
2641.5 2640.79 2640.28 2637.21 2642.1 2642.75 2638.36 2640.83 
2642.3 2636.33 2638.06 2639.17 2642.3 2637.79 2639.93 2634.96 
2639.5 2637.36 2638.1 2645.21 2638.5 2636.17 2633.42 2639 
2639.1 2638.75 2639.3 2643.23 2635.58 2637.5 2639.5 2633.3 
2645.25 2640.5 2643.5 2643 2645 2643.28 2642.75 2641.5 
2642 2638.94 2643.5 2639.94 2642.83 2632.17 2641.36 2639.23 
2643 2641.06 2644.33 2642.28 2640.5 2639.5 2640.93 2641.68 
2641.07 2643.06 2643.5 2646.75 2643.14 2645 2641.5 2644.9 
2641.88 2638.41 2641.7 2643 2640.86 2640.23 2640.21 2641.28 
2637 2635.79 2640.21 2642.33 2636.36 2638.25 2638.83 2633.79 
2649.1 2639.83 2645.5 2640.9 2644.3 2646.5 2645.5 2644.7 
2645.25 2640.73 2645.25 2644.7 2648.5 2645.93 2642.75 2642.42 
2647.1 2642.94 2647 2634.62 2643.12 2642.73 2640.25 2640.7 
2640.5 2638.83 2644.7 2639.7 2640.1 2638.28 2638.5 2639.77 
2648.39 2646 2647.26 2647.06 2643.5 2643.5 2643 2645.68 
2646.5 2647.95 2643.35 2642.14 2644.75 2644.39 2644.3 2644 
2644.72 2644.25 2644.5 2639.5 2639.9 2640.7 2645.07 2641.64 
2645.39 2640.7 2640.8 2639.61 2640.21 2639.62 2643.58 2640.23 
2644.1 2645.5 2645.68 2641.96 2646.72 2645.5 2646 2645.42 
2643.7 2646.37 2644.5 2644.5 2645.83 2645.17 2642.03 2645.5 
2642.41 2643.5 2646.59 2645.1 2648.36 2640.81 2647.32 2641.41 
2640.93 2638.17 2642.5 2641.61 2641.5 2642.63 2646.25 2641.93 
2649.37 2646.36 2650.95 2650.75 2648.9 2649.9 2649.75 2650.37 
2653.5 2652.1 2654.5 2651.5 2650.17 2646.23 2648.5 2644.14 
2651.41 2646.59 2633.83 2642.3 2648.17 2646.5 2647.21 2649.25 
2652 2647.83 2647.39 2645.17 2648.9 2651.17 2646.73 2643.5 
2636.72 2646.17 2639.17 2641.79 2640.17 2640 2648.1 2626.83 
2635.1 2627.7 2640.5 2642.5 2639.5 2638.5 2447.93 2618.5 
2644.5 2629.5 2641.5 2651.5 2186 2638 2523.5 2627.17 
2952.3 2952.3 2952.3 2952.3 2952.3 2952.3 2952.3 2952.3 
2952.3 2942.4 2942.4 2942.4 2942.4 2942.4 2942.4 2942.4 
2942.4 2942.4 2942.4 2942.4 2942.4 2942.4 2942.4 2942.4 
# LVDC U1 t0 parameters 
2947.1 2947.1 2947.1 2947.1 2947.1 2947.1 2947.1 2947.1 
2947.1 2947.1 2947.1 2947.1 2947.1 2947.1 2947.1 2947.1 
2787 2594.17 2720.83 2916.83 2578.5 2801.7 2613.5 2937 
2791 2934.17 2820.17 2909.5 2810.5 2933.17 2913.5 2928.17 
2868.17 2832 2737 2660 2782.83 2590 2936.5 2936.17 
2933.83 2934.9 2926.5 2939.5 2937.64 2935.5 2936.79 2939.17 
2835.28 2936.5 2934.07 2938.1 2941 2935.9 2942.5 2940.17 
2934.1 2933.83 2934.17 2934.5 2936.1 2934.28 2930.7 2935.25 
2937.5 2933.07 2935.25 2937.94 2939.39 2936.21 2937.1 2940.36 
2938.79 2938 2939.1 2940 2937.5 2933.79 2935.5 2938.5 
2938.5 2941.3 2937.79 2934.75 2939.75 2943.5 2939.61 2940.1 
2937.79 2937.21 2939.75 2932.65 2941.3 2939.79 2936.64 2931.64 
2946.25 2946.5 2943.61 2861.83 2940.7 2945.3 2944.83 2942.93 
2942.68 2945.5 2939.17 2941.94 2939.5 2946.7 2942.64 2940.5 
2941.3 2936.17 2943.36 2943.21 2941.36 2940.79 2947.7 2944 
2939.17 2944.3 2940.79 2938.95 2938.59 2937.5 2940.5 2934.5 
2944.5 2938.06 2944.83 2940.28 2943.61 2935.5 2943.83 2942.5 
2942.83 2936.5 2938.36 2938.83 2938.25 2938.1 2933.36 2934.5 
2941.1 2942.75 2937.5 2939.5 2938.7 2941.64 2942.21 2937.5 
2938.5 2936.9 2934.25 2934.3 2938.5 2937.1 2934.93 2936 
2939.94 2934.5 2935.17 2936.17 2938.06 2936.5 2938 2933.72 
2935.32 2939.5 2933.75 2939.1 2935.07 2934.3 2936.64 2935.58 
2940.5 2937.9 2940.14 2936 2938.06 2936.83 2936.9 2932.9 
2938.06 2935.17 2937.5 2934.5 2935.39 2935.17 2929.74 2932.25 
2945.25 2946.25 2942.25 2944.25 2944.95 2942.5 2941.75 2948 
2942.75 2941.7 2940.5 2941.72 2940.64 2940.59 2943.5 2937.5 
2947 2945.5 2941.5 2943.39 2940.79 2941.5 2938.73 2941.17 
2935.77 2937.83 2936.7 2941.64 2939.5 2943.36 2938.77 2939.1 
2945.17 2940.5 2947 2941 2940.5 2943.9 2940 2942.58 
2942.86 2938.75 2941.25 2942.25 2941.75 2940 2942.19 2938.72 
2938.75 2940.06 2938.75 2941.5 2940.5 2941.25 2940.3 2943.06 
2938.75 2939.61 2940 2937.61 2937.07 2934.77 2934.72 2934.5 
2943.5 2945.93 2940.9 2942.33 2943.72 2940.5 2941.59 2940.65 
2941.5 2944.5 2944.93 2945.17 2944.1 2941.7 2940.77 2942.5 
2941.77 2943.83 2939.03 2947.14 2945.41 2942.25 2943.21 2944.83 
2941.5 2940.83 2940.17 2944.1 2940.42 2944.3 2938.5 2942.25 
2945.25 2944.5 2943.05 2943.64 2943.5 2944.59 2947.5 2947.25 
2949.17 2942.36 2944.94 2947.9 2943.25 2939.28 2943.61 2942.5 
2940.94 2941.1 2942.7 2938.1 2937.64 2941.83 2942.5 2938.5 
2940.5 2941.7 2939.07 2943.5 2940 2937 2935.5 2923 
2945.8 2932 2939.3 2937.7 2939.5 2919.21 2934.83 2901.9 
2939.5 2931.83 2941.7 2935.5 2938.17 2922.5 2926 2944.83 
2913.83 2945 2937.5 2936.83 2945.5 2931.5 2945 2945 
2945 2945 2945 2945 2945 2945 2945 2945 
2945 2945 2945 2945 2945 2945 2945 2945 
2945 2945 2945 2945 2945 2945 2945 2644 
# LVDC U2 t0 parameters 
2934.9 2934.9 2934.9 2934.9 2934.9 2934.9 2934.9 2934.9 
2934.9 2934.9 2934.9 2934.9 2934.9 2934.9 2934.9 2934.9 
2930.4 2778.5 2514.17 2900.5 2505.17 2589.17 2645.17 2929.83 
2924.83 2519 2901.17 2924.83 2901.5 2925.17 2925 2800.5 
2927.5 2911.83 2908.9 2924.5 2901.5 2925.9 2929.79 2827.21 
2932.83 2924.5 2923.83 2930.5 2924.9 2926.21 2928.5 2928 
2927.36 2928.5 2927 2842.17 2925.93 2931.5 2929 2926.5 
2924.5 2928 2929.83 2925.9 2931 2925.3 2930.07 2925.75 
2930.39 2750.72 2928.9 2930.1 2927.14 2926.93 2855.5 2930.79 
2928.17 2934 2932.5 2935.7 2933.72 2925.5 2930.75 2921.83 
2922.94 2928.9 2924.77 2924.32 2925.64 2931.17 2930.83 2926.25 
2926.25 2927.83 2923.1 2924.17 2927.83 2927.5 2924.5 2925.83 
2938.17 2939.5 2930.79 2934.79 2940.9 2938.21 2937.3 2941.36 
2941.1 2942.5 2942.3 2939.5 2939 2942.21 2938.93 2940.33 
2939.64 2934.5 2939.79 2937.9 2937.17 2935 2937.7 2945.9 
2936.39 2936 2937.5 2936.75 2936.5 2936.79 2932.3 2932.75 
2937.5 2934.5 2938.1 2935.17 2937.83 2935.17 2928.83 2935.17 
2935.5 2936.83 2935.25 2936.5 2929 2931.06 2928.79 2935.7 
2931.83 2929.61 2933.33 2932.5 2932.17 2931 2929.07 2933.9 
2928.75 2930 2931.83 2931.83 2930.3 2933.93 2931.5 2929.83 
2938 2933.17 2925 2934.21 2933.05 2934.93 2935.3 2936.39 
2935.17 2930.25 2934.36 2934.36 2935.3 2933.9 2932.64 2932.17 
2938.1 2935.5 2936.72 2936.39 2935.9 2934.36 2932.75 2935.93 
2927.5 2934.64 2930.75 2931.28 2930.5 2933.75 2928.07 2930.83 
2935.72 2932.5 2934.75 2934.5 2935.94 2938.21 2935.93 2936.07 
2937.17 2930.5 2939.25 2935.86 2935.68 2936.33 2935.3 2936.79 
2938.94 2937.83 2934.5 2931.06 2938.5 2939.36 2937.79 2935.75 
2934.25 2934.61 2936.36 2936 2933.83 2936.36 2938.83 2929.39 
2936.1 2939.41 2942.1 2935.41 2939.06 2939.83 2939.83 2940.3 
2938.7 2938.17 2937.5 2944.5 2939.5 2938.5 2937.3 2936.7 
2942.7 2938.79 2936 2936.68 2935.28 2938.5 2936.32 2940.25 
2934.25 2934.9 2934.7 2934.1 2935.93 2937.5 2932.75 2933.5 
2938.5 2936.75 2938.25 2935.72 2935.5 2935.83 2932.5 2937.5 
2938.28 2935.75 2939.36 2937.25 2937.75 2942.17 2935.06 2933.25 
2937.79 2936.5 2935.75 2940.5 2936.17 2937.64 2936.21 2941.75 
2930.96 2933.75 2938 2935.83 2934.5 2935.32 2933.21 2934.61 
2940.67 2943.25 2943.75 2944.25 2945.21 2945.5 2943.61 2944.41 
2944.25 2943 2948 2947.5 2944.07 2945.06 2942.64 2942.59 
2942.39 2940.9 2945.9 2941.3 2941.5 2940.5 2939.95 2944.17 
2934.83 2938.83 2937.64 2936.25 2941.3 2940.17 2940.83 2932.17 
2936.75 2940.83 2908 2943.5 2938.83 2945.1 2901.1 2939.7 
2938.7 2940.17 2942.5 2937.5 2938.5 2933.83 2935.1 2935.7 
2926.3 2912.5 2929.5 2931.3 2911.5 2901.5 2935 2941 
2885.5 2912.83 2933 2934.17 2893.1 2933 2864 2696.17 
2943.2 2943.2 2943.2 2943.2 2943.2 2943.2 2943.2 2943.2 
2943.2 2943.2 2943.2 2943.2 2943.2 2943.2 2943.2 2947.1 
# LVDC V1 t0 parameters 
2943.8 2943.8 2943.8 2943.8 2943.8 2943.8 2943.8 2943.8 
2943.8 2943.8 2943.8 2943.8 2943.8 2943.8 2943.8 2734.17 
2940.83 2943.4 2791.3 2528.5 2483.5 2928.83 2935.83 2929.5 
2593.5 2913 2932.5 2569.5 2812.7 2919.17 2920.17 2689 
2936.83 2705 2933.1 2942.7 2740.3 2631.1 2936.5 2927.83 
2923.17 2939.7 2936 2845.5 2939.83 2748.25 2938.1 2932.5 
2934.64 2935.07 2936.36 2940.25 2945.7 2943 2943.5 2937.72 
2936 2931.5 2942.36 2933.5 2939.79 2940.5 2933.9 2937.5 
2944.9 2937.5 2943.83 2812.94 2940.5 2943.1 2945.72 2941.17 
2944.1 2943.1 2946.7 2940.28 2942.64 2943.5 2938.17 2937.86 
2943.36 2938.95 2857.94 2938.5 2943.25 2943.07 2945.9 2940.93 
2939.93 2935.83 2941.5 2940.5 2940.36 2939.59 2938.5 2939 
2947.5 2945.79 2944.36 2939.5 2940.21 2948.5 2951.17 2951.23 
2945.3 2948.9 2946.9 2952.59 2947.14 2949 2946.25 2945.72 
2950.5 2943.9 2944.9 2944.21 2948.94 2948.5 2950.5 2951.75 
2946.5 2943.5 2949.36 2941.07 2943.17 2944.83 2947.25 2944.77 
2951.1 2939.5 2942.3 2947.61 2947 2940.06 2942.75 2943.5 
2947.5 2944.36 2947.41 2943.21 2942.5 2944.17 2944.25 2940.3 
2947.83 2940.83 2945.06 2940.5 2944.64 2943 2942.5 2945.5 
2942.83 2942 2941.3 2940.06 2942.5 2942.5 2942.25 2935.58 
2945.07 2947.33 2945.5 2942.5 2945.73 2947.25 2947.9 2947.5 
2946.7 2944.36 2943.61 2943 2943.7 2941.86 2944 2941.83 
2940.83 2940.3 2944 2943.5 2944.83 2938.5 2944.5 2941.79 
2938.83 2941.25 2942.25 2940.5 2944 2943.5 2942.7 2935.9 
2946.1 2943.83 2947.79 2946.3 2945 2946.5 2943.5 2946.61 
2949.17 2949.9 2949.5 2947.83 2948.95 2942.75 2945.1 2944.12 
2949.72 2942.58 2943.9 2944.77 2945.83 2945.61 2947.5 2946 
2943.9 2939 2944.17 2943.5 2939.94 2939 2942.7 2939.25 
2944.5 2941.39 2941.75 2945.17 2947.75 2947 2943.25 2944.79 
2948.39 2949.5 2946.5 2951.21 2946.36 2945.17 2944.59 2944.93 
2947.9 2946.42 2949.75 2953.1 2950.33 2945.86 2947.21 2946.5 
2947.5 2946.64 2947.3 2944.5 2943.25 2944.25 2942.67 2940.1 
2947.04 2947.17 2949.5 2949 2950.75 2953 2948.83 2949 
2950.25 2949.39 2947.36 2949.25 2945.5 2948.5 2951.1 2949.17 
2946.86 2948.33 2948.5 2952.9 2956.93 2952 2953.17 2951.65 
2949.17 2947.3 2948.07 2946.21 2948.93 2948.64 2950.17 2946.61 
2958.77 2954.9 2954.61 2957.05 2948.86 2958.5 2953.9 2952.75 
2948.06 2951.72 2947.58 2951 2953.25 2944.72 2949.93 2952.5 
2955.5 2947.36 2949.5 2905.17 2933.5 2947.5 2945.83 2949 
2947.7 2954.5 2947.3 2946 2929.83 2939.5 2941.83 2938 
2942.07 2940.5 2906.7 2950.5 2942 2923.83 2946.83 2941.1 
2907.9 2947 2900.9 2934.83 2941.17 2930.83 2934.17 2928.17 
2934 2918.7 2952.5 2952.5 2952.5 2952.5 2952.5 2952.5 
2952.5 2952.5 2952.5 2952.5 2952.5 2952.5 2952.5 2952.5 
2952.5 2952.5 2952.5 2952.5 2952.5 2952.5 2952.5 2952.5 
2952.5 2952.5 2952.5 2952.5 2952.5 2952.5 2952.5 2947.1 
# LVDC V2 t0 parameters 
2945.8 2945.8 2945.8 2945.8 2945.8 2945.8 2945.8 2945.8 
2945.8 2945.8 2945.8 2945.8 2945.8 2945.8 2945.8 2945.8 
2939.7 2647.5 2928.17 2735.5 2939.7 2916.17 2933.5 2893.17 
2916.5 2908 2850 2921.7 2832.5 2923.83 2934.5 2931.17 
2938.3 2933 2937.5 2938.3 2937.3 2931.83 2826.25 2935.7 
2937.7 2940.9 2934.5 2932 2939.5 2705.28 2935.1 2934.5 
2936 2924.3 2939.5 2939.83 2937.17 2935.5 2940.17 2940.5 
2883.7 2929.17 2929.17 2934.5 2932.83 2934 2936.28 2935.83 
2942.5 2935.21 2934.83 2939.5 2938.25 2938.5 2939 2935.21 
2938.17 2933.17 2941.21 2940.5 2940.83 2938.25 2938.17 2940.83 
2943.83 2935.83 2936.7 2940.1 2940.17 2939.3 2935.5 2936.28 
2928.83 2938.21 2932.5 2940 2935.83 2936.3 2938 2935.83 
2945.36 2947.64 2949.17 2945.5 2944.17 2945.5 2942.79 2941.83 
2940.93 2943.06 2949.9 2947.7 2943.72 2943.5 2943.32 2943.21 
2950.83 2941.83 2942 2940.5 2947.1 2942.25 2947.7 2942.93 
2944.83 2937 2940.5 2939.79 2939.5 2936.9 2942.1 2938.07 
2936.83 2937.21 2938.28 2935.3 2939.93 2936.9 2931.64 2938.79 
2936 2933.83 2936.75 2933.36 2930.7 2933.21 2933.36 2931.94 
2937.1 2937.75 2937.39 2940.5 2933.9 2938.5 2940 2941 
2937.93 2935.39 2935.39 2936.5 2937.79 2931.79 2929.67 2933 
2937.06 2940.75 2939.17 2937.5 2942.5 2941.7 2935.93 2940.23 
2938.83 2938.7 2935.5 2936.75 2935.73 2938.36 2934.93 2937.7 
2941.05 2933.5 2941.21 2936 2938.5 2939.75 2935.28 2937.23 
2936.25 2935.07 2933.83 2938.5 2934.94 2930.96 2937.61 2931.25 
2943.93 2940.1 2944.5 2937.7 2940.33 2937.95 2943.94 2943.64 
2940.83 2937.5 2941.21 2939.5 2943.5 2941.17 2932.64 2939.5 
2944.5 2942.25 2940.07 2938 2939.5 2938.1 2942.94 2940.17 
2936.07 2937 2941.72 2934.28 2942.7 2936.07 2934.94 2931.75 
2941.3 2937.72 2939.21 2939.7 2941.94 2939.93 2939.3 2939.5 
2942.3 2936.3 2941.64 2939.93 2941.39 2937.67 2941 2937.61 
2942 2940.61 2942.17 2940.25 2938.59 2942.95 2943.72 2940.95 
2943.17 2938.17 2939.5 2937.5 2938.5 2941.36 2942.7 2934 
2942.83 2938.07 2942.94 2940.83 2940.17 2943.1 2938.3 2935.7 
2943 2938.75 2940 2940.95 2938.88 2944.59 2939.17 2940.7 
2944.3 2935.7 2939.7 2940.5 2939.25 2935.32 2942.5 2942.79 
2938.5 2942.17 2935.5 2937.72 2936.5 2933.64 2940.39 2937.25 
2951.3 2948.5 2951.25 2948.5 2949.36 2945.5 2942.83 2950.64 
2948.83 2947.9 2943.83 2945.7 2946.5 2944.28 2944.17 2938.5 
2943.68 2940.23 2945.9 2942.7 2942.5 2946.75 2950.83 2947.59 
2939.5 2944.5 2943.5 2938.25 2941.5 2944.5 2941.28 2932.07 
2939.17 2942.79 2950.9 2946.17 2938.83 2953.5 2941.75 2944.5 
2945.75 2912.3 2942.7 2945.83 2935.5 2924.5 2936.17 2929 
2946.5 2841.17 2928.5 2941.7 2894.5 2910.1 2942.5 2942.83 
2800.5 2938 2941 2923.83 2903.5 2822.83 2952.3 2952.3 
2942.4 2942.4 2942.4 2942.4 2942.4 2942.4 2942.4 2942.4 
2942.4 2942.4 2942.4 2942.4 2942.4 2942.4 2942.4 2947.1 
