# RVDC U1 t0 parameters 
2644 2947.1 2947.1 2947.1 2947.1 2947.1 2947.1 2947.1 
2947.1 2947.1 2947.1 2947.1 2947.1 2947.1 2947.1 2947.1 
2947.1 2944 2944 2944 2944 2944 2944 2944 
2944 2944 2944 2944 2944 2944 2944 2944 
2944 2942 2942 2942 2942 2942 2942 2942 
2615.83 2628.5 2622.17 2617.17 2616.17 2628 2628.5 2630.3 
2619.1 2626 2634.5 2606 2613.17 2632.5 2606.5 2630.17 
2634.17 2621.5 2635 2627.5 2620.1 2629.5 2638 2619.83 
2634.1 2631.5 2636.9 2634.5 2633.5 2633.83 2634.5 2610.5 
2629.17 2638 2638.5 2638.9 2639.5 2638 2633 2633.17 
2628.5 2633.5 2635.1 2620.5 2627 2615.17 2637.17 2630 
2640.5 2629.5 2607.17 2634.83 2636 2615 2633 2630.1 
2638.5 2632.17 2641 2635.83 2641.5 2616.5 2641.5 2639.5 
2619.5 2624.5 2638.5 2636.9 2638 2625.9 2642 2633.9 
2625.5 2634.5 2632.9 2639.9 2632.5 2636.3 2638.5 2629.3 
2640.3 2618.5 2639.3 2629.5 2635.83 2639.5 2635.93 2635.5 
2632.83 2632.17 2621.5 2638.83 2643 2638.83 2944.1 2625.5 
2640.1 2641.5 2645.5 2630.9 2640.5 2633.3 2636.9 2640.3 
2638 2642.5 2640.17 2632.21 2643.17 2630.64 2646.5 2627.5 
2643.17 2636.5 2620.79 2639.7 2631.83 2638.5 2638.3 2637.9 
2641.17 2634.5 2644.5 2637.83 2648.5 2637.1 2644.17 2639.83 
2644.83 2644.17 2642.5 2645 2644 2637.7 2635.5 2639.17 
2645.5 2640.79 2642.5 2617.17 2641.3 2638.5 2644.83 2638.5 
2645.5 2642 2636.7 2626.94 2640.17 2637 2642.5 2641.83 
2644.5 2638.1 2647.3 2945.4 2638.9 2628.36 2645.83 2642 
2647.5 2639.3 2641.17 2640 2640.17 2641.1 2643.5 2642.5 
2643.3 2645 2647 2943.8 2644 2643.83 2647.5 2643.5 
2637.21 2624.83 2645.3 2643 2635.9 2645.9 2644.3 2638.17 
2639.17 2636.83 2645 2639.79 2646.17 2643 2634 2642.5 
2646.17 2641.21 2643.3 2646.5 2644.5 2643.5 2641 2645.3 
2647.5 2636.5 2639.5 2639.21 2646.5 2638.5 2642.1 2641.3 
2630.83 2634.5 2647.1 2635.5 2638.5 2633.94 2633.83 2635.25 
2649 2641.5 2647.1 2637.93 2645 2641.83 2644.17 2645.93 
2643.5 2642.5 2650.5 2644.07 2647.64 2636.83 2628.5 2640.25 
2646.75 2638.17 2636 2634.83 2642.5 2635.17 2642.5 2636.17 
2644.5 2635.36 2639.17 2637.83 2637.83 2643.3 2635.36 2633.5 
2641.17 2645.5 2644.5 2643.7 2642.5 2629.1 2638 2649.5 
2644.5 2635.93 2644.9 2645 2648.5 2645.5 2635.17 2637 
2947.1 2639.7 2640.3 2637.3 2647 2647.5 2647.17 2945.1 
2646.83 2634.5 2945.1 2630.5 2634 2615.17 2945.1 2945.1 
2945.1 2945.8 2945.8 2945.8 2945.8 2945.8 2945.8 2945.8 
2945.8 2945.8 2945.8 2945.8 2945.8 2945.8 2945.8 2945.8 
2945.8 2945 2945 2945 2945 2945 2945 2945 
2945 2945 2945 2945 2945 2945 2945 2945 
2945 2945 2945 2945 2945 2945 2945 2945 
2945 2945 2945 2945 2945 2945 2945 2945 
# RVDC U2 t0 parameters 
2634.6 2934.9 2934.9 2934.9 2934.9 2934.9 2934.9 2934.9 
2934.9 2934.9 2934.9 2934.9 2934.9 2934.9 2934.9 2934.9 
2934.9 2930.4 2930.4 2930.4 2930.4 2930.4 2930.4 2930.4 
2930.4 2930.4 2930.4 2930.4 2930.4 2930.4 2930.4 2930.4 
2612.5 2931.6 2931.6 2621.3 2617.5 2931.6 2620 2626 
2931.6 2620 2628.5 2607.17 2629.17 2617.5 2621.17 2617.83 
2630.83 2930.4 2612.17 2930.4 2621 2930.4 2607.5 2609.83 
2627 2607.5 2617 2616.17 2631.5 2620 2616.5 2621.17 
2620 2622.5 2618 2617.9 2613.5 2933.4 2626.9 2615.5 
2624.93 2623.7 2626.3 2616.5 2629.9 2614.83 2628.83 2632.3 
2613.5 2622.5 2614.3 2632 2615 2621.1 2627.5 2623.21 
2630.5 2626.83 2615 2616.17 2621.5 2631.5 2628.5 2603.83 
2633.17 2626.83 2628.7 2620.5 2632.17 2633.17 2632.5 2633 
2631.3 2630.3 2633.17 2632 2630.5 2620.17 2627.21 2629.5 
2624.1 2625 2631.5 2629.83 2633.83 2621.1 2628.5 2632.5 
2620 2630.9 2630.17 2625.5 2629.3 2621.5 2632.5 2621.5 
2637 2939.4 2632.5 2628 2635.83 2622.3 2630.7 2622.17 
2631.5 2628.7 2632.5 2631 2634.5 2618.17 2634 2624.5 
2620.3 2628.3 2627.5 2613.9 2624.5 2636 2609 2633.5 
2935.7 2621.5 2628 2615.17 2633.17 2631.5 2619.7 2625.5 
2638.7 2634 2634.5 2628.93 2635.5 2633.5 2629.83 2632.5 
2624 2631.9 2623.7 2633.5 2621.1 2633.5 2634 2633.17 
2636.5 2632.5 2640.5 2634.1 2617.83 2631.1 2635.3 2634.5 
2630.5 2622.3 2629.83 2629.83 2628.5 2624.5 2626.1 2624.7 
2629.5 2630.9 2631.75 2632.5 2628 2627.07 2618.5 2625 
2632.07 2633 2629.83 2629.9 2634.3 2608.17 2634 2622.9 
2634.5 2626.1 2631.5 2632.5 2636.3 2630.7 2628 2623.3 
2627.5 2631.83 2623.3 2638.5 2629.9 2629 2632.1 2629 
2636.83 2632 2636.5 2630.9 2635.36 2631.7 2632.5 2634 
2637.5 2634.5 2633.17 2636.5 2629.07 2632.93 2634.5 2632.1 
2633.17 2629.5 2633.83 2622 2629 2626.64 2631.17 2635.17 
2634.5 2630.5 2632.17 2636.83 2613.07 2623.5 2630.7 2633 
2637 2635.83 2632.9 2629.83 2940.8 2636 2638 2639.5 
2633.5 2641.17 2636 2638.5 2640.3 2634.83 2634.07 2632.9 
2638 2630.21 2641 2641.9 2633.1 2630.5 2633.7 2637.79 
2629.21 2622.5 2634.93 2626.5 2627.83 2619 2631.25 2634 
2641.5 2637.5 2635.5 2636.93 2632.5 2632.5 2636.5 2637.9 
2638.5 2639.5 2632.3 2630.7 2627.9 2631.9 2641 2643.5 
2638.83 2636.5 2636 2631.5 2641.3 2633.5 2635.7 2641.17 
2624.9 2641.3 2612 2639 2633.3 2633.3 2626.5 2633.17 
2624.17 2633.17 2632.17 2609.5 2629.5 2636 2614.17 2632.5 
2625.3 2606 2635.5 2622.17 2635 2945.1 2945.1 2945.1 
2945.1 2943.2 2943.2 2943.2 2943.2 2943.2 2943.2 2943.2 
2943.2 2943.2 2943.2 2943.2 2943.2 2943.2 2943.2 2943.2 
2943.2 2943.2 2943.2 2943.2 2943.2 2943.2 2943.2 2943.2 
2943.2 2943.2 2943.2 2943.2 2943.2 2943.2 2943.2 2943.2 
# RVDC V1 t0 parameters 
2649.3 2943.8 2943.8 2943.8 2943.8 2943.8 2943.8 2943.8 
2943.8 2943.8 2943.8 2943.8 2943.8 2943.8 2943.8 2943.8 
2943.8 2943.4 2943.4 2943.4 2943.4 2943.4 2943.4 2943.4 
2943.4 2943.4 2943.4 2943.4 2943.4 2943.4 2943.4 2943.4 
2943.4 2942.7 2942.7 2942.7 2942.7 2942.7 2942.7 2640 
2616.17 2942.7 2620.83 2942.7 2641.5 2646.83 2637 2642.5 
2625.5 2607.83 2614.5 2643 2644 2640 2618.1 2644.5 
2943.8 2631.5 2634.1 2646.83 2635.1 2641.5 2633 2638.3 
2642.17 2640.83 2641.9 2643 2640.83 2637.83 2630.5 2625.5 
2641.83 2636.5 2646 2633.9 2946.3 2644.5 2642.83 2637.17 
2643 2642 2635.3 2644.83 2614 2641.83 2637 2945.4 
2637.5 2637.5 2604.5 2641.17 2610.17 2639 2621.9 2642.5 
2642.64 2626.5 2647.3 2638.5 2633 2640.83 2640.5 2643 
2637.9 2641.17 2638 2650.3 2640.5 2615.5 2632.5 2641.83 
2627.9 2639.72 2634.25 2644.5 2642.5 2639.5 2635.1 2646.83 
2604.5 2643.5 2637.5 2630.5 2637.5 2642.17 2623.9 2643.17 
2638.5 2646.17 2646.5 2632.83 2645.17 2642.17 2641.9 2641.93 
2646.5 2641.17 2622 2637.5 2628.7 2642.07 2642.5 2640.5 
2643 2645.5 2644.5 2639.5 2626.3 2641.7 2612.1 2644.5 
2636.7 2631 2637.28 2639 2646.5 2640.9 2646.75 2639.5 
2647.5 2642.7 2642.5 2639.5 2645.5 2643.1 2644.5 2645.5 
2644 2647.7 2646.5 2646.83 2951.2 2641.07 2645.9 2642.83 
2616 2638.1 2641.17 2645.83 2641.17 2640.5 2634.79 2649.5 
2643.3 2642.17 2644.5 2636 2641.5 2639.93 2636.7 2637.5 
2645.83 2639.93 2641.17 2647.5 2649.17 2647.5 2645 2646.83 
2649.9 2650.79 2647.5 2646.5 2648 2648.9 2630.5 2642.79 
2647.25 2610.5 2640.7 2648.5 2640.83 2645.1 2643.93 2645.5 
2644.5 2645 2644.5 2637.1 2650 2648.36 2642.83 2644.83 
2650.83 2643.5 2639.28 2640.5 2647.25 2648.17 2649 2638.3 
2634.3 2645.3 2643.5 2644.5 2647.1 2645.5 2644.83 2641.5 
2634 2639.9 2638.83 2644.9 2650.5 2644.7 2633.17 2646.93 
2643.5 2640 2645 2641.3 2644.5 2643.9 2642.5 2634.7 
2651.5 2644.79 2640.5 2628.83 2649.36 2650.17 2643.75 2641.17 
2647.3 2642 2640.9 2646.25 2648 2642.75 2637.5 2619.83 
2642.17 2645.9 2638.61 2643.9 2631.1 2640.9 2635.17 2641 
2639.5 2640.5 2645.5 2644.5 2643.93 2641.64 2642.17 2634.83 
2650 2638.36 2644.5 2644.7 2646.36 2646.3 2650.7 2607.3 
2611.3 2643 2612.5 2644.17 2642.5 2618.83 2643.3 2649.5 
2645.5 2636.5 2643.7 2649.83 2644.83 2622.1 2650 2627.5 
2641.9 2648.17 2640 2954.5 2650.83 2614 2617 2954.5 
2954.5 2954.4 2954.4 2954.4 2954.4 2954.4 2954.4 2954.4 
2954.4 2954.4 2954.4 2954.4 2954.4 2954.4 2954.4 2954.4 
2954.4 2952.5 2952.5 2952.5 2952.5 2952.5 2952.5 2952.5 
2952.5 2952.5 2952.5 2952.5 2952.5 2952.5 2952.5 2952.5 
2952.5 2952.5 2952.5 2952.5 2952.5 2952.5 2952.5 2952.5 
2952.5 2952.5 2952.5 2952.5 2952.5 2952.5 2952.5 2952.5 
# RVDC V2 t0 parameters 
2652.7 2945.8 2945.8 2945.8 2945.8 2945.8 2945.8 2945.8 
2945.8 2945.8 2945.8 2945.8 2945.8 2945.8 2945.8 2945.8 
2945.8 2939.7 2939.7 2939.7 2939.7 2939.7 2939.7 2939.7 
2939.7 2939.7 2939.7 2939.7 2644.17 2939.7 2939.7 2606.5 
2603.83 2619.83 2637 2611.5 2621.5 2609.17 2608.5 2637 
2942.4 2623 2643.5 2638.83 2639 2630.5 2636.5 2605 
2624.83 2633.83 2642.5 2640 2641.17 2634.5 2647.83 2631.7 
2634 2638.83 2637.83 2637 2640.5 2619.3 2634 2634.5 
2641.83 2635.7 2636 2605.5 2635.17 2630 2943 2640.83 
2634.5 2639.9 2637.83 2633.5 2641.3 2625.17 2628.5 2640.5 
2606.5 2632.5 2624.5 2636.3 2637.5 2622.5 2641.17 2639 
2632.5 2613 2630.5 2615.3 2631.83 2622.3 2623.3 2628 
2634.5 2638.9 2640 2637.5 2640.5 2643.5 2633.17 2635.5 
2637.9 2627.5 2637.5 2631.17 2639.5 2642.17 2638.9 2642.93 
2642 2637.7 2608.17 2631.1 2632.5 2630 2637.3 2633.17 
2635 2605.5 2636.7 2631.83 2638.3 2606.17 2636.5 2634 
2631.5 2637 2625.5 2631.5 2639.1 2627.5 2636 2632.5 
2637.5 2637 2626.7 2635.1 2634.3 2620 2631.5 2637.83 
2643.5 2635.07 2643.5 2636 2640.5 2629.3 2638 2648.17 
2638 2630.1 2648 2638.5 2638.5 2638.21 2644.9 2637.5 
2638.83 2633.5 2623.17 2621.83 2639.21 2633 2636 2633.17 
2642 2643.5 2638.83 2640.83 2633.5 2641.64 2638.5 2638.83 
2636.3 2635.7 2630.3 2642.5 2630 2634.5 2642.7 2639 
2642.5 2637 2629.7 2640.3 2634.9 2621.83 2634.5 2636.7 
2632.5 2640.5 2625.5 2644.5 2638.25 2638.5 2648.3 2638.1 
2639.83 2636.21 2647.3 2651.5 2639.7 2644.17 2625.7 2643.5 
2646.17 2640.9 2623.17 2642.1 2942.7 2641.17 2638 2642.5 
2641.17 2647.5 2640.64 2633.3 2643.5 2640.17 2641 2644.3 
2646.5 2629.5 2644.17 2640.5 2646.3 2648.83 2643 2640.7 
2629.9 2641.5 2640.5 2642.64 2647.07 2627.5 2637.64 2621.5 
2646 2638.17 2642.36 2642.17 2639.83 2639.79 2642.5 2642.5 
2630 2638.83 2627.7 2637.17 2639.83 2637.17 2627 2636.75 
2643 2637.5 2642.83 2643.1 2646.5 2644.83 2627.17 2640.5 
2638 2648 2646.5 2641.83 2637.83 2634.5 2636.83 2626 
2641.5 2645.83 2639.3 2637.9 2635.17 2640.7 2639.7 2641.9 
2628.5 2630 2637.5 2641.83 2632.9 2638.07 2642 2636 
2653.7 2646.9 2634.21 2645.5 2650.5 2645.36 2637.5 2647.5 
2648.7 2635.7 2609 2652.17 2649.5 2640.83 2641.5 2635 
2631.83 2630.5 2642.5 2652.5 2623.7 2649.5 2647 2643.5 
2642 2619.5 2642.7 2645.17 2623.5 2648.5 2641.5 2645 
2633.5 2612.5 2638.17 2641 2615.17 2617.5 2950.9 2635.5 
2635.83 2629.83 2645.5 2950.9 2624.5 2950.9 2950.9 2950.9 
2950.9 2952.3 2952.3 2952.3 2952.3 2952.3 2952.3 2952.3 
2952.3 2952.3 2952.3 2952.3 2952.3 2952.3 2952.3 2952.3 
2952.3 2942.4 2942.4 2942.4 2942.4 2942.4 2942.4 2942.4 
2942.4 2942.4 2942.4 2942.4 2942.4 2942.4 2942.4 2942.4 
# LVDC U1 t0 parameters 
2947.1 2947.1 2947.1 2947.1 2947.1 2947.1 2947.1 2947.1 
2947.1 2947.1 2947.1 2947.1 2947.1 2947.1 2947.1 2947.1 
2944 2944 2944 2944 2944 2944 2944 2944 
2944 2944 2944 2944 2944 2944 2944 2944 
2942 2942 2942 2942 2942 2942 2942 2942 
2942 2942 2942 2942 2942 2942 2942 2915.17 
2926.5 2940.5 2932.5 2933.5 2933.17 2921.83 2940.5 2913.5 
2931.5 2904 2917.5 2933.17 2921.5 2913.5 2904.5 2940.5 
2922.83 2941.7 2941 2921.9 2934.17 2941.7 2941.7 2929.83 
2930.5 2934.17 2927.5 2914.5 2938 2906.5 2922 2932.83 
2939.17 2937.17 2938.83 2942.9 2938.5 2944.17 2941.17 2941.5 
2935.5 2942.9 2934 2942.9 2927 2909.5 2931.5 2933.5 
2940 2935.83 2941.5 2929.17 2941.5 2935.17 2946.6 2937.5 
2937.9 2942.17 2941.5 2926.5 2918 2936 2932 2942.5 
2919.17 2942 2938.5 2918.5 2936.1 2937.5 2941 2922 
2934.5 2932.17 2938 2942 2937.9 2927.5 2938.5 2910 
2924.1 2928.17 2937.5 2914.17 2918.83 2934 2928.5 2933 
2944.1 2944.1 2936.5 2937.5 2944.1 2936.7 2919 2937.5 
2935 2922.5 2936.9 2937.5 2942.1 2937.3 2935.3 2937.7 
2942.1 2931.5 2929 2934 2931.17 2932.25 2934.83 2930.5 
2937.5 2914 2930.5 2927.5 2925.5 2932.83 2937.5 2905.17 
2921 2934.83 2930 2932.83 2936.5 2935 2936 2934.5 
2940.5 2933 2940.5 2932.5 2906 2930.5 2929.7 2940.5 
2921.5 2930.83 2918 2931.9 2912 2912.9 2927.5 2932.5 
2949.17 2941.5 2936.1 2944.5 2938 2910.17 2942.3 2938.83 
2909.9 2943.5 2935 2945.4 2920.5 2907.83 2929.7 2938.1 
2924.5 2926.5 2943.8 2924.5 2939.7 2939.5 2907.1 2940.17 
2935.17 2941.83 2938 2923.83 2938.5 2943.8 2941.5 2941.5 
2945 2908.17 2924 2941.17 2928.17 2945 2940.5 2934 
2931.5 2937.5 2931 2932.1 2933.5 2937.83 2935.5 2932.7 
2925.5 2938.17 2933.5 2937.5 2914.9 2942.7 2942.5 2931 
2934 2933.5 2925.64 2928.83 2939 2934.83 2937.9 2935.7 
2943.83 2930 2923.9 2937.5 2913.83 2940.5 2943.3 2937 
2933.5 2926.1 2940 2929.1 2939.5 2936.1 2938.5 2937.5 
2919.1 2907.5 2918.5 2937.64 2945.4 2946.83 2931.5 2941.83 
2937.5 2933 2933.5 2942.17 2935.7 2941.5 2936.7 2920.7 
2942.7 2940.83 2933.1 2943.3 2919 2926.5 2918.17 2941.83 
2937.5 2935 2939.17 2942 2934.5 2911 2935.5 2942.5 
2945.1 2903.83 2936 2931.83 2940.5 2905.5 2908.1 2915 
2945.1 2918.17 2940 2945.1 2945.1 2945.1 2945.1 2945.1 
2945.8 2945.8 2945.8 2945.8 2945.8 2945.8 2945.8 2945.8 
2945.8 2945.8 2945.8 2945.8 2945.8 2945.8 2945.8 2945.8 
2945 2945 2945 2945 2945 2945 2945 2945 
2945 2945 2945 2945 2945 2945 2945 2945 
2945 2945 2945 2945 2945 2945 2945 2945 
2945 2945 2945 2945 2945 2945 2945 2644 
# LVDC U2 t0 parameters 
2934.9 2934.9 2934.9 2934.9 2934.9 2934.9 2934.9 2934.9 
2934.9 2934.9 2934.9 2934.9 2934.9 2934.9 2934.9 2934.9 
2930.4 2930.4 2930.4 2930.4 2930.4 2930.4 2930.4 2930.4 
2930.4 2930.4 2930.4 2930.4 2930.4 2930.4 2930.4 2930.4 
2931.6 2931.6 2931.6 2931.6 2931.6 2931.6 2931.6 2931.6 
2909.5 2903.83 2931.6 2931.6 2931.6 2922.17 2931.6 2915.17 
2930.4 2905.17 2930.4 2912.5 2930.4 2921.17 2930.4 2909.83 
2930.4 2930.4 2910 2922.83 2930.4 2905.5 2927.5 2912.5 
2911 2924.83 2927.5 2922.5 2926.5 2917.5 2933.4 2922.7 
2929.5 2933.4 2931.5 2928.83 2929.5 2911.83 2930 2927.17 
2916.5 2925 2916.3 2921.5 2922.9 2928 2930.4 2923.83 
2923 2926.83 2916.5 2921.5 2923.83 2910.5 2919.5 2924 
2938.5 2942.83 2931.1 2938.3 2935.5 2929 2925.5 2928.17 
2910.83 2935.83 2942.4 2938.5 2914 2921.17 2904 2942.4 
2922.5 2933.5 2934.5 2936 2942 2933.5 2920.83 2941.6 
2917.83 2912.83 2920.5 2908.83 2941.6 2930.5 2929.5 2934.17 
2908.5 2911 2939.4 2926 2937.83 2931.83 2939.4 2915.83 
2928.5 2934.5 2905.17 2911.83 2927.17 2932.5 2930.83 2930.5 
2933 2926.9 2919.1 2920.5 2917.5 2931.17 2930.5 2905.83 
2925.5 2926.5 2935.7 2923.83 2926.5 2935.7 2924.5 2922 
2935.17 2932.5 2926.5 2930.9 2938.4 2911.5 2918.9 2935 
2938.4 2926 2934 2915 2929.5 2912.5 2919.83 2927.17 
2926.5 2934 2926.7 2938.7 2936.5 2932 2933.83 2928.83 
2928.5 2929.5 2926 2925.5 2923.3 2928.83 2923.5 2924.5 
2927.1 2928 2934 2926.83 2927.83 2933.9 2940.5 2935.83 
2930.17 2931.83 2940.5 2933.9 2934.5 2924.83 2936.5 2933.5 
2910.5 2910.9 2927 2939.4 2931 2936 2932.83 2924.1 
2933.17 2939.4 2925.5 2939.4 2939.4 2934 2919 2925.5 
2933.83 2933.5 2927 2936.3 2926.3 2941.2 2941.5 2906.83 
2940 2940.17 2935.17 2938 2922.5 2936.9 2907.3 2936.17 
2935.3 2939 2933.5 2937.9 2928.1 2908 2919.7 2937.5 
2930.5 2933.5 2935.5 2928.5 2940.5 2931.3 2932.5 2940.5 
2905.17 2912 2919.1 2930.5 2938.5 2937.5 2920.5 2930.5 
2913 2933.5 2934.5 2928.1 2924.1 2930.83 2932 2929.3 
2912.9 2937.5 2935.9 2926.9 2920.5 2906.5 2933.5 2922.5 
2914.83 2918.5 2930.7 2933.5 2933.17 2934.5 2931.5 2926.5 
2940 2904 2930.5 2939.5 2944 2928.17 2937.3 2912.5 
2941.83 2941.5 2945 2940.83 2937.5 2921 2922.5 2941.5 
2933.5 2938.83 2942.5 2929.5 2937 2919.17 2923.5 2935.83 
2911.17 2915.5 2944.1 2927.5 2944.1 2926.5 2907.3 2936.5 
2935.5 2945.1 2945.1 2945.1 2927 2945.1 2938.83 2945.1 
2945.1 2945.1 2945.1 2945.1 2945.1 2945.1 2945.1 2945.1 
2943.2 2943.2 2943.2 2943.2 2943.2 2943.2 2943.2 2943.2 
2943.2 2943.2 2943.2 2943.2 2943.2 2943.2 2943.2 2943.2 
2943.2 2943.2 2943.2 2943.2 2943.2 2943.2 2943.2 2943.2 
2943.2 2943.2 2943.2 2943.2 2943.2 2943.2 2943.2 2947.1 
# LVDC V1 t0 parameters 
2943.8 2943.8 2943.8 2943.8 2943.8 2943.8 2943.8 2943.8 
2943.8 2943.8 2943.8 2943.8 2943.8 2943.8 2943.8 2943.8 
2943.4 2943.4 2943.4 2943.4 2943.4 2943.4 2943.4 2943.4 
2943.4 2943.4 2943.4 2943.4 2943.4 2943.4 2943.4 2943.4 
2942.7 2942.7 2942.7 2942.7 2942.7 2942.7 2942.7 2942.7 
2942.7 2942.7 2942.7 2905.83 2924.83 2942.7 2907.5 2921.5 
2943.8 2912.17 2930.5 2914.17 2939.17 2918.5 2933.83 2943.8 
2933.83 2919.83 2934.83 2911.5 2943.8 2938.17 2919.5 2910 
2946.3 2910 2938.9 2925.83 2943 2906 2944.5 2941.5 
2936.5 2940 2940.5 2912.83 2937.17 2937.5 2920.83 2942.5 
2941.3 2940 2941.9 2935.5 2940.3 2921.1 2927.83 2910.7 
2940.83 2926 2937.5 2915.83 2911.7 2941.5 2938.7 2931.17 
2943.5 2916.17 2954.1 2947.5 2954.1 2945.17 2948.83 2944.7 
2907.83 2915.3 2934.3 2925.5 2948 2945 2932.1 2945 
2953.7 2917 2913.83 2940 2934.7 2932.5 2953.5 2950.5 
2907.5 2933.5 2933.17 2927 2940 2936.5 2918 2937.5 
2917.5 2940.5 2930.5 2942 2938 2948.1 2941.9 2930 
2920 2946.83 2946.1 2931.5 2948.1 2943.9 2939.3 2943.17 
2936.5 2947.3 2907.9 2931.5 2943.5 2928.83 2936.9 2940.5 
2924 2944.1 2913 2932.5 2940.5 2945.17 2939.83 2947.3 
2944 2912.5 2919 2946.5 2951.2 2948.5 2924.1 2941.5 
2940.5 2942.5 2945.5 2935.5 2941 2910.5 2946.17 2944 
2930.17 2940 2928.83 2941.5 2935 2942.9 2940.83 2938.1 
2935 2934.36 2940 2945.4 2920 2921.1 2934.5 2931 
2948.83 2932.5 2952.2 2947.5 2939 2947.5 2942.3 2935.9 
2945.5 2929.5 2941.9 2952.2 2946.3 2913.5 2938 2943 
2948.3 2948.2 2931 2942.7 2941.83 2941 2943.5 2944.83 
2905.17 2924.21 2937.1 2938.7 2922.5 2939 2939.17 2943.5 
2947.83 2940.17 2944.5 2922.17 2938.9 2947.5 2950.7 2905.3 
2949.83 2945 2945.5 2936.9 2941.3 2944.83 2942.5 2913.5 
2936.5 2944.5 2945.5 2903.83 2914.5 2936.17 2936.5 2910.5 
2948.83 2930 2938.5 2946.3 2948.5 2911.3 2944.17 2936.83 
2946 2949.5 2943 2939.5 2946 2947 2951.5 2948.9 
2942 2941.5 2927.1 2932 2946.5 2947.17 2949.5 2938.5 
2946.5 2946.3 2947.83 2927.5 2945.5 2951 2944.17 2917.9 
2943.5 2947.5 2939.5 2941.5 2944.83 2944.17 2919.17 2941.5 
2959 2947.93 2905.5 2950.17 2938.83 2959 2959 2922.5 
2948.5 2954.83 2932.5 2959 2959 2953.17 2915.5 2905.5 
2934.5 2949.5 2939.17 2943.3 2913.5 2954.5 2917.17 2954.5 
2954.5 2954.5 2954.5 2954.5 2954.5 2954.5 2954.5 2954.5 
2954.4 2954.4 2954.4 2954.4 2954.4 2954.4 2954.4 2954.4 
2954.4 2954.4 2954.4 2954.4 2954.4 2954.4 2954.4 2954.4 
2952.5 2952.5 2952.5 2952.5 2952.5 2952.5 2952.5 2952.5 
2952.5 2952.5 2952.5 2952.5 2952.5 2952.5 2952.5 2952.5 
2952.5 2952.5 2952.5 2952.5 2952.5 2952.5 2952.5 2952.5 
2952.5 2952.5 2952.5 2952.5 2952.5 2952.5 2952.5 2947.1 
# LVDC V2 t0 parameters 
2945.8 2945.8 2945.8 2945.8 2945.8 2945.8 2945.8 2945.8 
2945.8 2945.8 2945.8 2945.8 2945.8 2945.8 2945.8 2945.8 
2939.7 2939.7 2939.7 2939.7 2939.7 2939.7 2939.7 2939.7 
2939.7 2939.7 2939.7 2939.7 2939.7 2939.7 2939.7 2939.7 
2942.4 2942.4 2942.4 2942.4 2942.4 2907.17 2912.5 2942.4 
2935.5 2911.17 2909.5 2933.83 2926 2923 2942.4 2931.17 
2907.17 2940.7 2925.5 2924.5 2936.5 2940.7 2925.17 2943.5 
2940.7 2936.5 2930.5 2931.83 2927.5 2908.1 2908.5 2924 
2940.5 2930.5 2935 2935.83 2937.5 2931.83 2920.5 2929.5 
2924.83 2921 2939 2926.7 2942.3 2930.17 2935.83 2937.5 
2936.83 2938.17 2937.5 2930 2928.5 2915.5 2925.5 2942.4 
2933.5 2942.4 2931.5 2929.5 2939.17 2925.5 2942.4 2922.5 
2950.5 2940 2945 2920 2943.3 2933.1 2942.17 2945.83 
2949.17 2941.5 2940.1 2910.17 2950.5 2940.5 2929.5 2906 
2918.83 2928.83 2911.5 2932.1 2919.17 2940.5 2940.5 2905 
2929.1 2936 2926 2935 2941.5 2914.17 2906.83 2927.5 
2928 2912 2932.17 2913.17 2940 2932.7 2927.17 2936.5 
2934 2926.83 2941.2 2930.5 2925.5 2922.17 2934 2934.17 
2926.5 2908.3 2915.9 2940.6 2940.6 2930.83 2911 2915 
2915.83 2939.5 2913.5 2941.5 2924.5 2915.5 2936.5 2922.1 
2931.5 2941.6 2911.5 2929.1 2934.1 2935.17 2930 2914 
2907.17 2905.5 2915.5 2938.3 2941.5 2922.3 2924.5 2937.5 
2939.3 2930.9 2905.17 2927.83 2922 2925.5 2940.8 2935.17 
2933.5 2928.5 2931.9 2917.5 2934.83 2909.17 2915.83 2930 
2930.5 2915.17 2945.3 2935.5 2945.3 2945.3 2943 2945.3 
2936 2945.3 2940.5 2942 2926.83 2945.3 2939.1 2931.1 
2936.17 2913 2932 2939 2933.5 2925.5 2931.17 2934.17 
2942.7 2929.5 2939.5 2936.5 2930.5 2931.17 2926.83 2923.5 
2942 2918.17 2938 2939.1 2936.5 2941.5 2940.5 2935.83 
2937.3 2934.7 2941.83 2940.17 2942.5 2936.5 2909.5 2935 
2944.5 2921.83 2944.5 2926.9 2914.5 2944.5 2910.5 2940 
2941.5 2930 2918.3 2916.5 2939.5 2935.5 2944.5 2937.3 
2940.5 2922.5 2930.5 2927.3 2937.5 2944.5 2935.3 2931.1 
2918 2926.5 2936.5 2937 2945.4 2940.17 2915 2931.5 
2942 2943.5 2937 2918.5 2942 2936.3 2932 2938 
2934.83 2930 2932.83 2934.93 2924.5 2919.5 2908 2908 
2947 2937.17 2948.17 2941.7 2931.5 2911.17 2921.5 2945.5 
2915.17 2943 2940 2944 2937.5 2942.3 2912.5 2939.3 
2943.5 2941.17 2929.17 2930.5 2940 2928.5 2942.7 2933.17 
2910.17 2934.5 2904.5 2936.5 2937.5 2912 2923.17 2938.83 
2950.5 2927.5 2950.9 2932.5 2950.9 2950.9 2950.9 2950.9 
2950.9 2950.9 2950.9 2950.9 2950.9 2950.9 2950.9 2950.9 
2952.3 2952.3 2952.3 2952.3 2952.3 2952.3 2952.3 2952.3 
2952.3 2952.3 2952.3 2952.3 2952.3 2952.3 2952.3 2952.3 
2942.4 2942.4 2942.4 2942.4 2942.4 2942.4 2942.4 2942.4 
2942.4 2942.4 2942.4 2942.4 2942.4 2942.4 2942.4 2947.1 
