# RVDC U1 t0 parameters T0 Error 
0 0 0 0 0 0 0 0 
0 0 0 0 0 0 0 0 
0 0 0 0 0 0 0 0 
0 0 0 0 0 0 0 0 
0 0 0 0 0 0 0 0 
0 2.89278 1.29267 4.27895 1.49071 2.89278 0.951057 3.88235 
1.88389 4.37696 0 2.76455 0 3.51257 8.41245 6.10432 
1.60541 9.55595 3.88235 7.9576 11.7132 4.21768 1.30656 3.43295 
10.064 0.707107 9.0729 5.72194 3.59815 0.707107 0 5.72194 
2.74597 3.51257 0 1.01835 1.69678 0.524599 3.47555 5.03908 
1.88389 5.8586 4.11439 1.30656 3.06663 6.84075 2.62149 1.29267 
0.985211 8.63314 1.43324 0.536656 12.6496 2.31183 5.58198 2.91406 
2.834 1.89021 2.19831 2.27297 1.88389 5.40453 5.8586 0.681626 
1.40833 4.85492 1.48856 3.51257 5.03127 0.788403 0.866189 1.03009 
2.68135 0 8.08462 0.476935 5.11081 6.28642 6.67685 3.51257 
3.40369 0.430331 5.72194 2.10819 5.72194 1.73567 3.13031 0.941945 
5.039 3.17779 1.27682 2.03933 0.982114 14.755 5.4451 0.941945 
2.74597 2.56737 8.71942 2.48069 5.11081 5.5243 4.27895 4.14433 
1.27682 7.16707 2.17162 0.864761 3.10371 10.7388 3.79645 4.10854 
2.37103 2.56737 0.646128 1.40833 7.62194 3.63547 1.87467 1.29267 
3.64933 0.788403 1.75901 1.75082 1.11536 4.4952 12.891 6.16203 
3.47325 0.985211 4.58258 3.05511 4.55077 17.195 1.10493 6.28642 
1.36413 7.09561 4.55077 2.834 1.09689 7.9576 4.22958 2.23357 
3.59815 7.494 7.05623 3.64933 6.28642 7.05623 2.97965 3.88581 
1.96567 8.55939 3.67111 5.9716 9.31358 7.9576 7.54294 3.06663 
6.67685 4.52104 3.05511 2.03933 2.82505 2.68135 3.51257 4.4952 
1.78548 2.42369 2.38483 1.65246 1.26206 5.039 2.80614 4.21768 
3.56676 1.26206 19.1509 4.55077 13.66 0.985211 2.37103 16.0153 
7.16707 8.84145 5.8586 1.87467 2.82505 4.26367 3.39411 1.44016 
2.48069 0.353553 5.87985 1.49891 1.91491 3.9629 3.0769 8.55939 
1.60541 2.86817 3.60778 2.03933 6.75524 6.28642 3.7286 9.49604 
5.81656 4.85492 6.84075 4.80288 4.21768 4.4952 10.0536 7.07898 
1.09689 12.3942 3.28 3.47325 3.59815 0.941945 3.11386 10.0191 
2.03933 5.39001 8.17243 0.781387 2.48069 2.12202 3.47325 2.1472 
2.60726 2.30479 3.16154 3.10371 3.13031 3.13031 0.798021 3.7852 
3.7286 1.93814 2.30898 0.430331 2.48051 2.18456 5.19746 3.51257 
7.54294 3.16154 5.18416 6.10432 0.653281 5.13616 13.745 5.87985 
5.74395 1.29267 8.08462 5.53413 2.42369 1.50375 1.11536 7.492 
2.85543 0 2.48069 2.31183 1.43324 7.66927 5.11081 4.11439 
3.06663 7.66927 2.63809 0 0 0 6.75779 8.41245 
0 0 0 0 0 0 0 0 
0 0 0 0 0 0 0 0 
0 0 0 0 0 0 0 0 
0 0 0 0 0 0 0 0 
0 0 0 0 0 0 0 0 
0 0 0 0 0 0 0 0 
# RVDC U2 t0 parameters T0 Error 
0 0 0 0 0 0 0 0 
0 0 0 0 0 0 0 0 
0 0 0 0 0 0 0 0 
0 0 0 0 0 1.90459 0 0 
0 2.76455 1.01835 0.707107 0.707107 1.89021 0.982114 2.76455 
5.09877 1.88389 5.09877 5.65685 1.90459 1.30656 2.15154 2.63809 
1.90459 8.41245 2.10693 1.01835 0.951057 8.47163 0 0.681626 
3.43295 2.44949 2.10693 1.75398 1.29267 2.68135 1.89021 6.10432 
1.90459 1.89021 1.89021 4.11439 2.10693 8.41245 7.66927 1.08766 
1.09689 12.6496 2.89278 10.5618 2.60726 6.84075 1.65654 4.18838 
1.29267 1 3.51257 7.9576 8.71942 0.781387 2.48069 1.87467 
1.89021 0.536656 4.11439 4.63929 3.51257 1.83152 5.03908 11.2999 
3.06663 1.89021 3.10371 2.23357 2.834 9.0729 7.9576 2.37134 
5.8586 1.48856 4.85492 3.13031 1.03009 1.60694 1.09689 3.88581 
5.72194 4.18838 6.10432 4.4952 0.536656 7.16707 2.31183 3.17779 
8.38218 3.95016 8.08515 4.09101 5.18416 0.681626 2.60726 1.87467 
5.039 4.09101 1.8235 0.863845 6.67685 0.681626 4.4952 4.17871 
1.87467 3.67111 1.75901 1.43324 1.36413 3.67111 3.13031 5.77878 
0.430331 4.46351 1.82428 1.65246 5.21886 6.03438 3.88581 5.039 
4.52104 0.951057 13.3218 8.47163 4.92278 4.0487 9.55595 2.27297 
8.47163 2.834 1.96567 4.26367 1.78004 10.5618 1.60694 3.13031 
2.15154 4.80288 7.494 2.56737 2.37134 16.6723 2.85543 4.0891 
2.12202 4.86209 5.18416 4.11439 2.03933 5.03908 6.13969 3.47325 
11.4728 5.40453 2.1472 1.46302 8.08462 0.430331 0.707107 1.29267 
2.42369 12.0642 4.4952 2.85543 3.39411 10.6809 2.30479 1.60694 
2.64966 2.48051 0.536656 3.47555 7.16707 3.06663 1.75082 1.19166 
0.549342 1.79085 2.30479 1.60541 4.4952 1.29267 5.87985 2.40551 
7.19438 1.83152 4.17871 1.78004 2.48069 2.12202 2.48069 1.78548 
8.55939 1.45584 1.60694 1.43324 2.13593 4.55077 16.0356 1.50375 
0.709951 4.21768 6.0626 5.58198 1.29267 1.45584 3.0769 11.4399 
3.47325 3.88581 6.87437 5.07645 4.14433 6.26281 0.681626 8.08462 
2.48069 2.60726 5.87985 0.430331 4.63885 2.834 3.18707 2.34487 
17.1412 1.27682 3.69311 0.482068 0.758317 4.29061 16.0356 13.6646 
3.48993 3.27746 5.70448 7.19438 4.18135 4.29061 2.84572 1.36413 
0.758317 10.5942 3.94541 4.55077 6.44813 9.76066 5.18416 1.65246 
3.67111 2.25863 1.91491 19.1509 5.40453 5.77851 10.501 10.432 
8.63314 4.86209 4.92278 1.60694 5.87985 6.13969 9.49604 6.68353 
9.80347 2.02914 6.75524 3.46924 5.8586 1.04737 11.1703 0 
5.40453 10.432 4.85492 13.3887 5.39001 8.41245 4.21768 4.63929 
4.37696 7.66927 12.0642 7.9576 3.59815 0.681626 8.04668 3.11386 
0 2.44949 2.38483 1.90459 1.69678 0 0 0 
2.10693 0.707107 5.65685 0 1.40833 0.707107 1.30656 0 
0 0 0 0 0 0 0 0 
0 0 0 0 0 0 0 0 
0 0 0 0 0 0 0 0 
0 0 0 0 0 0 0 0 
# RVDC V1 t0 parameters T0 Error 
0 0 0 0 0 0 0 0 
0 0 0 0 0 0 0 0 
0 0 0 0 0 0 0 0 
0 0 0 0 0 0 0 0 
0 0 0 1.90459 0 0 1.90459 0.707107 
1.88389 1.8235 0.982114 1.30656 1.88389 5.65685 2.68135 0 
4.37696 0 2.68135 1.29267 2.89278 3.64933 2.44949 2.834 
2.10693 1.8235 5.72194 4.11439 0.536656 1.11536 1.87467 8.08515 
2.31183 4.58258 2.44949 2.60726 1.43324 9.0729 7.492 2.74597 
4.63885 7.492 3.59815 1.48856 4.0891 7.09561 2.68135 2.15154 
5.39001 0.646128 3.45443 1.26206 1.08766 3.18707 0 2.37134 
9.41238 1.87467 1.30656 2.44949 9.0729 2.10819 1.60541 9.94544 
1.09689 9.0729 7.16707 3.0075 7.492 4.37696 5.40453 9.55595 
4.09101 3.59815 0.681626 0.524599 4.85492 9.86978 0.57735 1.65654 
5.38458 2.68135 2.34487 1.1262 1.97442 3.79645 3.88581 2.82505 
2.82505 5.72194 2.15154 7.492 0 5.07305 4.52104 4.10854 
5.039 3.88581 5.74395 1.03009 5.039 4.27906 7.07898 8.41245 
5.11081 0.781387 5.039 0.536656 0.985211 8.92544 5.18416 9.80347 
1.14159 3.10371 0.788403 5.4451 18.2842 2.05427 2.86817 2.79043 
0.982114 3.39411 7.07898 0.951057 1.83152 5.81656 9.0729 1.79085 
5.42223 3.88581 0 5.8586 1.30656 3.59815 0.778466 4.85492 
2.79043 1.54143 1.48856 12.412 10.6537 5.07645 1.29267 1.87467 
2.27297 1.87467 0.951057 2.45689 0.353553 5.53413 0.741982 4.80288 
1.21656 2.63561 1.03491 1.63975 1.29267 2.23357 16.6723 1.20325 
4.85492 7.62194 4.62795 5.40453 2.62149 3.51257 0.798021 9.63146 
3.27746 12.0111 6.0626 4.63885 0 0.653281 2.97965 11.2202 
1.36413 8.27866 3.59815 2.15154 3.39411 8.04668 9.31358 1.79085 
7.16707 2.21437 1.82428 2.10819 5.09877 2.99909 24.5084 3.17779 
2.03933 7.16707 4.52104 10.6537 2.37103 15.0879 5.81656 2.42369 
1.78548 0.634862 2.834 2.48051 3.06663 1.48856 3.85985 7.16707 
8.92544 1.78004 5.74395 5.87985 4.55077 1.78548 1.62259 0.781387 
3.0769 10.1869 1.46302 3.89026 1.50375 2.79225 4.44324 3.7286 
2.06064 0.681626 1.87467 6.81821 3.09751 12.3942 17.3581 6.87437 
1.20356 2.85412 0.918695 11.7583 5.71144 5.039 1.50375 10.0312 
3.64741 2.82505 0.423443 5.81656 3.17779 4.26367 2.99909 5.07305 
1.90117 0 2.45689 2.74695 6.75524 3.89026 6.8328 2.85543 
9.49604 2.63561 5.18416 9.41238 1.29267 5.4451 5.039 7.9576 
8.92544 2.56737 2.60726 5.40453 3.79645 3.64933 0.941945 1.75082 
1.89021 1.01835 3.40369 7.09561 6.05813 0.707107 0.536656 2.48069 
0 1.87467 4.27895 2.68135 4.27895 4.27895 2.76455 0 
1.01835 1.30656 0 0 0 0 0 0 
0 0 0 0 0 0 0 0 
0 0 0 0 0 0 0 0 
0 0 0 0 0 0 0 0 
0 0 0 0 0 0 0 0 
0 0 0 0 0 0 0 0 
# RVDC V2 t0 parameters T0 Error 
0 0 0 0 0 0 0 0 
0 0 0 0 0 0 0 0 
0 0 0 0 0 0 0 0 
0 0 0 1.90459 0 1.90459 1.90459 2.89278 
2.89278 2.44949 3.43295 3.06663 4.27895 5.65685 2.68135 1.8235 
2.89278 1.8235 0.951057 1.40833 1.89021 1.82428 1.89021 0 
0 0 1.20325 5.11081 3.0075 0.951057 1.88389 0 
0.951057 9.55595 3.11386 2.10693 1.90459 14.7354 6.26281 1.46302 
0 1.87467 1.09689 2.16974 11.4399 4.37696 0 4.18838 
0.707107 6.10432 10.7388 8.08462 0.524599 17.0811 2.10693 9.94544 
0 9.94544 2.37134 18.9031 2.15154 16.8199 0.781387 8.08515 
1.01835 1.90459 9.94544 4.86209 2.834 2.10819 0.57735 5.72194 
0 7.09561 1.8235 2.23357 0 2.85543 7.494 6.84075 
2.05427 1.40833 1.89021 2.10693 1.40833 0 3.40369 1.30656 
3.18707 7.9576 5.72194 3.47325 2.834 7.9576 5.09877 0.866189 
1.89021 13.6173 4.4952 3.51257 5.65685 1.8235 2.74597 1.22474 
8.92544 1.75082 3.13031 5.53413 2.34487 0.707107 14.7354 5.40453 
5.39001 7.66927 1.11536 1.29267 3.39411 7.50291 3.95016 2.48069 
2.45689 5.09877 2.16974 2.85543 2.30479 4.36042 4.18838 2.03933 
2.34487 3.88581 2.60726 3.40369 2.27297 5.53413 6.10432 13.3218 
2.48051 4.63885 3.51257 6.44813 6.28642 1.48856 4.11439 8.08462 
6.28642 3.12289 1.94874 7.16707 2.60726 0 6.26281 4.21768 
0.863845 6.28642 3.06663 1.94874 1.44183 4.09101 1.30656 4.55077 
2.15154 22.078 1.89021 2.85543 1.83152 5.8586 6.03438 2.37134 
3.91616 3.10371 0.985211 1.14159 4.17871 2.85543 1 3.12289 
3.40369 1.87467 2.31183 1.60541 3.64933 3.64933 1.50375 1.11536 
2.85543 4.85492 3.7286 1.91491 3.59815 1.30656 2.17162 3.51406 
3.88581 3.51257 1.43324 7.9576 7.62194 3.06663 2.15154 3.12289 
12.0111 3.89026 10.4961 1.03009 4.26367 3.88235 7.494 4.37696 
3.16154 1.14159 15.9806 1.21656 5.49047 4.51633 6.26281 7.492 
3.53159 2.27297 5.74395 8.56484 2.17162 4.55077 1.30656 16.0153 
1.50375 2.85543 9.86978 5.039 2.12202 3.13031 8.04668 12.0642 
2.55647 4.4952 3.67111 0.653281 3.67111 0.45987 1.18297 2.10819 
0.690047 0.941945 5.039 2.64182 1.89021 27.5674 2.37134 3.12289 
2.5151 3.03895 1.18285 1.46302 2.37134 4.85492 6.6229 2.64182 
7.05507 7.494 9.41238 4.85492 3.18707 3.18707 12.6496 0.476935 
2.10819 0 2.62149 4.92278 3.51257 3.28 19.332 4.1153 
6.48682 3.40369 4.60056 2.79043 2.37134 5.039 2.30479 3.67111 
2.15154 4.85492 16.8199 2.02914 3.88581 0.358162 1.88389 2.834 
3.11386 1.42953 2.76455 2.10693 2.31183 2.68135 12.6496 3.53159 
0.982114 0.985211 5.09877 0 2.31183 4.11439 4.37696 6.75779 
2.76455 5.65685 0.982114 4.27895 1.49071 0 0 0 
0 0 0 0 0 0 0 0 
0 0 0 0 0 0 0 0 
0 0 0 0 0 0 0 0 
0 0 0 0 0 0 0 0 
# LVDC U1 t0 parameters T0 Error 
0 0 0 0 0 0 0 0 
0 0 0 0 0 0 0 0 
0 0 0 0 0 0 0 0 
0 0 0 0 0 0 0 0 
0 0 0 0 0 0 0 0 
0 0 0 0 0 1.01835 0 1.49071 
2.44949 0 3.53159 0 5.65685 0.707107 0 2.23357 
2.89278 3.43295 3.43295 2.68135 5.11081 3.53159 0 4.27895 
2.68135 3.0075 3.11386 2.76455 1.88389 6.75779 4.37696 3.11386 
2.37134 4.18838 0 11.4399 1.49071 0.781387 2.68135 0.681626 
5.21886 0 2.68135 2.834 0 6.84075 0.951057 8.41245 
0 0.681626 8.41245 7.66927 0 0.707107 6.75779 1.88389 
5.77878 5.11081 2.74597 2.834 1.11536 4.86209 8.41245 1.08766 
4.37696 10.064 0.866189 6.10432 6.84075 1.90459 1.8235 2.10693 
4.11439 7.02947 0 2.07356 5.09877 1.90459 6.84075 2.834 
0 14.7354 8.39833 0 4.86209 0 2.60726 1.8235 
2.89278 2.07356 2.89278 12.6496 5.72194 6.10432 3.06663 0.306186 
7.02947 7.02947 10.5618 5.11081 0 7.66927 1.40833 6.26281 
4.37696 7.09561 2.34487 1.30656 7.66927 2.44949 0.982114 8.41245 
4.11439 4.86209 0 0.781387 4.11439 7.66927 0.781387 6.84075 
5.39001 9.55595 0 1.43324 6.75779 6.75779 3.51257 2.48069 
3.43295 3.13031 1.88389 2.68135 0 5.09877 0 1.30656 
4.60056 1.8235 2.834 6.10432 7.9576 1.01835 7.9576 0.423443 
6.84075 2.68135 16.0153 0.781387 8.71942 4.27895 2.10693 1.8235 
2.44949 0 0.707107 0.951057 7.9576 5.53413 1.29267 1.11536 
0.681626 1.43324 1.46302 4.60056 1.8235 0 16.0153 2.10819 
8.71942 14.7354 0 3.06663 2.834 3.59815 5.53413 6.26281 
1.89021 2.44949 6.10432 0.476935 4.17871 6.20482 12.6496 5.72194 
12.6496 4.60056 2.68135 2.44949 1.44016 6.13969 1.75398 4.30632 
0 1.46302 3.51257 3.60778 3.59815 2.76455 11.4731 0.781387 
0.524599 4.60056 2.80614 0.430331 0 5.77878 5.39001 2.68135 
12.6496 3.13031 5.39001 4.63885 1.88389 5.11081 3.11386 9.55595 
4.63885 2.23357 4.63885 7.9576 1.18297 1.89021 0 1.43324 
3.59815 2.48069 0 7.02947 3.10371 2.834 1.82428 1.49071 
2.10693 9.76434 3.13031 0.985211 3.13031 9.94544 3.40369 7.9576 
3.67111 1.90459 2.85543 3.06663 4.63885 3.40369 3.11386 1.30656 
4.21768 3.51257 4.11439 1.87467 14.7354 14.7354 5.039 8.08515 
6.75779 1.40833 4.60056 6.75779 0.951057 1.89021 6.26281 3.53159 
10.064 0 5.11081 4.86209 3.0075 1.90459 4.37696 8.41245 
2.89278 1.40833 5.11081 2.89278 1.49071 0 0 0 
2.44949 0.707107 0 0 0 0 0 0 
0 0 0 0 0 0 0 0 
0 0 0 0 0 0 0 0 
0 0 0 0 0 0 0 0 
0 0 0 0 0 0 0 0 
0 0 0 0 0 0 0 0 
# LVDC U2 t0 parameters T0 Error 
0 0 0 0 0 0 0 0 
0 0 0 0 0 0 0 0 
0 0 0 0 0 0 0 0 
0 0 0 0 0 0 0 0 
0 0 0 0 0 1.49071 2.44949 1.49071 
0 1.01835 0 0 0 1.30656 1.30656 6.75779 
0.982114 2.44949 1.88389 2.68135 2.89278 1.49071 0.951057 1.88389 
1.90459 0 8.41245 1.30656 4.37696 1.40833 0 1.8235 
2.76455 0 5.65685 0.951057 0.536656 4.27895 3.11386 3.53159 
0 0.707107 5.09877 9.55595 4.27895 1.75398 4.22958 2.44949 
0 1.08766 0 1.87467 0 0 0.681626 4.11439 
3.53159 1.49071 0 2.68135 1.75398 10.5618 4.60056 6.84075 
2.44949 8.41245 1.11536 0 4.11439 5.09877 5.77878 1.89021 
4.4479 1.75398 2.68135 2.76455 6.75779 2.48069 1.87467 0.951057 
0 6.75779 1.08766 3.53159 7.9576 5.77878 5.09877 3.51257 
7.66927 1.08766 6.75779 1.75398 10.064 5.11081 0 0 
6.84075 0.536656 0 0 8.47163 0.707107 1.43324 1.40833 
2.63809 3.11386 1.82428 6.75779 1.8235 1.75082 0.982114 3.53159 
0.985211 6.10432 2.68135 10.5618 1.01835 2.48069 4.37696 1.40833 
1.08766 2.76455 3.53159 1.08766 0.681626 5.77878 0 1.90459 
2.37134 0.951057 0 6.10432 11.4399 3.53159 0 3.43295 
4.27895 9.55595 0.982114 2.10693 0 2.48069 0 1.46302 
4.60056 1.90459 6.75779 2.23357 0.707107 4.27895 7.66927 7.9576 
4.27895 2.31183 6.75779 1.30656 2.31183 0.707107 5.09877 16.0153 
0.951057 2.89278 2.834 1.08766 5.72194 2.10693 0.536656 2.48069 
1.89021 4.27895 4.11439 0.951057 3.17779 3.13031 4.86209 3.51257 
11.4399 6.84075 5.4451 4.27895 1.11536 4.60056 1.30656 1.29267 
5.39001 0.985211 1.89021 0 4.86209 5.039 0 4.37696 
2.74597 3.79645 2.89278 6.26281 1.40833 1.43324 1.89021 5.21886 
1.01835 7.9576 0 6.37802 5.65685 2.68135 2.15154 4.11439 
3.0075 2.80614 2.15154 6.84075 4.63885 0.985211 2.10693 2.834 
2.834 0 2.10693 1.46302 1.40833 2.50954 0 0.536656 
3.88581 2.15154 1.90459 0 4.4952 7.492 0.430331 5.03127 
4.60056 2.63809 4.27895 0.536656 2.48069 7.66927 5.72194 0.681626 
2.17162 16.0153 13.3218 0.524599 1.87467 6.84075 4.27906 2.10819 
0 5.03127 3.53159 0 0 0.982114 11.7132 6.10432 
9.94544 0 2.15154 5.72194 0.646128 4.63885 6.67685 5.77878 
0.982114 3.51257 1.30656 0 3.06663 3.51257 4.11439 0 
1.87467 0.536656 1.29267 5.09877 1.75901 8.41245 6.84075 5.65685 
5.65685 1.89021 2.48069 7.02947 0 0.707107 2.23357 9.55595 
6.75779 1.01835 5.09877 4.27895 0 0 0 4.27895 
1.90459 5.65685 0 0.951057 1.01835 0 0 0 
0 0 0 0 0 0 0 0 
0 0 0 0 0 0 0 0 
0 0 0 0 0 0 0 0 
0 0 0 0 0 0 0 0 
# LVDC V1 t0 parameters T0 Error 
0 0 0 0 0 0 0 0 
0 0 0 0 0 0 0 0 
0 0 0 0 0 0 0 0 
0 0 0 0 0 0 0 0 
0 0 0 0 0 0 0 0 
0 0 2.44949 5.65685 1.30656 1.88389 0 1.90459 
1.8235 0 0 2.76455 2.76455 4.11439 2.68135 3.43295 
0 3.43295 2.68135 0 0.536656 5.65685 0.430331 3.06663 
0 5.11081 7.02947 5.09877 4.11439 5.09877 2.89278 4.37696 
1.29267 4.11439 4.37696 5.09877 1.29267 1.75901 1.11536 6.75779 
0 5.11081 1.29267 7.66927 3.13031 3.10371 2.63809 0 
10.064 3.06663 5.72194 1.40833 4.18838 5.11081 1.40833 2.834 
0 6.10432 0 1.40833 5.11081 2.68135 14.7354 1.40833 
1.8235 3.13031 0.681626 8.41245 7.66927 0.681626 6.75779 8.41245 
1.90459 2.10693 1.46302 5.77878 5.77878 1.89021 8.71942 7.66927 
2.10693 7.66927 2.44949 7.66927 0 0 3.11386 4.27906 
1.8235 1.8235 0.524599 0.781387 0 4.60056 3.11386 3.88235 
9.55595 2.10693 3.0075 2.48069 2.10693 1.43324 1.44016 3.51257 
5.21886 10.5618 4.11439 3.17779 1.01835 3.53159 4.60056 1.88389 
3.53159 3.79645 2.76455 3.95016 3.11386 4.18838 0 6.20482 
0.536656 4.86209 2.834 5.72194 4.37696 0.536656 1.8235 0 
6.10432 5.039 3.51257 2.89278 11.4731 0.707107 12.6496 2.68135 
7.66927 0.982114 5.72194 2.31183 0.681626 1.11536 7.9576 3.11386 
0 12.6496 4.86209 2.17162 5.8586 2.15154 1.89021 10.5618 
2.60726 4.27895 2.15154 5.21886 3.43295 0 1.01835 1.30656 
1.89021 4.37696 0.358162 2.44949 0 5.53413 2.31183 0.982114 
1.30656 0.430331 5.72194 4.60056 2.68135 7.09561 7.9576 1.60541 
7.66927 1.83152 4.60056 3.53159 2.60726 6.26281 1.65246 0 
1.29267 4.11439 1.29267 3.61068 1.46302 3.47555 1.40833 3.17779 
7.492 1.87467 2.10819 6.84075 0 5.09877 1.08766 3.03895 
4.18838 0 4.11439 3.79645 5.03908 2.15154 0.430331 2.10693 
7.02947 3.13031 0.707107 5.77878 2.48069 5.72194 0 10.064 
3.51257 2.10819 3.64933 6.89532 1.87467 5.03127 2.3988 2.44949 
4.60056 1.87467 0.781387 1.60694 5.39001 1.60694 2.68135 5.8586 
4.37696 6.26281 3.79645 7.492 0.358162 8.39833 7.09561 3.95016 
2.60726 1.87467 1.60694 0.536656 3.11386 1.8235 5.03127 7.492 
5.39001 4.27906 2.38483 1.60541 4.22958 0.781387 3.88235 0.430331 
1.01835 0.707107 3.88235 4.11439 3.51257 2.68135 6.10432 2.10693 
3.56009 5.11081 0 2.68135 1.90459 0.707107 0 0 
0 1.01835 1.49071 2.76455 2.44949 1.90459 0 0 
0 0 0 0 0 0 0 0 
0 0 0 0 0 0 0 0 
0 0 0 0 0 0 0 0 
0 0 0 0 0 0 0 0 
0 0 0 0 0 0 0 0 
0 0 0 0 0 0 0 0 
# LVDC V2 t0 parameters T0 Error 
0 0 0 0 0 0 0 0 
0 0 0 0 0 0 0 0 
0 0 0 0 0 0 0 0 
0 0 0 0 0 0 0 0 
0 1.90459 0 0 1.90459 1.01835 0 2.76455 
0.707107 0 0.707107 1.30656 2.76455 5.65685 0 3.88235 
2.89278 1.01835 1.49071 1.88389 0 6.75779 2.68135 5.65685 
6.75779 2.89278 1.49071 6.75779 5.09877 1.40833 0 7.02947 
2.31183 2.68135 2.23357 8.41245 2.68135 0 3.0075 3.06663 
3.64933 1.82428 1.01835 1.40833 0 3.53159 1.89021 1.75901 
1.8235 2.76455 1.88389 6.75779 3.64933 2.834 5.21886 3.64933 
0 0 4.18838 3.53159 0 1.87467 1.29267 6.75779 
1.49071 4.11439 0.681626 3.51257 2.48069 0.982114 5.77878 6.75779 
4.11439 2.48069 1.82428 1.40833 4.11439 0 0.985211 0 
2.44949 0 2.834 7.9576 8.41245 4.27895 1.75398 1.29267 
0 1.88389 0.982114 2.68135 0.951057 2.23357 0.982114 4.11439 
3.51257 2.76455 0.536656 1.49071 1.88389 0.951057 2.834 3.17779 
0.982114 4.60056 0.681626 2.68135 2.44949 2.84572 0.762871 3.53159 
11.4399 4.22958 0.430331 2.89278 5.09877 1.88389 1.8235 4.27895 
6.10432 4.18838 1.75901 1.8235 0 0.536656 0 1.48856 
4.11439 6.75779 5.11081 4.27895 5.11081 1.88389 2.15154 1.30656 
2.89278 3.17779 0.707107 6.10432 5.11081 5.72194 3.11386 3.17779 
3.51257 8.41245 0.707107 8.41245 11.4399 5.09877 9.41238 6.05813 
5.09877 0.524599 1.87467 1.83152 7.66927 1.30656 5.53413 0 
3.61068 1.43324 2.10693 8.41245 4.11439 7.9576 1.89021 5.09877 
1.26206 6.84075 5.77878 1.08766 7.494 1.49071 1.20325 1.01835 
4.86209 3.53159 1.29267 5.65685 4.18838 0.781387 3.51257 6.84075 
0.982114 6.84075 7.9576 4.86209 1.11536 6.75524 3.53159 3.17779 
2.60726 5.77878 14.7354 0 3.47555 4.86209 0.985211 2.89278 
0.57735 0 14.7354 4.11439 0.951057 1.46302 4.22958 7.02947 
11.4399 0.57735 0.681626 4.60056 1.82428 0 3.64933 5.39001 
6.05813 1.40833 3.88235 3.47555 0.536656 5.53413 0.985211 5.11081 
3.43295 1.87467 9.55595 1.89021 4.60056 1.29267 4.37696 0.681626 
0.707107 1.30656 4.4952 13.3218 2.23357 3.17779 3.11386 1.14159 
1.83152 4.11439 10.064 3.88581 0 2.44949 1.60541 3.63547 
4.37696 1.89021 4.63885 3.64933 4.60056 7.9576 1.88389 5.72194 
2.68135 1.01835 9.94544 3.51257 12.6496 1.01835 3.11386 1.89021 
6.84075 5.72194 4.18838 1.29267 1.8235 0.57735 5.72194 9.55595 
12.6496 6.10432 0.681626 2.44949 8.41245 1.40833 3.43295 0.536656 
4.11439 1.49071 1.49071 0 0.982114 0 4.37696 0 
3.43295 0 5.65685 0 1.8235 1.88389 2.89278 5.65685 
2.89278 2.89278 0 0 0 0 0 0 
0 0 0 0 0 0 0 0 
0 0 0 0 0 0 0 0 
0 0 0 0 0 0 0 0 
0 0 0 0 0 0 0 0 
