# RVDC U1 t0 parameters 
2644 2947.1 2947.1 2947.1 2947.1 2947.1 2947.1 2947.1 
2947.1 2947.1 2947.1 2947.1 2947.1 2947.1 2947.1 2947.1 
2947.1 2944 2944 2944 2944 2944 2944 2944 
2944 2944 2944 2944 2944 2944 2944 2944 
2944 2942 2607.5 2613.83 2609.83 2620.5 2636.17 2636.5 
2638.7 2632.5 2637.17 2636 2636.17 2615.5 2632.1 2635.7 
2633 2631.79 2637.5 2630.7 2638.7 2641.17 2639.5 2641.1 
2636.17 2637.5 2634.93 2633.07 2635.75 2633.17 2636.7 2636.5 
2642.21 2636.39 2641.5 2637.93 2637.5 2635 2637.64 2632.07 
2638.5 2637.5 2636.75 2639.75 2635.25 2637.21 2636.06 2629.5 
2637.1 2634.28 2634.5 2635.5 2632.5 2630 2630.7 2632.17 
2632 2627.7 2638.1 2632.17 2635.17 2634.7 2631.75 2633.42 
2639.86 2631.3 2639.1 2638.5 2632.83 2636.83 2642.17 2639.7 
2637.83 2641.93 2639.9 2638.25 2638.06 2640.64 2643.07 2636.5 
2643.9 2642.23 2640.95 2638.07 2639.07 2642.3 2647.17 2641.95 
2635.43 2638.3 2633.5 2637.68 2642 2640.5 2636.61 2636.17 
2643.9 2643.75 2642.79 2637.97 2642.17 2643.06 2639.25 2638.5 
2645.36 2642.59 2641.9 2644.72 2646.5 2637.06 2644.94 2638.42 
2639.83 2637.75 2641.83 2639.14 2639.7 2635.5 2640.64 2642.32 
2643.9 2640.21 2639.64 2640.83 2642.5 2642.93 2642.7 2642.5 
2645.5 2643.5 2644.5 2641.64 2652.17 2646.83 2643.25 2645.5 
2643.17 2646.83 2646.75 2643.21 2646.9 2644.9 2645.25 2639.64 
2646.7 2643.75 2643.35 2645.83 2640.9 2643.93 2647.5 2650.3 
2644.75 2637.23 2645.7 2638.75 2641.72 2645.72 2639.7 2639.1 
2644.1 2646.06 2645.64 2640 2642.5 2646.75 2641.36 2641.7 
2645.5 2637.68 2639.41 2640.88 2641.86 2639.86 2643.75 2642.39 
2645.77 2644.67 2641.83 2640.67 2648.1 2640.97 2646.21 2644.9 
2640.94 2641.7 2641.73 2640.5 2643.05 2642.25 2640.5 2642.61 
2640.07 2641.5 2638.17 2638.73 2643.5 2641.96 2638.67 2644.25 
2639.25 2642.17 2644.5 2638.68 2641.7 2644.05 2638.05 2638.68 
2635.21 2637.1 2633.61 2640.3 2641.83 2642.3 2642 2644.7 
2639.93 2634.3 2638.63 2644.7 2644.28 2636.5 2646.17 2636.83 
2651.1 2644.41 2649.5 2642.3 2649.7 2642.1 2650.9 2646.28 
2643.95 2647.06 2651.5 2643.5 2648.17 2645.86 2643.86 2641.17 
2641.81 2640.05 2643.5 2648.59 2640.83 2639.68 2641.83 2643.5 
2638.5 2639.9 2644.25 2641.5 2644.41 2641.88 2641.23 2639.14 
2647 2648.1 2649 2651.25 2648 2650 2649.07 2645.7 
2642.5 2644.1 2643.83 2641.21 2647.3 2644.5 2644.19 2641.9 
2651.64 2639.7 2642.9 2644.5 2648.5 2640.5 2642.83 2639.83 
2635.17 2640.79 2641.64 2639.7 2620.9 2637.5 2634.83 2642.79 
2648.9 2610.83 2945.8 2608.07 2619.17 2637.83 2945.8 2945.8 
2945.8 2945.8 2945.8 2945.8 2945.8 2945.8 2945.8 2945.8 
2945.8 2945 2945 2945 2945 2945 2945 2945 
2945 2945 2945 2945 2945 2945 2945 2945 
2945 2945 2945 2945 2945 2945 2945 2945 
2945 2945 2945 2945 2945 2945 2945 2945 
# RVDC U2 t0 parameters 
2634.6 2934.9 2934.9 2934.9 2934.9 2934.9 2934.9 2934.9 
2934.9 2934.9 2934.9 2934.9 2934.9 2934.9 2934.9 2934.9 
2934.9 2930.4 2930.4 2930.4 2930.4 2930.4 2930.4 2610.83 
2930.4 2930.4 2623.5 2621 2930.4 2625 2623.5 2605.5 
2608.5 2629.83 2620.1 2622.9 2625.7 2626.5 2625 2631.9 
2624.1 2633.83 2627.5 2931.6 2631.5 2627.1 2627.83 2635.5 
2628.21 2626.5 2631.83 2612.5 2626.17 2623.5 2626.1 2631.5 
2627.21 2614.93 2628 2624.83 2624.06 2622.17 2629.3 2615.5 
2626.1 2625.28 2620.9 2627 2630.17 2626.21 2625.06 2628.5 
2623.3 2629.23 2628.83 2629.5 2627.5 2618.3 2623.17 2628.17 
2629.72 2628 2627 2629.83 2626.5 2624.1 2631.75 2623.7 
2629.5 2627.67 2626 2624.64 2625.93 2621.1 2624.75 2624.28 
2635.39 2621.61 2633.5 2629.75 2633.5 2633.36 2635.5 2634.5 
2634.93 2638.5 2630.5 2633.5 2635.07 2626.17 2631 2634.7 
2636.36 2627.9 2635.36 2631.9 2634.36 2628.25 2628.79 2633.5 
2631.17 2627.21 2632.17 2631.1 2633 2632.21 2629.28 2634.5 
2632.5 2631.32 2631.83 2631.64 2628.7 2636.5 2628.72 2633.61 
2631.5 2633.17 2628.5 2636 2630.75 2630.36 2636.5 2633.83 
2634.93 2626.17 2633.7 2634.5 2632.5 2635.17 2634.17 2637.83 
2630.72 2629.17 2629.83 2628.75 2625.17 2630 2630.59 2629.5 
2635.83 2630.5 2633.65 2640.83 2635.79 2635.7 2633.5 2629.5 
2633.93 2633.36 2635 2636.36 2634.07 2633.06 2631.07 2638.21 
2637.7 2640.5 2633.5 2636.5 2637.79 2637.75 2635.93 2637.5 
2631.17 2634.64 2637.9 2634.1 2633.3 2627.5 2628.5 2626.5 
2639.93 2636.5 2632.5 2629.28 2633.79 2629.75 2635.5 2630.23 
2635.75 2630.23 2632.17 2637.83 2632.64 2630.04 2630.61 2631.33 
2638.75 2636.5 2634.97 2633.64 2634.7 2630.04 2635 2630.17 
2635.5 2628.64 2634.61 2636.39 2633.33 2628 2628.5 2632.14 
2636.83 2632.9 2636.5 2639.5 2636.06 2635.79 2638.5 2636.5 
2635.25 2630.7 2634.86 2637.95 2632.64 2634.5 2636.83 2631.64 
2629.1 2627.17 2633.64 2627 2627.75 2629.5 2636.1 2634.14 
2628.9 2631 2629.07 2631.14 2630.93 2635.83 2627.9 2630.04 
2639.41 2632.64 2636.5 2631.7 2631.83 2636.04 2642.06 2638.77 
2638 2633.1 2637.04 2633.64 2631.39 2632.05 2636.17 2636.25 
2633.72 2641 2630.88 2635.26 2635 2633.75 2635.1 2636.17 
2632.5 2633.5 2638 2634 2638.5 2635.79 2625.5 2629.9 
2642.5 2636.5 2639.83 2639.95 2637.81 2641.1 2644.07 2637.04 
2647.1 2636.33 2639.39 2642.64 2628.5 2638 2639.17 2639.75 
2639 2641.83 2641.83 2640.79 2633.5 2639.3 2633.61 2636.5 
2636.5 2638.05 2639.5 2640.36 2641.83 2639.17 2642.5 2638.5 
2637.3 2635.5 2636.9 2635.17 2638.17 2624.5 2634.5 2644.7 
2642.5 2639.5 2631.17 2644.7 2640.5 2643.83 2641 2605.5 
2616 2642.5 2646.5 2632.83 2623 2624.5 2943.2 2943.2 
2943.2 2943.2 2943.2 2943.2 2943.2 2943.2 2943.2 2943.2 
2943.2 2943.2 2943.2 2943.2 2943.2 2943.2 2943.2 2943.2 
2943.2 2943.2 2943.2 2943.2 2943.2 2943.2 2943.2 2943.2 
# RVDC V1 t0 parameters 
2649.3 2943.8 2943.8 2943.8 2943.8 2943.8 2943.8 2943.8 
2943.8 2943.8 2943.8 2943.8 2943.8 2943.8 2943.8 2943.8 
2943.8 2943.4 2943.4 2943.4 2943.4 2943.4 2943.4 2943.4 
2943.4 2943.4 2943.4 2943.4 2612.5 2943.4 2641.5 2943.4 
2620.17 2942.7 2634.5 2942.7 2631.83 2647.5 2637.7 2942.7 
2643.5 2636.9 2645.3 2644.83 2626.83 2646.83 2646.83 2620.36 
2643 2644.5 2651.5 2644.21 2635.7 2648.5 2643.28 2644.5 
2642.21 2643.1 2637.83 2643.17 2645.79 2641.7 2633.5 2638.7 
2643.25 2642.9 2643.17 2644.5 2638.41 2644.77 2645.5 2643.25 
2641.07 2642.5 2638.94 2639.7 2644.94 2644.17 2644.7 2638 
2641.64 2640.1 2643.75 2638.86 2643.5 2643.64 2646.17 2639.25 
2636.21 2639.64 2638.5 2635.39 2639.07 2638.36 2630.83 2638.5 
2643.5 2643.83 2641.83 2642.75 2644.5 2637.68 2642.9 2643.5 
2642.5 2639.64 2639.83 2643.83 2645.5 2643.93 2646.83 2646.79 
2644.07 2641 2647.17 2640.39 2646.21 2644.94 2642.06 2646 
2643.72 2640.5 2639.21 2642.83 2643.06 2645.83 2643.7 2642.5 
2642.42 2646.93 2643.5 2642.5 2643.7 2646.07 2641.94 2643.21 
2645.83 2643.72 2641.17 2640.9 2641.39 2640.21 2648.5 2644.25 
2645.25 2638.59 2642.57 2647.07 2641.83 2643.7 2643.06 2643 
2637.1 2640.83 2643.5 2644.83 2641.95 2644.17 2644.83 2639.61 
2645.14 2644.06 2651.17 2643 2640.7 2647.75 2645.75 2644.94 
2644.1 2646.9 2651.1 2648.7 2648.5 2643.21 2648 2644.9 
2651.5 2646.5 2650 2648.83 2648.93 2646.5 2646.72 2647 
2641.7 2643.79 2643.5 2640.5 2642.5 2642.75 2640.61 2646.06 
2649.1 2647.5 2650.83 2643.5 2649 2648.07 2648.17 2644.17 
2647.5 2645.9 2644.7 2648.5 2650.25 2646 2652.64 2645.5 
2644.12 2646.33 2647.5 2650.21 2651.94 2654.36 2645.07 2647.91 
2647.5 2641.61 2645.5 2643.14 2648.79 2649.86 2649.41 2642.77 
2645.93 2647.7 2644.3 2645.3 2646.28 2645.17 2645.3 2643.17 
2642.25 2641.86 2651.14 2645.5 2646.07 2650.93 2647.5 2646.36 
2644.05 2647 2643.25 2648.14 2646.17 2645 2643.06 2652.79 
2644.72 2646.25 2647.58 2643.7 2645.36 2646.75 2649.86 2644.75 
2651.25 2641 2648.7 2644.77 2645.17 2649.88 2646.7 2649 
2650.5 2649 2648.17 2648.83 2643.83 2643.79 2646.17 2644.5 
2649.79 2648.83 2642.68 2644.67 2641.9 2650.5 2642.28 2650.23 
2643.72 2646.39 2645.5 2641.5 2650 2644.32 2640.5 2640.3 
2652.3 2632.41 2648 2640.32 2651.5 2648.21 2652.5 2648.5 
2649.07 2649.3 2650.83 2651.17 2642.25 2639.17 2650.5 2649.07 
2650.06 2649.5 2651.5 2647.17 2645.7 2649.5 2637.5 2629.07 
2640.7 2648.5 2644.5 2612.5 2648 2625.5 2612.36 2631.5 
2636.83 2618.17 2630.5 2640.5 2607.83 2649.5 2625 2954.4 
2954.4 2954.4 2954.4 2954.4 2954.4 2954.4 2954.4 2954.4 
2954.4 2952.5 2952.5 2952.5 2952.5 2952.5 2952.5 2952.5 
2952.5 2952.5 2952.5 2952.5 2952.5 2952.5 2952.5 2952.5 
2952.5 2952.5 2952.5 2952.5 2952.5 2952.5 2952.5 2952.5 
2952.5 2952.5 2952.5 2952.5 2952.5 2952.5 2952.5 2952.5 
# RVDC V2 t0 parameters 
2652.7 2945.8 2945.8 2945.8 2945.8 2945.8 2945.8 2945.8 
2945.8 2945.8 2945.8 2945.8 2945.8 2945.8 2945.8 2945.8 
2945.8 2939.7 2939.7 2606.5 2647.17 2617.17 2630.5 2639.83 
2939.7 2642 2605 2641.5 2641.5 2638.9 2638.5 2630.7 
2647 2644.5 2637 2642 2638.17 2638.5 2645.17 2641 
2640.83 2640.1 2646.7 2643.5 2641.9 2638.9 2642.17 2641.17 
2643 2632.36 2641.21 2642.7 2649.3 2635.5 2639.1 2637.83 
2636.1 2639.1 2641 2641.5 2642.9 2639.5 2642.17 2643.83 
2642.64 2637.93 2637.07 2640.5 2640.3 2638.1 2639.64 2636.17 
2635.07 2639 2645.3 2643.83 2639.83 2645 2642.3 2635.7 
2640.17 2637.64 2639.17 2638.07 2640 2636.95 2640.64 2644 
2638.83 2636.5 2638.64 2636.83 2638.07 2639.75 2636.9 2631.83 
2647.9 2640.83 2642.17 2638.88 2639.83 2639.36 2639.17 2644.9 
2640.5 2643.5 2644.5 2645 2641.12 2638.93 2642.17 2641.5 
2646.5 2638.5 2637.5 2638.93 2636.83 2639.5 2641.25 2636.83 
2639.61 2640.1 2641.9 2635.5 2637.7 2638.83 2638.3 2636.21 
2639.41 2636.83 2632.17 2631.83 2635.1 2636.07 2640.7 2640.5 
2642.5 2642 2642.79 2635.93 2635.79 2639.06 2633.9 2636.83 
2643.5 2640.3 2639.41 2642.7 2646 2636.5 2645.17 2636.61 
2639.72 2643.5 2637.79 2638.41 2640.7 2639.25 2639.93 2637.5 
2641.1 2643.28 2643.5 2638.79 2647.17 2642.36 2640 2642.9 
2637.1 2643.5 2642.83 2641.88 2643.72 2643.5 2644 2639.93 
2644.17 2639 2641.36 2627.64 2640.79 2644.3 2639.25 2639.67 
2634.7 2634.9 2637.75 2633.9 2640.93 2638.83 2644.64 2640.79 
2648.5 2643.07 2641.7 2644.83 2643.05 2640.1 2644.5 2644.5 
2641.5 2643.17 2644.5 2644.33 2645.17 2640.75 2644.7 2646.93 
2644.83 2645.25 2646.07 2644.33 2643.17 2640.79 2644.75 2642.5 
2646.5 2641.28 2640.05 2638.7 2642.72 2637.06 2640.5 2642.67 
2647.83 2646.93 2641.94 2640 2641.64 2639 2640.1 2648.79 
2644.83 2641.5 2647.5 2643.75 2641.59 2644.7 2640.25 2638.33 
2647.25 2640.28 2640.64 2645.17 2648.5 2644.5 2641.83 2644.5 
2636.83 2641.04 2635.17 2640.73 2641.04 2639.5 2640.07 2641 
2646.83 2642 2642.36 2640.67 2645.41 2642.57 2644.17 2644.3 
2641.86 2643.17 2644.75 2643.25 2643 2644.5 2643.86 2648.5 
2651.28 2641.79 2641.5 2640.5 2640.1 2644.83 2639.64 2637.83 
2639.7 2639.5 2638.23 2647.5 2640.58 2642.61 2638.07 2639.83 
2651.61 2643.67 2651.5 2647.68 2651.28 2648.5 2648.61 2647.86 
2644.68 2650.7 2649.3 2645.79 2649.67 2644.83 2652.25 2648.5 
2645.59 2644.36 2649.17 2640.5 2650.12 2644.83 2646.5 2640.64 
2643.07 2647.5 2642.9 2611.5 2644.5 2644.39 2645.61 2647.5 
2640.79 2646.3 2645.5 2644.64 2640.5 2631.83 2634.7 2624.5 
2645.17 2642.5 2638.83 2605.83 2631.5 2950.9 2637.83 2626.17 
2607.7 2639.3 2635.83 2952.3 2952.3 2952.3 2952.3 2952.3 
2952.3 2952.3 2952.3 2952.3 2952.3 2952.3 2952.3 2952.3 
2952.3 2942.4 2942.4 2942.4 2942.4 2942.4 2942.4 2942.4 
2942.4 2942.4 2942.4 2942.4 2942.4 2942.4 2942.4 2942.4 
# LVDC U1 t0 parameters 
2947.1 2947.1 2947.1 2947.1 2947.1 2947.1 2947.1 2947.1 
2947.1 2947.1 2947.1 2947.1 2947.1 2947.1 2947.1 2947.1 
2944 2944 2944 2944 2906.17 2915.5 2944 2921.17 
2935.5 2944 2924.17 2928.5 2944 2944 2937.5 2944 
2912.17 2942 2937 2919.5 2939.17 2906.17 2912.5 2942 
2935.3 2924.3 2942 2930.83 2942 2934.7 2935 2935.5 
2933.1 2936.83 2930.93 2939.79 2940.17 2938.1 2938.83 2936.17 
2936.1 2936.7 2935.5 2936.25 2931.5 2932.7 2937.83 2931.64 
2931.5 2933.5 2931.36 2937.21 2934.7 2937.1 2938.83 2937.5 
2940 2935.83 2936.83 2936.79 2938 2937.17 2935.1 2933.3 
2941.3 2941 2938.07 2935.83 2939.5 2940.3 2938.17 2940.5 
2937.61 2936.64 2931 2935.5 2935 2935.83 2933 2934.64 
2946.17 2942.9 2941 2941.64 2947.79 2943.5 2943.5 2942.25 
2942.5 2943.5 2937.64 2942.9 2941.5 2943.83 2941.5 2942.5 
2942.83 2942.5 2945.7 2941.93 2945.64 2938.79 2941 2940.1 
2936.5 2937.5 2940.5 2940.1 2940.83 2933.14 2937.9 2937.72 
2944.5 2939.5 2941.7 2935.5 2942.9 2939.5 2940.5 2936.21 
2937.1 2941.79 2935.17 2941.83 2940.9 2936.17 2936.5 2933.3 
2940.64 2936.93 2942.39 2942.17 2941.5 2936.17 2940.93 2939.17 
2936.83 2934.9 2939.83 2936.5 2937 2935.79 2932.9 2930.83 
2931.17 2932.21 2930.75 2938.5 2939.7 2934.59 2935.1 2936 
2931.17 2936.7 2935.93 2937.5 2939.9 2940.5 2937.1 2931.3 
2937.17 2932.17 2938.17 2936.5 2941.07 2938 2937.83 2934.61 
2933.17 2931.79 2936.39 2934.7 2926.72 2937.17 2929.5 2929.1 
2943.83 2940.75 2944.17 2942.5 2943.93 2947.07 2939.93 2939.5 
2941.25 2941.5 2944.5 2943.9 2939.7 2942.25 2934.5 2939.28 
2944.83 2938.25 2936.3 2936.83 2940.5 2946.5 2940.23 2938.28 
2940.5 2935.93 2936.25 2937.23 2937.5 2938.3 2937.9 2941.17 
2942.3 2938.9 2938.83 2938.3 2942.64 2942.1 2941.06 2944.5 
2939.39 2939.64 2943 2944.17 2942.5 2938.5 2940.83 2937.79 
2940 2938.41 2941.64 2941 2933.9 2939.68 2940.5 2941.93 
2933.5 2937.5 2941.5 2933.7 2935.5 2937.06 2937.83 2939.3 
2943.5 2941.61 2936.5 2943.5 2947.1 2941.77 2946.5 2942.72 
2941.06 2941.5 2943.5 2938.25 2942.17 2944.83 2940.67 2939.9 
2943.1 2939.17 2941.94 2936.59 2941.5 2945.79 2952.5 2939.7 
2936 2939.5 2937.5 2942.65 2937.94 2941.06 2936.5 2940.21 
2948.94 2943.83 2944.5 2946.79 2943.93 2946.5 2940.5 2943.5 
2943.75 2943.33 2943.9 2944.5 2944.5 2936.3 2942.83 2940.5 
2939.7 2940 2937.5 2942.17 2942.17 2931.5 2936.5 2940 
2940.3 2936.5 2938.5 2935.17 2937.83 2937.5 2942.5 2940.83 
2943.5 2930 2928.5 2937.64 2939.17 2906.5 2945.8 2929.5 
2938.17 2930 2935 2938.83 2907 2916.5 2923.5 2910.83 
2932.5 2945 2945 2945 2945 2945 2945 2945 
2945 2945 2945 2945 2945 2945 2945 2945 
2945 2945 2945 2945 2945 2945 2945 2945 
2945 2945 2945 2945 2945 2945 2945 2644 
# LVDC U2 t0 parameters 
2934.9 2934.9 2934.9 2934.9 2934.9 2934.9 2934.9 2934.9 
2934.9 2934.9 2934.9 2934.9 2934.9 2934.9 2934.9 2934.9 
2930.4 2930.4 2930.4 2919.83 2930.4 2914.83 2930.4 2909.5 
2930.4 2921.83 2913.5 2911.17 2926.83 2930.4 2923.17 2930.4 
2912.83 2924.83 2925.5 2923.83 2927.5 2928.17 2929.83 2924.5 
2927.5 2919.83 2926.5 2931.6 2925.21 2918.5 2929.9 2925.9 
2924.9 2931.5 2925.5 2926 2925.5 2926.7 2928.83 2927.93 
2924.79 2928 2926.83 2930.3 2930.7 2925.5 2928.1 2924.79 
2930.93 2926.17 2922.5 2930.3 2925.5 2927.79 2930 2924.5 
2923.25 2930 2928.5 2927.5 2929.17 2924.17 2928.83 2923.93 
2927.83 2924.64 2921.93 2929.83 2928.83 2927.83 2927.7 2926.17 
2919.17 2922.75 2927 2923.94 2924.83 2924.5 2925.5 2925.83 
2938.36 2938 2937.93 2937.83 2939.1 2939.3 2936.21 2936.07 
2941.79 2934.7 2936.5 2936.75 2936.83 2937.79 2935 2937.7 
2933.93 2935.5 2935.5 2934.5 2936.23 2942.17 2940.83 2935.75 
2931.83 2933.5 2937.5 2935.64 2932.93 2939.17 2935.5 2928.3 
2937.3 2933.72 2938.61 2933.25 2930.75 2931.28 2931.07 2929 
2934.36 2931 2931.5 2929.83 2936.17 2929.61 2926.64 2930.64 
2933.3 2926.9 2930.17 2932.07 2931.21 2934.83 2929.67 2931.9 
2925.07 2929.17 2928.9 2929.5 2935.5 2928.21 2926.5 2924.83 
2931.25 2927.36 2933.5 2932.75 2934.75 2930.9 2935.1 2935.17 
2933.1 2932.64 2937.5 2937.1 2937.5 2932.17 2930.79 2929.1 
2931.61 2934.17 2925.5 2932.07 2929.9 2932.7 2936 2931.5 
2931.5 2929.25 2933.3 2927.79 2927.17 2933.5 2930.83 2927.5 
2936.9 2936.36 2936.17 2932.93 2933.3 2932.1 2932.17 2933.5 
2934.59 2934.93 2936.5 2934.5 2937.28 2935.07 2937.5 2932.5 
2937.94 2934.7 2939 2941.5 2932.3 2933.9 2937.17 2936.17 
2933.17 2939.9 2935.5 2928.5 2932.5 2930.7 2931.83 2930.07 
2935.07 2934.39 2932.9 2935.7 2936.5 2939.83 2939.5 2939.5 
2934.7 2941.07 2940.7 2939.75 2938.21 2936.17 2937.5 2934.5 
2940.5 2937.21 2937.06 2933.17 2930.5 2934 2935.1 2934.7 
2931.17 2933.75 2934.1 2933.5 2936.1 2934.3 2930.1 2931.5 
2936.79 2936.5 2932.83 2932.75 2937.93 2933.3 2934.17 2932 
2933.83 2935.5 2938.9 2937.06 2933.83 2932 2935.28 2935.17 
2933.75 2933.83 2933.21 2932.1 2935.5 2938.36 2935.7 2935.64 
2931.75 2935.7 2933.9 2934.25 2931.5 2932.5 2934.36 2930.06 
2945.3 2944.93 2938.3 2940.5 2939.9 2944.17 2946.17 2946.25 
2943.5 2941.79 2943.25 2945.17 2941.1 2941.21 2938.3 2939.17 
2931.5 2940.83 2940.9 2935.61 2941.17 2934.83 2936.93 2939 
2940.36 2935.5 2932.3 2933 2938.94 2932.3 2929.5 2936.3 
2939 2936.7 2935 2940 2936.17 2940.5 2935.7 2936 
2934 2904.83 2939.9 2933 2936.5 2931 2930.9 2936.36 
2909.5 2931.7 2932.83 2933.3 2934.17 2921.83 2940 2919.5 
2938.17 2935 2943.2 2919 2925.5 2932.17 2943.2 2943.2 
2943.2 2943.2 2943.2 2943.2 2943.2 2943.2 2943.2 2943.2 
2943.2 2943.2 2943.2 2943.2 2943.2 2943.2 2943.2 2947.1 
# LVDC V1 t0 parameters 
2943.8 2943.8 2943.8 2943.8 2943.8 2943.8 2943.8 2943.8 
2943.8 2943.8 2943.8 2943.8 2943.8 2943.8 2943.8 2943.8 
2910 2919.83 2909.5 2907 2917.17 2925.17 2912.5 2910.17 
2924.5 2930.5 2913.5 2943.4 2905.5 2933.83 2938.83 2915 
2919.5 2914.83 2940.9 2942 2931.1 2930.5 2907.83 2932.83 
2942.5 2940.5 2914.1 2945.3 2929.5 2935 2939 2936 
2935.5 2930.5 2937.75 2938.7 2938.9 2941.5 2936.9 2932.5 
2936.5 2938.75 2924.5 2938.36 2936.7 2936.36 2937.1 2941.5 
2941.7 2937.83 2944 2940.5 2941 2935.21 2940.93 2935.17 
2939.75 2937.36 2942.17 2943.3 2945.83 2939.95 2941.3 2940.17 
2940.3 2938.28 2941.83 2939.9 2941.36 2940.5 2940.25 2942.5 
2938.07 2940.5 2942.17 2938.7 2942.93 2941.7 2935.17 2931.3 
2948.75 2944.9 2946.9 2950.3 2948.9 2947.5 2950.07 2946.17 
2947.28 2955.3 2951.07 2946.59 2951.17 2948.3 2944.86 2938.5 
2945.25 2944.5 2945.3 2943.17 2947.06 2945.1 2952.5 2950.5 
2946.25 2941.75 2938.17 2936.79 2943.5 2944.5 2946.83 2943.17 
2949.7 2947.61 2947.17 2940.25 2946.83 2944.7 2942.21 2948.17 
2943.7 2936.17 2940.5 2943.75 2941.7 2941 2942.61 2933.5 
2941.1 2939.75 2945.7 2944.9 2942.5 2940.21 2940.93 2943.06 
2941.86 2940.5 2948.17 2943.5 2941.93 2940.21 2936.5 2941.17 
2942.28 2947.21 2946.25 2943.7 2943.1 2942.7 2946.5 2941.3 
2941.1 2944 2945.68 2943.5 2941.65 2943.7 2947.83 2938.07 
2942.21 2942.5 2942.07 2940.25 2940.17 2944.17 2942.3 2933.28 
2935.41 2937.75 2938.17 2938.7 2937.28 2938.64 2937.25 2937.5 
2947.5 2942.25 2946.17 2948.5 2947 2942.5 2943.5 2944.5 
2949.64 2950.3 2947.25 2951.83 2949.25 2944.17 2943.83 2946.39 
2942.86 2938.21 2944.94 2945.93 2941.75 2940.59 2949.5 2944.61 
2945.07 2937.5 2941.5 2942.93 2940.43 2944.5 2940.5 2939.93 
2944.06 2943.36 2943.17 2938.64 2942.17 2943.21 2944 2942.5 
2945.9 2942.75 2943.79 2947.93 2945.5 2943.5 2943.83 2946.7 
2948.1 2942.83 2953.5 2946.72 2947.7 2947.75 2950.5 2944.79 
2934.23 2946.75 2942.9 2943.68 2944.5 2942.25 2945.1 2939.79 
2944.68 2949.25 2944 2948.5 2948.79 2941 2948 2950.1 
2946.42 2945.19 2944.1 2947.17 2948.7 2944.94 2942.36 2946.25 
2944.21 2942.5 2945.64 2951.07 2946.17 2948.32 2949.7 2952.25 
2947.93 2945.88 2946.5 2946.25 2946.58 2942.93 2943.61 2945.5 
2953.3 2958.7 2954.75 2953.14 2950.21 2952.21 2949.5 2942.83 
2947.79 2952.17 2944.5 2948.36 2952.07 2948.1 2948.72 2954.17 
2943.75 2941.7 2950.7 2947 2950.17 2930.1 2947.7 2946 
2944.7 2943.83 2948 2946.3 2944 2931.5 2947.3 2948 
2944.5 2944.83 2903.36 2937.5 2947.5 2948.5 2907.5 2949 
2923.83 2954.4 2945.17 2954.4 2944.83 2954.4 2925 2935.5 
2952.5 2952.5 2952.5 2952.5 2952.5 2952.5 2952.5 2952.5 
2952.5 2952.5 2952.5 2952.5 2952.5 2952.5 2952.5 2952.5 
2952.5 2952.5 2952.5 2952.5 2952.5 2952.5 2952.5 2952.5 
2952.5 2952.5 2952.5 2952.5 2952.5 2952.5 2952.5 2947.1 
# LVDC V2 t0 parameters 
2945.8 2945.8 2945.8 2945.8 2945.8 2945.8 2945.8 2945.8 
2945.8 2945.8 2945.8 2945.8 2945.8 2945.8 2945.8 2945.8 
2939.7 2939.7 2906.83 2939.7 2939.7 2939.7 2923.5 2932.83 
2939.7 2917.5 2921.5 2939.7 2920 2926 2929.83 2928.83 
2937.7 2921.9 2936.17 2922.17 2942.4 2937.5 2935.5 2933.9 
2931.1 2934.3 2938.9 2926.17 2937.5 2933.7 2937.5 2934.5 
2934.83 2931.9 2930.1 2918.5 2927.64 2940.07 2935 2942.5 
2935.1 2934.5 2935 2934.5 2929.7 2933.17 2933.25 2931.07 
2942.83 2934.25 2939.5 2934.17 2939.9 2938.36 2940.9 2936 
2936.61 2933.83 2935.1 2934.28 2936.5 2929.5 2939 2935.79 
2937.5 2935.77 2930.17 2939.07 2940.93 2939.7 2941.25 2940.36 
2936.17 2940.5 2937.83 2933 2934.7 2938.17 2937.17 2933.3 
2938.5 2940.36 2946.75 2937.17 2942.36 2943 2948.5 2935.5 
2944.83 2944.21 2941.83 2941.75 2945.75 2947.3 2947.17 2946.83 
2944.5 2943.17 2942.75 2945.5 2941.83 2946.1 2939.06 2942.83 
2941.07 2942.17 2941 2939.9 2936.7 2934.83 2940.5 2934 
2938.7 2933.5 2937.9 2933.83 2935.1 2936.28 2935.5 2934.3 
2934.5 2931.17 2935.17 2930.14 2932.79 2933.5 2930.83 2941.2 
2940.17 2934.83 2934.75 2937.3 2937.93 2934.83 2940.17 2942.5 
2937.3 2931.5 2936 2933.5 2938.25 2935.5 2936.9 2931.5 
2937 2932.3 2945.7 2935.5 2936.64 2936.64 2939.7 2937.93 
2934.5 2933.5 2937.5 2935.5 2938.21 2939.5 2932.21 2942.1 
2939.17 2932.83 2934.3 2935.17 2941.7 2933.83 2933.17 2943.5 
2934.17 2934 2932.75 2930.5 2932 2928.3 2935.1 2931 
2939.05 2938.5 2940.75 2939.5 2935.5 2938.1 2945.5 2939 
2940.17 2937.5 2940.93 2944.17 2937.5 2942.3 2940 2935.83 
2943.17 2941.5 2938.64 2933.93 2936.83 2938.83 2936.93 2939.64 
2931.83 2938 2937.5 2939.79 2938.79 2941.3 2937.5 2934.3 
2937.9 2937.5 2934.79 2941.1 2939.1 2935.61 2938.39 2937.9 
2934.75 2938.93 2940.39 2937.5 2938.5 2938.61 2937.68 2934.75 
2945.5 2937.64 2941.3 2941 2937.5 2939.93 2936.94 2940.5 
2937.5 2932.25 2940.1 2932.86 2935.1 2930.28 2936.93 2933.5 
2941.25 2928.83 2941.83 2943.21 2939.21 2941.17 2935.5 2938.25 
2938.5 2940.5 2940.5 2941.17 2936.7 2927.25 2938.42 2936.83 
2934.28 2936.1 2936.5 2937.5 2938.95 2938.7 2940.79 2945.7 
2936.83 2931.3 2936.39 2935.83 2938.17 2939.5 2937.5 2935.3 
2948.83 2944.5 2947.64 2947.39 2943.93 2945.25 2948.9 2947.5 
2944.3 2945.7 2942.88 2943 2945.7 2948 2942.75 2941.83 
2944.5 2945.5 2940.93 2940.07 2941.21 2944.39 2938.7 2944.25 
2940.64 2941.17 2935 2941.83 2929.75 2943.17 2930.83 2929.3 
2930.5 2944.1 2943.93 2909.83 2945 2918 2942.1 2934 
2942 2932.83 2929.5 2937.5 2944.9 2940.83 2941.5 2938.83 
2933.83 2946 2934.17 2934.5 2926.3 2937.5 2935.7 2934.5 
2934.1 2952.3 2952.3 2927 2933.83 2952.3 2952.3 2952.3 
2942.4 2942.4 2942.4 2942.4 2942.4 2942.4 2942.4 2942.4 
2942.4 2942.4 2942.4 2942.4 2942.4 2942.4 2942.4 2947.1 
