# RVDC U1 t0 parameters T0 Error 
0 0 0 0 0 0 0 0 
0 0 0 0 0 0 0 0 
0 0 0 0 0 0 0 0 
0 0 0 0 0 0 0 0 
0 0 0 0 0 0 0 0 
3.43295 4.27895 1.88389 4.27895 0 0 1.89021 0 
5.65685 1.29267 7.66927 2.48069 1.01835 5.09877 1.8235 0 
10.064 2.89278 4.37696 0.982114 0 12.6496 1.87467 3.61068 
4.37696 0.918695 1.8235 4.60056 2.74597 6.10432 5.77878 3.51257 
2.34487 8.47163 0 7.02947 8.41245 0 3.17779 0.57735 
7.492 2.84572 16.8199 2.74597 2.60726 2.834 3.06663 3.06663 
2.23357 9.55595 7.492 5.03127 0 2.23357 22.0715 2.80614 
9.94544 5.8586 2.60726 5.53413 3.40369 8.71942 3.47555 3.56676 
5.39001 2.42369 6.13969 3.0769 4.22958 0 1.30656 2.834 
1.79085 0 12.0642 1.88389 5.18416 1.83152 4.58258 2.10693 
0 1.60694 2.10819 1.5881 8.71942 5.53413 2.68135 7.09561 
3.11386 0.524599 6.03438 4.0891 2.82505 1.50375 6.12404 3.40369 
2.17162 6.37802 17.195 0.866189 6.13969 2.44949 2.60726 7.21119 
7.70921 1.78004 6.26281 8.08462 1.10493 6.67685 1.44016 1.345 
16.6723 5.39001 9.41238 3.88581 1.8235 5.09877 11.1703 3.88581 
3.39411 4.09101 3.10371 4.85492 4.22958 5.03127 9.41238 3.06663 
2.00079 1.30656 1.72765 5.42369 4.4952 1.65246 2.10819 2.30479 
4.58258 3.17779 0.798021 1.2682 3.18707 3.17779 2.85412 11.1703 
1.09689 3.05511 3.18707 5.72194 3.63547 6.88815 1.8235 3.56676 
1.29267 2.79043 7.09561 1.26206 5.81656 2.44949 0.45987 1.10493 
3.51257 5.40453 5.07305 2.48069 3.67111 0.985211 0.549342 7.07898 
2.85543 1.44183 0.985211 1.03491 1.96567 1.345 3.13031 6.8328 
7.16707 7.08787 4.81797 5.8586 2.85543 7.16707 6.16203 3.59815 
1.90117 1.25969 4.4952 4.22958 5.19746 2.48069 6.44813 1.09689 
10.432 4.07069 5.53413 5.78722 1.11536 3.51257 11.1703 1.82812 
6.67685 2.80614 6.8328 3.61762 6.13969 7.6356 3.9629 3.0769 
6.03438 1.50375 1.42953 1.65654 15.0879 0.264222 2.91406 3.17779 
2.12202 6.28642 2.07356 2.03933 1.2682 1.20325 5.53413 8.08462 
2.48069 1.27323 2.77663 1.82428 8.8366 3.51257 5.18416 2.45689 
12.8078 7.494 9.12802 3.59815 2.85543 0 1.09689 10.6537 
2.79225 5.11202 2.31074 6.03438 2.60726 4.85492 1.65246 3.05511 
4.26367 2.30479 4.62795 7.50291 4.07069 0.985211 8.08462 9.49604 
4.60056 3.53159 2.48069 0 2.82505 10.7388 5.039 1.48856 
4.21768 1.18297 4.37696 2.07356 1.8235 4.22958 5.72194 0.707107 
2.10693 2.89278 1.43324 0 2.89278 1.88389 0 0 
0 0 0 0 0 0 0 0 
0 0 0 0 0 0 0 0 
0 0 0 0 0 0 0 0 
0 0 0 0 0 0 0 0 
0 0 0 0 0 0 0 0 
0 0 0 0 0 0 0 0 
# RVDC U2 t0 parameters T0 Error 
0 0 0 0 0 0 0 0 
0 0 0 0 0 0 0 0 
0 0 0 0 0 0 0 0 
0 0 0 0 0 2.89278 4.27895 0 
1.30656 1.88389 0 2.44949 5.09877 5.11081 1.30656 1.29267 
1.30656 1.8235 0 7.66927 3.64933 7.02947 0.536656 0 
5.11081 2.89278 0 3.06663 0 1.08766 5.72194 8.41245 
0 5.77878 3.40369 1.11536 3.61068 0 2.89278 2.10693 
2.15154 1.8235 9.55595 0.982114 5.39001 0.982114 1.90459 1.82428 
1.89021 3.88581 4.37696 5.72194 7.66927 5.8586 9.41238 1.30656 
4.18838 4.18838 20.552 2.17162 6.13969 3.51257 0.430331 8.71942 
4.37696 5.039 1.96567 2.31183 3.53159 4.86209 4.18838 3.40369 
6.13969 3.10371 7.66927 0 0.941945 6.13969 4.63885 0.681626 
1.8235 2.48069 2.48069 1.8235 6.03438 1.97442 3.11386 1.96567 
2.60726 2.68135 1.94874 1.8235 2.60726 17.195 0.781387 4.63885 
9.94544 3.95016 1.49071 1.89021 1.8235 1.8235 5.40453 8.47163 
0 1.07883 1.18297 0 2.834 2.48069 1.44016 4.11439 
2.86817 1.40833 2.15154 0.681626 3.47325 2.76455 6.37802 6.84075 
2.80614 1.60694 5.21886 6.03438 3.10371 5.03908 4.09101 5.03908 
7.492 1.30656 2.48051 3.88581 6.88815 1.65246 11.1703 2.58199 
7.492 5.11081 4.19594 2.03933 3.88581 4.37696 3.56676 6.75524 
4.09101 3.69311 1.75082 1.89021 0.781387 1.64031 6.84075 4.40367 
13.3887 1.65246 3.11386 1.44016 4.21768 4.18838 5.039 1.26206 
1.22474 3.3277 3.13031 0.798021 2.03933 0.536656 2.44047 5.21886 
18.2958 5.8586 7.21076 3.0769 4.86209 4.26367 3.94541 3.91616 
0.536656 4.63885 1.26206 7.16707 1.65246 3.56676 12.6496 2.74977 
2.17162 4.86209 6.44813 1.84776 7.70921 8.71942 1.96567 2.21437 
1.72765 3.05511 9.41238 2.62939 3.93601 1.88105 7.09561 2.30479 
7.73079 2.48069 3.12289 0.536656 2.42369 11.5787 2.31183 1.88105 
2.82505 2.37134 7.05623 2.2621 2.834 2.5151 3.63547 0.66341 
4.52104 7.6356 8.92544 5.81656 4.55077 1.54042 2.21437 6.44813 
3.88581 0.798021 1.29267 13.66 2.03492 2.99909 1.42953 1.55288 
2.12202 3.40369 1.09204 3.06663 2.74594 10.6537 0 3.88581 
2.45689 4.62795 6.44813 0.941945 2.48069 3.10371 2.39109 6.84075 
3.82114 2.48051 14.3946 3.15362 2.69187 4.63885 3.88581 0.762871 
3.28 3.48993 2.82505 6.26281 15.9806 1.26206 6.16203 4.11439 
4.14433 2.64182 1.49295 0.555581 3.40369 3.18707 5.39001 0.430331 
1.43324 0.758317 1.95482 6.28642 7.492 17.1412 4.09101 3.43692 
1.18297 2.38483 5.42369 3.59815 6.26281 3.18049 5.03127 2.37134 
1.88389 0.430331 7.66927 2.15154 3.10371 5.11081 1.44183 0 
1.89021 1.89021 2.63809 1.82428 3.51257 3.43295 5.65685 0 
1.01835 7.02947 5.09877 1.30656 0 2.89278 1.90459 0 
0 0 0 0 0 0 0 0 
0 0 0 0 0 0 0 0 
0 0 0 0 0 0 0 0 
0 0 0 0 0 0 0 0 
# RVDC V1 t0 parameters T0 Error 
0 0 0 0 0 0 0 0 
0 0 0 0 0 0 0 0 
0 0 0 0 0 0 0 0 
0 0 0 0 0 0 0 0 
0 0 0 0 1.01835 1.30656 0 4.27895 
2.68135 1.30656 1.88389 2.44949 0.536656 5.09877 3.53159 0 
2.68135 3.0075 2.15154 1.75398 6.10432 11.4399 2.15154 0 
2.68135 1.89021 7.66927 1.89021 1.30656 1.11536 4.63885 2.74597 
1.29267 4.86209 4.18838 3.51257 2.50954 8.71942 14.7354 2.15154 
7.9576 5.11081 0.681626 2.07356 0.918695 2.48069 6.13969 5.72194 
5.11081 2.21437 1.40833 3.11386 2.10819 6.13969 4.37696 2.68135 
2.48069 11.1703 4.22958 9.55595 5.18416 0.788403 3.88581 16.0153 
3.11386 2.21437 1.89021 1.60541 5.03127 8.04668 1.43324 1.03009 
8.47163 3.11386 1.46302 1.75082 1.30656 4.4952 0.951057 7.494 
7.494 3.51257 5.07305 8.71942 3.40369 4.21768 0.524599 8.08515 
9.07326 2.63561 12.0642 1.08766 4.63885 6.67685 0 2.59808 
8.39833 3.13031 4.80788 14.3084 4.0891 1.76383 1.78548 3.45443 
2.32685 15.6975 2.15154 1.75901 0.622543 13.745 2.50954 5.74395 
4.63885 2.30479 2.86817 10.7388 4.80788 7.9576 4.72159 5.72194 
4.11439 5.039 3.60778 2.37103 7.16707 1.82428 0.524599 2.15154 
2.85543 6.84075 4.86209 1.29267 2.68135 9.4952 3.18713 1.09689 
1.87467 8.04668 0.536656 1.87467 1.44674 3.95016 3.40369 2.03933 
4.85492 6.26281 1.8235 1.75082 4.21768 8.41245 3.12289 4.37696 
3.05511 10.432 1.44674 4.18838 0.866189 3.59815 6.44813 4.63885 
5.039 2.37134 4.4952 2.15154 3.0769 1.60694 1.65654 4.37696 
7.6356 1.345 9.12564 7.16707 7.07898 7.50291 4.52104 9.49604 
2.37134 13.745 13.3887 12.1596 2.21437 4.80288 5.42369 3.10371 
3.56676 2.37103 5.39001 3.05511 2.03933 2.30479 8.17243 2.64182 
5.07645 0.57735 0 3.71691 6.03438 3.46924 4.63885 1.40055 
5.40453 0 0.918695 3.67111 6.68353 3.06663 2.17162 0 
1.21656 1.94874 2.37134 4.26367 14.755 4.18838 1.60694 15.7251 
7.16707 8.55939 10.0312 9.76434 5.18416 20.7352 5.03127 1.19166 
5.8586 0.653281 2.67317 1.49295 4.52104 2.03933 4.85492 8.04668 
4.68979 4.81797 5.96352 12.3134 2.11257 5.06757 5.11081 3.12549 
5.58198 1.11536 0 5.87985 1.44674 2.04064 2.31183 3.46924 
5.74395 1.78548 1.50375 3.18049 5.81656 2.85543 7.21076 0.866189 
2.3988 4.66831 3.95016 1.43324 6.28642 0.788403 3.39411 6.67685 
1.83152 0.863845 3.88581 5.72194 2.15154 5.39001 1.44016 3.10371 
4.21768 1.11536 1.89021 3.0075 0 5.11081 5.65685 0 
3.0075 5.11081 3.53159 4.37696 2.89278 1.90459 5.65685 1.01835 
0 0 0 0 0 0 0 0 
0 0 0 0 0 0 0 0 
0 0 0 0 0 0 0 0 
0 0 0 0 0 0 0 0 
0 0 0 0 0 0 0 0 
0 0 0 0 0 0 0 0 
# RVDC V2 t0 parameters T0 Error 
0 0 0 0 0 0 0 0 
0 0 0 0 0 0 0 0 
0 0 0 0 0 0 0 0 
0 0 0.707107 0 1.88389 2.76455 0 7.02947 
1.30656 5.65685 2.68135 5.09877 0 0 0 0.982114 
2.89278 0.982114 0.982114 1.30656 1.49071 6.84075 1.40833 1.40833 
8.41245 2.07356 2.44949 1.46302 3.88581 2.34487 4.37696 3.11386 
0 2.15154 4.60056 8.41245 3.51257 5.09877 2.10693 4.37696 
10.064 12.6496 2.50954 0 3.43295 3.79645 1.29267 1.8235 
2.15154 3.39411 3.53159 2.55647 1.89021 1.88389 2.48069 14.7354 
2.68135 3.51257 5.03127 5.77878 3.79645 8.41245 1.75082 5.65685 
2.834 2.48069 7.492 0.707107 1.40833 3.39411 0.681626 2.44949 
10.5618 4.86209 0.985211 4.11439 2.48069 1.83152 0.982114 2.42369 
2.15154 1.8235 6.10432 0.646128 1.40833 3.51257 2.31183 5.39001 
1.60694 7.9576 5.039 0.524599 4.63885 0.762871 4.18838 0 
0 0.918695 3.94541 9.94544 19.6338 4.11439 2.37134 2.48069 
1.18297 4.63885 5.09877 3.95016 1.89021 1.48856 12.6496 1.79085 
4.63885 5.72194 3.79645 9.55595 2.10819 1.75901 6.88815 0 
13.3218 7.494 0.709951 1.89021 1.08766 2.74597 2.834 0 
4.63885 0 8.08462 1.29267 3.95016 3.39411 2.10819 0.358162 
2.48069 10.0536 1.69678 1.26206 2.42369 6.67685 1.09689 4.4952 
0.536656 1.36413 4.85492 1.60541 6.67685 2.42369 15.7251 5.72194 
0.788403 1.30656 4.4952 12.0642 4.27895 6.67685 0 4.18838 
0.524599 3.0769 3.672 5.03908 8.08462 5.039 2.68135 5.8586 
3.05511 4.86209 3.06663 3.18713 5.039 6.68353 7.09561 5.11081 
3.47325 3.51257 7.05507 2.50954 1.65654 6.13969 1.87467 9.41238 
5.03908 1.48856 6.28642 4.18838 2.85412 5.53413 3.45443 3.53159 
1.8235 4.17871 0.982114 7.37581 11.7132 10.6809 3.94541 0.918695 
1.26206 3.43295 6.84075 6.28642 2.21437 2.48069 12.1596 4.81797 
5.18416 9.04036 2.64182 8.92544 7.492 2.88347 5.039 0.866189 
6.10432 8.71942 2.30479 2.48051 3.40369 1.39951 7.492 4.52104 
3.85985 10.0536 3.48159 4.58258 0.549342 14.755 2.82505 11.3674 
4.4952 3.40369 7.50291 0.762871 2.63561 4.27895 1.91491 3.39411 
5.40453 4.52104 1.11536 3.88581 3.05511 0 4.18838 1.44674 
3.64741 1.8235 3.95016 1.09204 5.72194 8.04668 5.18416 2.44949 
9.49604 3.60778 2.00079 7.70921 3.18713 6.44813 9.49604 3.39411 
2.56737 1.14159 1.42953 5.8586 2.68135 1.78004 4.55077 6.13969 
5.77878 2.27297 0.932422 5.39001 7.16707 3.51257 3.7286 4.58258 
5.039 3.64933 0.788403 1.60541 2.37103 5.03127 3.79645 4.63885 
2.44949 1.43324 1.60694 4.18838 3.06663 1.50375 3.95016 12.6496 
3.11386 0 11.4399 5.77878 2.48069 4.37696 2.68135 0.707107 
7.66927 1.88389 0 4.27895 0 0 0 0 
0 0 0 0 0 0 0 0 
0 0 0 0 0 0 0 0 
0 0 0 0 0 0 0 0 
0 0 0 0 0 0 0 0 
# LVDC U1 t0 parameters T0 Error 
0 0 0 0 0 0 0 0 
0 0 0 0 0 0 0 0 
0 0 0 0 0 0 0 0 
0 0 0 0 0 0 0 0 
0 0 0 0 0 0 0 0 
0 0 0 0 1.30656 1.01835 4.27895 1.30656 
2.89278 2.89278 1.49071 1.88389 3.0075 0.707107 1.88389 1.90459 
4.27895 3.0075 6.75779 0 3.43295 5.65685 5.21886 0.707107 
1.30656 0 2.76455 0 0.982114 9.55595 2.68135 0.707107 
1.75398 0 1.75398 5.65685 1.01835 1.30656 0 1.08766 
1.01835 7.9576 2.76455 1.11536 3.64933 1.08766 0.982114 7.02947 
7.02947 4.86209 4.60056 2.76455 2.44949 2.15154 0.536656 4.37696 
6.84075 1.90459 3.47555 7.9576 3.51257 6.75779 3.64933 0 
4.11439 8.41245 1.40833 8.47163 4.11439 3.88235 4.18838 6.10432 
6.10432 2.68135 6.75779 1.8235 1.30656 2.76455 2.48069 3.64933 
2.68135 2.48069 3.53159 0.524599 2.76455 0 2.10693 4.11439 
5.77878 3.11386 5.11081 4.4479 1.8235 5.65685 1.90459 2.10693 
1.89021 8.47163 3.53159 2.68135 0.951057 3.64933 0.536656 1.88389 
2.74597 1.29267 1.75901 0.707107 0 0.982114 2.07356 2.60726 
1.60694 3.61068 9.55595 3.59815 2.89278 4.11439 2.834 1.87467 
2.76455 5.11081 0 1.88389 3.51257 1.89021 1.89021 0 
1.46302 0.57735 2.74597 1.29267 3.64933 6.10432 1.44183 0 
4.18838 0 10.5618 4.27906 4.86209 5.11081 3.13031 14.7354 
9.55595 4.11439 7.09561 0 7.9576 1.8235 7.66927 0.982114 
1.18297 8.71942 3.79645 1.01835 3.39411 5.53413 8.08462 0.536656 
6.89532 5.09877 1.87467 2.834 4.11439 1.89021 0.982114 3.53159 
9.19888 3.06663 12.6496 6.10432 2.15154 3.59815 2.68135 2.17162 
3.11386 1.11536 5.039 1.88389 7.02947 4.09101 3.64933 7.9576 
3.43295 1.01835 3.06663 0.951057 1.29267 8.41245 0 0 
0.781387 1.8235 2.834 9.19888 3.43295 7.66927 7.9576 1.60694 
3.43295 1.30656 1.40833 8.71942 6.13969 0.646128 2.48069 1.46302 
0.536656 1.60541 0.985211 1.75082 4.63885 14.755 1.88389 0.707107 
0 5.03908 2.21437 4.22958 7.492 5.03127 1.11536 1 
6.75779 2.17162 1.48856 2.31183 1.08766 6.28642 8.71942 4.18838 
4.27906 9.94544 2.05427 1.09689 1.11536 5.03908 2.31183 2.55647 
0.423443 5.09877 4.27895 0.951057 1.30656 1.30656 1.08766 2.10693 
6.10432 10.7388 5.72194 7.09561 4.11439 0 1.88389 5.03127 
6.10432 7.66927 1.65246 4.60056 5.09877 5.11081 4.11439 3.88235 
0 3.11386 6.10432 4.27895 5.09877 0 1.90459 0.707107 
4.11439 4.37696 0 0 5.09877 4.27895 1.49071 0 
0 0 0 0 0 0 0 0 
0 0 0 0 0 0 0 0 
0 0 0 0 0 0 0 0 
0 0 0 0 0 0 0 0 
0 0 0 0 0 0 0 0 
0 0 0 0 0 0 0 0 
# LVDC U2 t0 parameters T0 Error 
0 0 0 0 0 0 0 0 
0 0 0 0 0 0 0 0 
0 0 0 0 0 0 0 0 
0 0 0 0 0 0 0 0 
0 0 0 0 0 0 0 2.76455 
0 0 2.89278 0.707107 0.982114 4.27895 0 0 
2.68135 0.951057 2.68135 0 0 2.89278 1.8235 5.09877 
0 3.43295 0.536656 0 0 0.681626 0 8.41245 
1.01835 1.82428 2.68135 0.681626 3.53159 2.44949 1.11536 0 
5.09877 2.834 5.65685 0.536656 3.61068 2.89278 6.75779 1.75398 
9.55595 0.982114 1.30656 5.21886 4.27895 1.29267 4.37696 0 
4.27895 1.8235 2.68135 5.65685 6.10432 3.64933 1.97442 2.68135 
4.11439 9.55595 4.11439 5.65685 0 1.90459 0.681626 4.37696 
3.06663 0 1.8235 2.38483 4.37696 3.51257 0.707107 5.72194 
3.11386 1.01835 6.10432 0.536656 8.41245 5.09877 2.68135 0.707107 
3.61068 2.48069 0.951057 1.97442 1.89021 4.37696 1.01835 11.4399 
5.77878 5.09877 2.23357 1.88389 0 0.430331 0 5.72194 
1.75398 3.53159 4.18838 3.11386 3.43295 1.08766 1.8235 1.18297 
3.64933 3.64933 3.47555 0.536656 9.55595 4.27895 3.06663 4.37696 
7.66927 0 0 9.55595 0.951057 1.82428 2.48069 1.97442 
3.43295 0 2.68135 14.7354 4.11439 3.53159 0.982114 0 
4.27906 2.23357 10.5618 0 2.10693 6.75779 1.30656 1.89021 
1.8235 0 0 2.76455 6.37802 2.15154 7.66927 1.18297 
1.11536 2.76455 0 5.11081 2.48069 1.82428 10.064 1.87467 
0.306186 3.88235 0.781387 5.72194 5.11081 1.88389 2.48069 5.39001 
2.48069 0.985211 1.09689 0.430331 0.430331 1.89021 7.492 14.7354 
6.10432 0.536656 0 0 4.37696 4.86209 8.41245 1.82428 
1.89021 0.951057 7.66927 2.85543 1.75901 4.27895 0 4.11439 
4.18838 2.03933 1.40833 4.86209 7.02947 1.44016 5.11081 0 
5.65685 1.82428 1.87467 3.06663 10.064 1.89021 0.358162 4.11439 
3.51257 2.44949 8.08515 11.4399 16.0153 3.88581 8.47163 6.84075 
1.88389 3.61068 3.11386 2.85543 0.358162 3.06663 1.40833 3.0075 
1.46302 1.8235 11.4399 1.11536 6.10432 1.87467 7.09561 3.51257 
5.39001 1.8235 14.7354 4.60056 0.982114 9.94544 0 4.60056 
1.14159 1.44016 0 7.9576 0.707107 6.10432 1.46302 5.27876 
1.8235 3.59815 3.51257 2.23357 3.59815 3.95016 3.56009 3.51257 
8.08462 6.84075 1.20325 13.3218 1.60541 3.13031 3.47555 7.66927 
2.10819 4.86209 1.87467 1.08766 1.29267 5.09877 1.75398 0.707107 
8.41245 10.064 3.51257 7.02947 2.17162 0 5.11081 1.88389 
1.88389 1.09689 4.4479 3.06663 8.39833 2.48069 1.88389 6.75779 
0 1.11536 3.53159 0 0 0.707107 0 2.89278 
0 1.30656 1.88389 0.707107 0 0 0 0 
0 0 0 0 0 0 0 0 
0 0 0 0 0 0 0 0 
0 0 0 0 0 0 0 0 
0 0 0 0 0 0 0 0 
# LVDC V1 t0 parameters T0 Error 
0 0 0 0 0 0 0 0 
0 0 0 0 0 0 0 0 
0 0 0 0 0 0 0 0 
0 0 0 0 0 0 0 0 
0 0 0 0 0 0 0 0 
0 1.01835 6.75779 0 1.01835 2.44949 0 5.65685 
0 0.707107 1.90459 11.4399 2.89278 5.65685 1.82428 2.76455 
0.536656 1.8235 1.75398 6.75779 0.707107 6.75779 5.09877 2.68135 
1.82428 1.8235 0.536656 0 3.43295 7.66927 4.11439 0 
3.61068 4.4479 2.48069 0.951057 4.11439 0.951057 8.41245 3.61068 
11.4399 0.524599 4.27895 0.762871 7.09561 0.707107 3.0075 4.18838 
2.44949 0.982114 4.11439 0 4.11439 0 0.707107 14.7354 
3.53159 7.66927 3.0075 2.48069 1.82428 4.27895 1.8235 1.90459 
4.18838 1.89021 1.75398 1.89021 13.3218 6.75779 3.61068 0.788403 
4.11439 1.89021 1.89021 0.982114 4.37696 4.11439 9.55595 3.51257 
1.8235 1.40833 2.74597 0.918695 4.09101 4.27895 2.10693 1.29267 
8.41245 0 6.84075 4.11439 5.21886 3.88235 4.27895 1.89021 
0 4.37696 1.11536 13.3218 1 3.06663 1.40833 10.5618 
3.64933 0 7.02947 3.47555 2.15154 1.29267 0.681626 2.63809 
1.89021 0 2.48069 2.31183 5.65685 2.15154 1.43324 10.064 
5.77878 2.89278 4.27895 4.11439 4.60056 3.59815 5.77878 4.11439 
11.4731 4.11439 4.63885 2.834 11.4399 6.75779 2.89278 3.88235 
0.781387 3.43295 0.982114 5.11081 0 6.10432 6.84075 3.51257 
3.11386 5.65685 2.84572 0 0.524599 6.10432 0 2.76455 
1.89021 0.430331 3.53159 4.86209 9.55595 3.60778 9.94544 0.707107 
3.88235 0 2.37134 3.88581 0 7.9576 5.03127 3.17779 
7.492 3.51257 2.68135 1.20325 3.51257 7.09561 0.951057 4.60056 
3.13031 2.76455 1.09689 2.74597 3.60778 4.63885 3.53159 5.72194 
1.89021 3.03895 1.46302 4.86209 3.11386 7.02947 2.74597 4.18838 
1.18297 6.10432 8.71942 5.21886 4.27895 6.84075 9.94544 5.38458 
4.11439 2.44949 6.84075 5.72194 3.51257 3.64933 0.524599 1.44016 
2.34487 1.49071 2.834 0.423443 0.982114 4.27895 1.89021 1.87467 
5.039 2.48069 2.85543 1.43324 3.10371 2.10693 2.68135 2.17162 
0.707107 4.63885 5.11081 5.72194 3.53159 4.09101 6.67685 2.38483 
10.5618 5.72194 6.75524 1.30656 5.11081 7.09561 6.75779 3.88581 
5.09877 2.60726 3.10371 0 1.65246 5.039 2.07356 6.13969 
6.13969 5.53413 6.84075 0.781387 0.918695 0.762871 4.11439 4.27895 
4.27895 0.681626 1.43324 3.06663 4.27895 3.43295 1.75901 1.75398 
8.41245 1.82428 1.49071 5.09877 5.09877 0.707107 2.76455 0 
4.37696 2.76455 1.88389 1.30656 2.76455 5.65685 0 0 
0 0 0 0 0 0 0 0 
0 0 0 0 0 0 0 0 
0 0 0 0 0 0 0 0 
0 0 0 0 0 0 0 0 
0 0 0 0 0 0 0 0 
0 0 0 0 0 0 0 0 
# LVDC V2 t0 parameters T0 Error 
0 0 0 0 0 0 0 0 
0 0 0 0 0 0 0 0 
0 0 0 0 0 0 0 0 
0 0 0 0 0 0 0 0 
0 1.01835 0 1.01835 2.76455 0.707107 0 4.27895 
1.30656 0 4.27895 3.61068 0 1.49071 3.53159 0 
0 1.90459 1.82428 4.37696 0 3.0075 1.40833 0 
1.82428 0.536656 1.90459 1.82428 4.4479 7.02947 0 1.30656 
0 0 9.55595 0 7.02947 6.10432 1.82428 8.41245 
0.707107 0 3.53159 1.8235 0.707107 0 1.8235 0.536656 
0 1.88389 0.681626 1.49071 5.72194 0 4.37696 5.11081 
0 1.08766 2.89278 1.30656 4.37696 0 0 3.11386 
2.15154 1.01835 3.51257 2.68135 1.89021 0 6.10432 0.951057 
0 1.11536 1.90459 1.29267 1.97442 1.8235 3.11386 0 
1.88389 0.982114 1.75398 1.30656 7.9576 6.10432 3.06663 3.61068 
5.21886 3.11386 8.41245 0 1.29267 0 1.88389 3.03895 
3.64933 0.951057 3.43295 0 7.66927 0 0.524599 4.11439 
1.97442 3.47555 4.27895 0 3.88235 0.681626 2.07356 1.40833 
5.77878 1.89021 4.37696 1.90459 6.84075 2.68135 0.536656 10.064 
10.5618 1.75901 5.11081 4.37696 3.43295 6.10432 8.47163 5.09877 
1.01835 3.53159 9.55595 1.40833 1.60541 2.15154 11.4399 0 
0 5.65685 5.09877 1.30656 7.492 3.43295 7.02947 2.63809 
6.84075 8.41245 5.72194 0.951057 0 1.40833 6.84075 0 
1.30656 2.48069 0 6.75779 6.75779 3.11386 7.66927 4.27895 
0.707107 2.05427 5.21886 3.11386 1.30656 7.09561 2.44949 1.20325 
1.89021 3.53159 0 6.84075 4.86209 0.430331 3.0075 3.06663 
0 1.40833 6.13969 4.11439 11.7132 0 3.0075 0 
2.10693 1.01835 7.9576 4.37696 0 2.37134 5.72194 8.47163 
6.89532 0 0 6.84075 4.11439 2.89278 1.75398 6.75779 
6.84075 1.82428 3.56009 1.08766 4.22958 4.37696 0 2.68135 
1.87467 0 2.50954 6.13969 0 1.46302 2.07356 0 
0 1.40833 0 7.9576 0.536656 2.50954 4.18838 2.50954 
4.63885 6.84075 2.38483 2.34487 3.0769 5.21886 3.53159 7.02947 
5.11081 1.60541 2.68135 3.17779 5.09877 16.0153 0 0.762871 
2.37134 6.10432 0.646128 3.53159 2.38483 2.834 1.09689 5.72194 
6.75779 2.03933 1.49071 1.87467 5.65685 0.982114 12.6496 1.30656 
1.01835 4.18838 2.23357 8.71942 8.71942 4.27895 2.89278 6.75779 
3.47555 0.423443 1.29267 0 1 4.80788 7.66927 7.492 
3.0075 1.29267 3.47555 0.982114 5.11081 2.44949 6.75779 1.01835 
2.44949 1.89021 2.23357 0.951057 0.536656 0.536656 0 0 
1.82428 0 4.27895 1.30656 0.707107 5.65685 0 0 
0 2.89278 0 0 0 0 0 0 
0 0 0 0 0 0 0 0 
0 0 0 0 0 0 0 0 
0 0 0 0 0 0 0 0 
0 0 0 0 0 0 0 0 
