# RVDC U1 t0 parameters T0 Error 
0 0 0 0 0 0 0 0 
0 0 0 0 0 0 0 0 
0 0 0 0 0 0 0 0 
0 0 0 0 0 0 0 0 
0 0 1.90459 1.90459 0 4.4479 2.44949 7.02947 
0 0 1.89021 3.43295 0 2.15154 1.30656 7.66927 
2.15154 0 3.53159 2.68135 3.88581 4.22958 3.64933 3.43295 
2.834 1.60541 4.86209 0 5.03127 3.06663 0.622543 3.47325 
2.85543 4.85492 1.88389 1.1262 2.10693 0.57735 4.26367 5.42369 
3.67111 4.63885 9.94544 4.55077 1.43324 12.412 0.982114 3.51257 
5.77878 2.85543 2.2621 3.48159 1.26206 3.88581 1.10493 8.08462 
5.18416 4.46351 9.94544 0.866189 2.64182 10.501 9.49604 1.60541 
1.65246 1.44016 8.04875 3.88581 5.87985 1.54042 2.2621 3.48159 
4.4952 8.27866 15.7251 1.03009 3.7286 5.81656 4.81797 5.03908 
1.50375 0 2.11257 1.36413 6.67685 3.40369 1.65654 8.04137 
4.43469 3.9629 8.63314 5.77851 2.82505 19.6778 13.3887 1.94912 
0.536656 1.88105 3.28 1.64728 3.89026 3.16154 8.71942 5.40453 
3.46924 2.74594 1.75082 1.53819 1.90117 2.13593 3.28 1.64031 
20.7352 2.45689 8.04668 11.3674 2.1472 2.63561 2.21437 3.05511 
1.65654 10.5618 5.8586 6.03438 4.30632 3.3277 1.65246 5.39001 
4.56266 9.04036 5.06933 23.9027 2.63561 1.79085 0.402575 2.36576 
7.50291 5.45614 7.9576 8.33891 1.78004 9.41238 8.92544 1.75082 
1.88274 3.0769 5.81656 4.38719 7.53691 1.83152 8.60768 1.60541 
5.98963 3.18707 11.0214 2.97965 2.64914 3.51406 5.45614 1.79085 
1.38441 1.75959 3.672 2.02914 1.56819 1.81037 11.0214 2.39109 
19.0019 1.49295 18.8709 7.74439 5.49047 1.75082 14.2876 1.72465 
3.6874 3.45452 4.18135 2.45389 5.4451 13.3887 3.16154 3.71691 
10.6809 2.99909 5.93587 2.79043 5.77311 11.5577 2.30898 15.3763 
2.91448 2.2621 0.727738 0.482068 4.92278 3.04813 14.6177 5.71144 
3.48159 2.1455 16.643 4.48443 11.479 4.43469 3.64477 3.67111 
6.0515 1.12688 8.63822 3.38669 2.36576 1.36413 1.53819 2.2621 
4.29061 1.53382 6.52259 1.37105 5.57923 6.52259 5.98401 8.11883 
2.27695 2.77492 3.672 7.37581 4.86797 2.31183 1.65246 4.68979 
2.85412 3.16154 7.37061 3.53337 1.73025 3.17135 1.75959 10.739 
4.36782 1.73205 4.21768 2.38562 4.89218 3.46924 2.54378 2.39109 
3.27746 2.8143 5.19746 9.63213 8.98245 3.89009 3.06847 2.03933 
3.63547 9.49604 4.75809 7.44382 1.46302 0.778466 2.55726 4.05471 
2.45689 3.61762 1.345 7.9013 1.44674 2.85412 1.60541 5.21886 
4.51633 2.1472 0 4.14433 12.0642 1.83152 7.07898 5.65685 
2.15154 4.58258 8.71942 1.87467 11.4399 1.44016 1.75901 2.23357 
0 1.90459 2.89278 0 0 0 0 0 
0 0 0 0 0 0 0 0 
0 0 0 0 0 0 0 0 
0 0 0 0 0 0 0 0 
0 0 0 0 0 0 0 0 
0 0 0 0 0 0 0 0 
# RVDC U2 t0 parameters T0 Error 
0 0 0 0 0 0 0 0 
0 0 0 0 0 0 0 0 
0 0 0 0 0 0 0 0 
0 2.44949 0 3.61068 4.37696 2.89278 4.27895 2.44949 
2.48069 3.53159 0.951057 0.681626 1.75398 2.60726 2.23357 14.7354 
6.10432 5.65685 1.43324 4.18838 4.22958 0 3.11386 1.18297 
1.46302 0 1.40833 10.5618 2.834 12.3942 3.47555 3.13031 
2.17162 0.788403 2.68135 1.43324 20.552 1.90459 3.64933 9.41238 
1.38441 2.85543 2.834 1.89021 3.51257 0.593166 2.30479 1.43324 
2.30479 10.0536 0.941945 4.56266 1.78548 1.75901 1.86946 14.7125 
3.91233 10.1869 3.0769 1.91491 12.0642 2.48069 2.80614 2.56737 
3.59815 4.09101 2.63561 3.40369 9.41238 2.10693 5.03908 3.0769 
6.8328 8.38218 4.44324 5.81656 1.36413 3.90702 5.18416 0 
3.13031 20.9612 7.16707 4.92278 3.91616 6.21094 31.8578 4.58258 
19.1509 3.95016 1.88105 2.1472 13.1984 4.92278 6.8328 2.21437 
6.10432 0.788403 0.668349 2.62149 4.44324 2.71224 8.47163 3.0769 
4.85492 0.690047 2.63561 3.51257 9.49604 2.85543 4.09101 0.598324 
5.039 4.81797 2.48069 6.67685 22.8189 5.49047 14.7354 8.71942 
0.549342 3.3368 2.77663 3.59815 3.672 3.48159 6.16203 3.56676 
11.0214 2.97965 0 2.58199 0.524599 4.44324 2.62149 1.14159 
3.9629 2.31183 9.01989 4.63885 4.21768 7.05507 3.39411 1.75959 
5.039 1.65654 2.80614 2.77293 1.88105 4.29061 6.44813 5.71144 
1.96567 1.78004 2.2621 3.61762 4.93142 2.89685 8.17243 3.28467 
4.18135 17.8226 7.37581 2.1076 6.31173 7.50291 2.03933 2.62149 
12.1596 5.03908 9.20396 1.11536 5.18416 7.05623 7.19438 6.8328 
4.91517 9.92799 1.89445 3.12289 9.12564 0.64777 3.93601 2.45389 
7.494 2.82505 8.17587 0.788403 12.1596 7.05623 0.863845 3.95016 
3.47325 12.891 9.76066 4.75685 2.74695 5.80611 1.52981 6.21094 
1.78548 4.51633 1.02738 2.2621 6.16203 4.55077 16.0172 3.49558 
3.17135 0.941945 2.81757 2.59808 4.26367 2.77293 11.241 0.673892 
3.15362 0.932422 0.788403 2.43243 0 4.11694 3.45592 2.19831 
8.08515 2.4884 1.0286 3.91233 8.60768 7.63869 2.86817 5.40161 
4.30994 4.09341 6.55527 2.2621 1.18285 4.29061 7.58714 3.89099 
9.76066 1.96567 4.89218 2.51959 2.27695 1.09689 4.51633 5.97804 
2.21437 3.91233 0.931429 1.72737 6.76577 1.38892 3.10371 16.4647 
1.22498 2.62149 4.30994 2.30889 1.36413 6.94445 9.97382 2.834 
2.4013 0.762871 4.49336 6.25522 6.26016 5.71144 5.25923 3.16154 
3.04813 5.07645 6.26016 1.46349 2.17174 5.53413 2.82505 7.53691 
1.18285 1.86665 0.782886 2.27297 3.10371 9.01989 1.39285 26.0843 
5.49047 1.79085 2.834 2.64182 4.81797 10.6537 4.18838 9.14667 
3.13031 6.84075 1.44016 4.11439 2.834 3.13031 4.09101 2.68135 
1.60541 6.10432 2.48069 3.43295 0.681626 1.8235 1.8235 2.23357 
1.30656 5.65685 1.90459 0 0 0 0 0 
0 0 0 0 0 0 0 0 
0 0 0 0 0 0 0 0 
0 0 0 0 0 0 0 0 
# RVDC V1 t0 parameters T0 Error 
0 0 0 0 0 0 0 0 
0 0 0 0 0 0 0 0 
0 0 0 0 0 0 0 0 
0 0 0 0 0 0 0 0 
1.30656 1.01835 2.76455 2.68135 1.88389 2.68135 3.06663 0 
11.4399 3.11386 2.834 5.65685 1.8235 3.53159 1.8235 5.4451 
3.06663 4.63885 4.09101 9.41238 1.94874 8.08462 1.26206 0.524599 
3.53159 6.13969 3.47555 8.92544 1.08766 5.42369 7.492 3.51257 
4.63885 8.47163 3.64933 7.9576 6.84075 3.13031 5.72194 5.03127 
0.762871 1.89021 6.67685 3.0769 1.48856 5.039 4.21768 1.30656 
1.69678 4.40367 9.49604 0.707107 2.37103 19.1509 4.17871 3.89026 
3.0769 12.0111 4.17871 1.22474 0 3.45443 11.3674 1.89445 
4.30632 2.48069 7.40881 9.80347 3.13031 2.15154 3.91233 2.00079 
9.0729 4.81797 1.79085 5.39001 8.04875 8.08462 0 1.75082 
0.998722 9.49604 1.48856 9.04036 1.44674 5.5626 3.53159 14.0112 
5.14245 4.1153 7.6356 1.79085 11.5577 1.91491 3.40369 1.09689 
6.48682 2.12202 7.19438 9.49604 0.864761 0.358162 3.03717 3.51257 
5.39001 3.16154 8.26294 1.65246 4.14433 4.0487 5.18416 2.63561 
3.792 7.07898 1.21656 2.79043 8.33891 5.31352 4.62795 1.78004 
1.03009 4.17871 1.86665 1.48883 8.04875 3.46924 1.29267 9.63146 
2.12202 1.09689 7.16707 0.66341 8.04668 2.56737 4.55077 3.85149 
3.45443 4.19075 2.9427 3.91233 1.18297 9.92799 0.536656 1.78548 
3.16154 3.45443 1.57694 3.56676 3.03717 4.30994 1.72465 0.515213 
6.10898 6.81821 3.20334 1.48263 3.27746 1.78548 2.19831 3.51364 
4.51633 0.236643 3.46954 4.2052 3.03799 1.1867 1.44674 1.69678 
9.60262 0.682976 3.01987 4.11694 6.03438 4.68979 4.68979 9.76066 
7.62194 1.88105 6.31173 9.20396 2.31354 2.82505 2.27297 4.89793 
2.89685 1.65455 4.75809 13.6646 1.12934 3.39411 12.1088 13.8136 
4.38719 3.27746 6.24284 3.40369 4.21608 0.598324 1.65654 1.50375 
1.38892 3.04274 7.50291 5.49047 15.463 2.30479 5.7016 1.58442 
1 4.49336 3.90702 3.94541 1.1454 3.82114 3.6874 0.430331 
2.63561 0.762871 8.47623 4.05471 4.11694 2.63561 2.1741 2.46761 
2.12202 5.98401 6.81821 2.64914 3.31614 1.91487 1.21539 8.04875 
13.958 2.84572 2.4013 4.17871 1.48263 4.4952 5.45614 10.7597 
4.80804 4.0487 3.3368 3.51172 0.758947 4.92203 6.26016 6.67685 
3.91233 4.92278 3.18049 1.29318 1.14159 4.91517 7.74439 3.20334 
5.3076 2.71224 0.627963 8.04668 2.82505 1.64031 2.31183 3.82114 
4.72159 1.42953 5.87985 12.8078 6.16203 4.22958 1.30656 3.88581 
3.63547 7.492 9.55595 1.79085 4.60056 0.646128 7.9576 6.84075 
0.982114 1.46302 5.77878 5.72194 4.37696 1.75901 3.64933 0 
3.53159 1.01835 1.30656 0 0 0 0 0 
0 0 0 0 0 0 0 0 
0 0 0 0 0 0 0 0 
0 0 0 0 0 0 0 0 
0 0 0 0 0 0 0 0 
0 0 0 0 0 0 0 0 
# RVDC V2 t0 parameters T0 Error 
0 0 0 0 0 0 0 0 
0 0 0 0 0 0 0 0 
0 0 0 0 0 0 1.90459 0 
0 2.76455 0.781387 1.49071 10.064 8.41245 2.68135 4.27895 
3.0075 6.10432 0 1.89021 1.8235 5.11081 5.72194 1.44016 
3.39411 8.04668 6.10432 1.08766 1.18297 2.31183 8.41245 4.63885 
3.59815 14.7354 1.29267 2.10693 3.47555 1.87467 0.918695 2.56737 
1.29267 6.10432 2.37134 1.90459 0 1.03009 6.84075 2.10819 
3.47325 1.08766 1.14159 4.18838 2.85543 6.03438 1.36413 4.4952 
9.41238 4.58258 5.06757 2.56737 11.5787 2.42369 5.13616 2.85543 
1.79085 2.97965 1.60694 6.26281 1.44674 1.03009 2.38483 0.982114 
5.039 4.09101 3.48993 14.755 6.44813 6.8328 10.0312 8.31021 
11.1703 0 0.818611 1.87467 4.17871 2.80614 5.07645 2.63561 
6.88815 2.68135 7.66927 2.18456 3.67111 3.39411 17.1412 2.834 
3.10371 0.536656 2.48051 8.92544 2.62149 1.75959 1.48856 0.963965 
2.31183 2.21437 3.16154 1.21656 0.758317 0.985211 1.44016 0.786195 
1.61449 5.039 8.84145 6.10432 2.82505 1.75901 0 0.519613 
2.03492 8.04668 2.48069 7.62194 6.28642 2.79043 4.21768 2.56737 
1.49295 3.27746 3.51257 5.40453 5.74395 6.48682 2.74597 1.11536 
14.8874 2.12202 2.48069 5.8586 3.40369 6.44813 4.81797 10.0312 
14.3946 4.85492 0.555581 8.2323 4.02194 0.758947 3.27746 5.49047 
6.13969 4.68979 4.18135 1.27323 1.67724 5.07305 3.40369 3.51364 
5.07645 9.12802 1.48263 4.0891 0.941945 2.45389 8.55939 1.86665 
2.0078 3.17779 5.81656 1.43324 4.21768 4.29061 3.36301 1.78004 
3.89026 2.63809 3.16154 9.31358 0.66341 2.54378 1.78548 1.49916 
1.42953 1.25969 0.653281 1.38441 3.27746 2.1076 5.80611 6.0626 
7.53691 1.57093 2.2546 3.28467 2.85543 2.42369 3.22514 13.0092 
9.01989 2.47604 5.19746 3.18707 1 1.96541 7.70921 5.1479 
2.57881 2.74594 7.86333 6.21094 3.03717 3.6874 1.65654 3.28467 
1.44674 4.80288 2.82505 20.7473 5.19746 2.37103 10.9601 2.89685 
1.27682 0.798021 2.8003 3.17779 5.14245 27.229 8.37347 2.37103 
4.32317 1 14.2876 1.61449 8.60768 4.43469 2.77293 5.77311 
3.7672 0.951057 2.82505 6.52259 2.16087 9.01989 1.65455 13.8136 
2.27695 2.63561 3.59815 10.6537 0.932422 3.12549 5.039 3.9629 
2.16087 3.59815 2.30898 14.8223 5.5546 4.09341 3.3886 10.9601 
3.3277 10.1782 5.80611 11.7284 5.45614 3.6874 5.20602 9.42424 
8.96812 18.1926 6.40149 1.39951 6.12524 0.941945 4.58258 2.85543 
1.65246 8.38479 11.2999 2.37103 2.0078 3.39684 1.83152 0.430331 
0.430331 2.83029 1.65246 4.35905 0.887887 5.56616 5.06933 2.15154 
1.96567 1.65246 2.44592 10.0312 2.834 2.44949 2.31183 3.64933 
5.21886 12.0642 2.48069 6.13969 5.72194 1.8235 0.358162 1.75901 
1.29267 6.75779 3.11386 4.11439 5.11081 0 1.49071 1.30656 
1.82428 1.88389 0 0 0 0 0 0 
0 0 0 0 0 0 0 0 
0 0 0 0 0 0 0 0 
0 0 0 0 0 0 0 0 
# LVDC U1 t0 parameters T0 Error 
0 0 0 0 0 0 0 0 
0 0 0 0 0 0 0 0 
0 0 0 0 0 0 0 0 
0 0 0 0 0 0 0 0 
1.01835 2.76455 2.76455 0 2.76455 2.76455 1.01835 2.76455 
2.89278 0 3.53159 1.82428 5.09877 3.11386 2.23357 5.65685 
3.64933 2.15154 2.10819 2.76455 1.29267 2.23357 1.49071 13.3218 
2.31183 5.58198 3 0.524599 0 4.27895 16.0153 1.08766 
4.27895 5.11081 5.11081 4.86209 5.11081 1.78004 1.60694 4.09101 
6.13969 9.55595 5.039 16.0153 1.29267 1.2682 2.74977 0.982114 
6.03438 3.39411 1.09689 7.16707 4.37696 7.9576 1.82428 0.866189 
0.549342 0.918695 2.30479 3.67111 1.96567 4.55077 2.42369 1.60541 
3.11386 6.10432 1.43324 0 6.67685 4.4952 4.4952 0.549342 
0.788403 1.75082 3.59815 0.762871 3.79645 0.866189 3.05511 9.94544 
6.13969 4.4952 1.345 1.90459 2.15154 1.88389 0.536656 7.16707 
3.40369 0.681626 1.88105 6.84075 5.38458 2.74695 5.72194 6.28642 
14.3084 3.17779 10.7388 7.494 3.0769 4.63885 1.78004 4.21768 
4.26367 5.42369 0.681626 1.44183 4.18838 2.63561 4.85492 1.78548 
2.80614 1.65246 1.48856 11.4731 2.10819 8.71942 4.37696 2.68135 
20.552 1.345 1.75901 9.4952 0.45987 2.97965 0.982114 20.8928 
2.59808 11.5577 3.59815 5.039 5.8586 6.13969 1.26206 14.3946 
2.64944 5.39001 15.3763 1.48856 2.85543 12.6496 9.80347 0.681626 
2.1807 4.63885 5.039 1.64031 3.16154 2.69349 10.064 11.4728 
3.88581 1.89021 7.09561 2.97965 2.5151 7.50291 2.50954 5.03908 
7.16707 10.0312 2.63561 3.0769 0.781387 3.28 2.74597 6.13969 
3.45443 2.48069 7.492 6.6229 10.0536 2.37103 2.32685 3.47325 
12.8078 7.09561 2.63809 1.44674 3.51257 3.56676 0.236643 7.16707 
8.92544 3.11386 13.745 3.18713 6.13969 6.13969 5.07645 0.549342 
1.57093 7.494 1.75901 7.62194 2.37103 1.26206 2.80614 0.353553 
12.0111 4.11439 4.66831 2.79225 5.8586 4.92203 2.31183 3.27746 
5.03127 0.982114 3.91616 7.16707 2.85543 0.864761 0.634862 4.92203 
5.77878 7.9013 2.5151 1.79085 4.63885 9.94544 3.10371 2.07356 
2.19831 2.02914 2.30898 1.78548 3.40369 3.69311 5.5243 4.14433 
9.41238 1.0286 3.94541 4.66831 2.27297 13.66 3.91233 1.39951 
1.43324 2.51172 3.51364 1.02437 3.91616 12.0111 5.74395 3.05511 
3.51364 4.58258 2.21437 3.46924 3.18713 9.31358 2.66139 6.0515 
1.48856 7.66927 3.15362 4.43469 1.40833 6.75524 6.20482 3.10371 
1.60541 4.58258 5.03908 4.62795 0.476935 2.63561 0.985211 2.30479 
14.3084 0 1.82428 0.306186 6.26281 7.9576 1.8235 5.09877 
2.68135 1.08766 0.951057 0.681626 1.88389 8.41245 11.4399 0 
1.49071 1.11536 4.37696 0.707107 2.89278 8.41245 3.0075 0 
0 0 8.41245 2.44949 2.76455 0 0 0 
0 0 0 0 0 0 0 0 
0 0 0 0 0 0 0 0 
0 0 0 0 0 0 0 0 
0 0 0 0 0 0 0 0 
# LVDC U2 t0 parameters T0 Error 
0 0 0 0 0 0 0 0 
0 0 0 0 0 0 0 0 
0 0 0 0 0 0 0 0 
0 0 0 0 0 0.707107 0 0 
0 0 0 0 1.01835 3.88235 1.90459 4.37696 
1.75398 6.10432 0.781387 8.41245 2.31183 10.064 4.18838 0 
1.29267 10.064 2.44949 0 2.63809 1.08766 10.064 0.982114 
1.87467 6.84075 2.10819 6.10432 4.27895 1.87467 1.40833 0 
6.13969 3.11386 2.23357 4.11439 7.492 1.75901 1.50375 3.47555 
0 0.985211 4.86209 2.48051 5.77878 5.65685 1.44016 11.7132 
1.14159 4.60056 2.34487 0 0.985211 10.5618 1.60541 4.80788 
5.72194 7.494 2.10819 2.10819 4.4952 5.77878 4.63885 7.492 
4.21768 8.71942 2.76455 0.430331 0.951057 1.43324 2.37134 2.834 
4.63885 6.28642 3.63547 1.79085 6.84075 1.49071 1.43324 3.40369 
2.74597 4.85492 1.48856 3.13031 3.95016 4.60056 8.04668 2.10819 
12.891 5.53413 2.56737 5.18416 0.982114 2.19831 1.65654 1.2682 
9.19888 3.7286 5.58198 12.0642 1.46302 1.22474 2.48069 1.87467 
9.55595 3.59815 6.03438 5.53413 2.23357 1.345 7.9576 2.48069 
0.918695 2.42369 14.3084 1.83152 5.039 1.88389 1.09689 3.45443 
5.8586 1.49071 0.57735 4.4952 5.4451 0.353553 5.039 3.10371 
6.67685 0.941945 8.63314 1.91491 1.82428 1.65654 0 5.8586 
5.74395 2.834 3.40369 2.834 2.92918 5.18416 0.536656 2.80614 
5.39001 4.26367 1.65654 6.03438 3.0769 5.18416 3.88581 3.48993 
1.65654 2.84572 7.62194 1.19166 4.60056 7.16707 2.63809 3.39411 
1.26206 5.4451 8.63314 0.420877 0.95844 2.69349 1.96567 3.18049 
6.75524 4.60056 3.06663 6.12404 5.39001 1.2682 0.918695 5.81656 
1.63975 10.0312 22.078 5.39001 1.09689 2.05427 4.86209 2.34487 
1.89021 3.28 2.74597 5.39001 2.15154 2.37134 2.31183 2.80614 
31.2729 2.85543 5.03908 0.707107 11.4728 1.44183 11.5681 1.89021 
5.03908 4.29061 2.82505 1.78004 4.21768 3.79645 4.4952 9.80347 
0.707107 2.30898 4.80288 9.01989 4.11439 3.0075 2.63561 4.85492 
11.2999 2.42369 0 0.758317 0.921517 8.04875 10.7388 6.68353 
0 0.762871 9.19888 4.26367 5.72194 10.4961 5.4451 7.62194 
2.10819 0.543574 6.28642 0.358162 7.70921 1.89021 3.05511 2.39109 
3.28 3.53159 1.26206 1.11536 1.28886 4.18838 2.82505 3.45443 
2.44592 2.19831 1.20356 3.28 1.26206 2.834 1.02023 0.634862 
13.745 3.48993 0.536656 5.40453 1.11536 1.72765 1.79085 0.932422 
6.52259 2.79043 11.4728 0.998722 5.03908 1.44674 10.0312 4.70016 
7.09561 1.79085 1.44016 4.09101 2.89278 3.64933 2.03933 0.491185 
1.8235 6.13969 4.60056 3.59815 3.64933 5.11081 1.90459 7.66927 
5.11081 2.15154 2.44949 6.10432 1.83152 1.30656 2.80614 2.07356 
4.11439 5.21886 0.781387 6.10432 3.53159 7.66927 6.75779 0.951057 
4.37696 6.75779 0 0 0.707107 1.30656 0 4.27895 
1.90459 0 0 0 0 0 0 0 
0 0 0 0 0 0 0 0 
0 0 0 0 0 0 0 0 
# LVDC V1 t0 parameters T0 Error 
0 0 0 0 0 0 0 0 
0 0 0 0 0 0 0 0 
0 0 0 0 0 0 0 0 
0 0 0 0 2.44949 1.01835 0 1.01835 
1.01835 0 0 1.01835 1.01835 2.89278 2.89278 0.982114 
5.09877 1.88389 3.06663 1.43324 1.88389 3.43295 2.44949 4.11439 
2.74597 0.982114 1.29267 1.83152 1.43324 1.44016 3.39411 0.707107 
2.74597 5.03127 1.8235 0 2.834 0 1.29267 16.0153 
1.08766 3.10371 0 2.10693 1.43324 1.49071 0.430331 4.60056 
3.53159 0.681626 2.15154 0.549342 0.788403 0.788403 9.49604 3.10371 
0.781387 6.84075 3.17779 2.23357 1.29267 3.10371 0.941945 9.94544 
6.10432 6.10432 3.13031 0.985211 3.84662 2.62149 11.1703 1.43324 
3.88581 1.26206 8.47163 0.646128 1.46302 9.94544 1.60694 0.536656 
1.75901 4.17871 2.37134 9.55595 0.646128 6.84075 5.4451 2.21437 
5.8586 3.64933 1.78004 4.85492 0.866189 0.430331 6.37802 1.83152 
0.358162 1.78548 2.30479 1.48856 4.80288 6.03438 1.87467 6.26281 
2.88347 2.2733 2.03933 1.30656 5.07305 5.58198 4.18838 3.95016 
2.21437 4.60056 4.17871 3.9629 4.92278 2.02914 2.82505 3.27746 
2.3988 4.17871 4.86209 3.64933 0.267078 2.60726 0.423443 3.40369 
18.4146 1.1262 5.03908 0.707107 2.21437 0.932422 3.88581 0.918695 
4.21768 2.45689 0.951057 1.2682 0.832122 2.85543 5.039 2.50954 
0.536656 4.37696 4.55077 3.27746 2.30898 1.50375 1.14159 3.67111 
1.21656 3.63547 3.40369 1.78004 4.11439 13.3887 6.28642 11.4728 
0.57735 2.97965 0.932422 1.40833 2.10819 5.8586 1.83152 1.65654 
8.04137 3.51257 1.21656 10.7388 2.15154 1.10493 1.43324 0.681626 
2.21437 11.4399 6.44813 3.0769 4.17871 0.423233 3.05511 1.8235 
5.03908 2.50954 4.18838 0.863845 9.4952 1.86665 4.09101 1.78004 
10.432 3.88581 8.47163 5.40453 10.7388 2.82505 3.91616 1.86665 
1.03491 0.788403 1.49891 1.14159 0.536656 6.68353 7.62194 3.27746 
3.05511 8.04875 4.30632 5.77851 2.5151 16.6723 2.834 2.15154 
6.67685 1.78548 1.11536 2.30479 4.63885 1.29267 4.63885 5.45614 
0.788403 0.546036 5.18416 1.60541 2.63561 6.44813 4.75809 2.84572 
3.12549 6.12404 3.48159 5.18416 2.45689 2.64966 3.3368 1.60541 
3.3368 1.23122 4.40367 3.672 3.89026 4.17871 5.7016 2.10819 
5.8586 0.786195 1.44674 9.80347 1.08766 7.40881 0 1.1262 
2.39109 7.494 2.97965 2.64966 2.88347 3.48159 4.81797 5.06933 
5.18416 0.423233 2.58199 0 3.0769 1.75082 4.30632 3.51257 
5.039 3.10371 4.80288 10.7388 2.27297 0 1.26206 10.7388 
0.681626 2.84572 1.83152 0.707107 2.23357 0 2.44949 1.08766 
0 1.46302 3.17779 1.89021 5.21886 2.10693 5.65685 8.41245 
7.02947 0 3.53159 0 1.30656 1.01835 1.30656 0 
1.30656 2.44949 0 0 0 0 0 0 
0 0 0 0 0 0 0 0 
0 0 0 0 0 0 0 0 
0 0 0 0 0 0 0 0 
0 0 0 0 0 0 0 0 
# LVDC V2 t0 parameters T0 Error 
0 0 0 0 0 0 0 0 
0 0 0 0 0 0 0 0 
0 0 0 0 0 0 0 0 
0 0 1.01835 0 1.90459 0 1.90459 0 
0.918695 6.75779 0 2.68135 0.536656 0.536656 0 0.951057 
0.681626 0.430331 2.68135 0 13.3218 0 6.75779 0.707107 
0.781387 1.14159 1.43324 4.11439 1.29267 0 0 2.44949 
1.89021 5.11081 1.8235 0.536656 3.51257 4.86209 1.40833 4.63885 
5.03127 6.28642 0.430331 0 5.72194 6.67685 6.88815 6.05813 
0 4.11439 8.04668 3.51257 2.85543 6.84075 2.68135 1.48856 
1.8235 1.0492 1.83152 8.92544 6.03438 3.05511 0.985211 2.03933 
5.39001 1.88389 0.536656 1.88389 2.42369 8.71942 1.14159 3.53159 
2.57881 5.03127 0 3.51257 1.11536 3.47325 1.48856 1.8235 
2.00079 9.94544 1.30656 7.492 7.09561 3.61068 10.7388 2.60726 
1.30656 4.18838 1.89021 3.51257 1.46302 2.48051 3.10371 2.30479 
1.60541 2.74597 3.27746 4.37696 1.83152 0.762871 1.11536 0.894427 
12.6496 3.40369 2.03933 2.37134 2.60726 2.44592 4.22958 10.1869 
10.7388 4.18838 4.4952 5.81656 0.707107 6.68353 2.10819 3.13031 
0.951057 3.88581 6.92155 3.06663 5.39001 3.13031 2.42369 2.85543 
16.0153 1.11536 2.60726 3.13031 5.72194 6.26281 4.18838 1.44183 
0.932422 8.55939 1.60694 7.66927 3.63547 3.12289 6.37802 1.48856 
12.6496 9.41238 1.29267 1.40833 2.31183 14.3084 1.73567 4.80788 
5.39001 10.0536 7.494 10.6537 0.707107 0.491185 4.66831 1.40833 
3.47325 3.91616 22.0715 3.09493 3.95016 3.64933 0 4.63885 
2.80614 4.85492 1.65246 3.47325 23.489 4.62795 3.56009 2.85412 
3.67111 0 10.0536 0.982114 8.08462 0.985211 0.529115 4.62795 
7.21119 2.63561 1.82428 8.08515 3.0769 2.48069 4.86209 0.709951 
1.79085 5.5626 9.04036 13.4235 5.70448 5.03127 5.039 1.88389 
0.707107 3.95016 2.88347 19.6338 16.6723 0.918695 9.49604 1.09689 
13.66 3.91616 6.13969 1.29267 3.46924 4.81797 10.432 3.48159 
3.7286 3.12289 19.1509 1.78548 7.58714 8.92544 2.86817 4.63885 
8.04668 1.48856 2.31183 2.82505 1.79085 1.79085 11.4399 4.35905 
2.10693 3.0769 7.07898 7.494 2.48051 3.06663 3.45443 5.07645 
5.8586 4.03627 5.93587 1.45584 2.62149 5.78722 3.67111 1.65246 
1.57093 6.13969 1.60694 2.25863 5.039 4.21768 3.13031 0.985211 
2.60726 5.74395 9.49604 6.13969 2.84572 3.3368 2.79043 11.0214 
4.26367 0 3.89026 5.18416 3.27746 5.72194 12.891 3.89026 
1.75901 3.17779 1.69678 4.60056 2.74594 5.77851 5.039 1.78004 
0 1.91491 1.78548 8.17243 3.47555 8.08462 3.88581 5.03127 
11.1703 8.08462 5.39001 3.13031 1.43324 4.11439 7.02947 9.55595 
1.08766 4.86209 3.51257 2.48069 9.94544 0 2.15154 2.23357 
2.31183 1.40833 1.30656 2.44949 4.18838 4.11439 0 3.53159 
0 3.43295 4.37696 5.09877 2.44949 1.90459 2.44949 0 
0 0 0 0 0 0 0 0 
0 0 0 0 0 0 0 0 
0 0 0 0 0 0 0 0 
