# RVDC U1 t0 parameters T0 Error 
0 0 0 0 0 0 0 0 
0 0 0 0 0 0 0 0 
0 0 0 0 0 0 0 0 
0 0 0 0 0 0 0 0 
0 0 0 0 0 0 0 0.707107 
0 0 1.49071 0 0 3.53159 1.30656 0.707107 
1.90459 0 0.918695 3.43295 0.781387 1.8235 3.56009 1.88389 
1.88389 6.84075 2.834 11.4399 8.71942 12.6496 6.75779 1.8235 
6.10432 3.51257 4.60056 5.21886 6.84075 5.77878 3.13031 4.09101 
3.53159 5.39001 2.74597 4.26367 4.60056 1.82428 9.94544 0.707107 
1.88389 13.745 6.67685 1.82428 0.762871 1.87467 1.40833 11.1703 
1.75901 2.55647 2.10819 4.86209 1.75901 5.8586 1.46302 1.01835 
3.10371 6.26281 3.79645 1.41068 5.65685 1.18297 5.39001 1.43324 
3.13031 8.04668 3.51257 2.834 2.15154 1.60541 4.21768 4.27895 
3.95016 4.86209 3.88235 4.11439 3.67111 2.85543 0.45987 5.39001 
1.79085 3.17779 5.039 1.19166 6.03438 3.06663 4.80788 3.05511 
3.06663 6.67685 0 0.866189 5.039 4.63885 4.17871 1.40833 
9.41238 0.864761 6.88815 6.26281 20.9854 5.39001 10.0536 1.36413 
4.0891 8.63314 6.67685 2.99909 3.59815 4.58258 7.07898 0.781387 
4.18838 12.891 4.21768 3.48159 4.17871 4.09101 7.492 5.72194 
5.72194 3.10371 6.10432 3.67111 5.8586 2.82505 1.65246 4.60056 
0.524599 13.3887 6.67685 6.26281 3.95016 1.29267 1.87467 6.37802 
3.53159 2.30479 2.03933 2.3988 8.47163 1.44016 0.430331 2.68135 
5.07645 3.28 6.26281 2.48069 1.14159 7.19438 8.08462 1.11536 
0.57735 1.60541 3.27746 5.8586 2.15154 10.0312 3.12289 2.63561 
3.45443 1.61449 4.26367 2.834 4.18135 1.48856 12.1596 4.1153 
1.78004 2.48069 12.0642 1.60541 2.85543 1.75901 3.47325 2.45689 
4.11439 0.598324 1.75082 2.21437 1.48263 0 6.0626 8.31021 
4.26367 3.59815 2.69187 0.778466 4.09101 4.37696 5.49047 2.63561 
22.8189 2.834 10.0602 8.31021 4.09101 2.10693 10.0312 2.82505 
4.27034 2.57881 1.25969 5.3076 2.48051 1.60541 10.7388 4.29061 
2.50954 7.58714 3.3368 6.88815 2.64966 2.30479 5.39001 8.55939 
3.7286 8.04875 3.03717 1.83152 8.45244 6.48682 3.27746 2.91448 
3.43295 5.87985 1.90117 4.21768 3.05511 1.78548 5.77851 2.07356 
5.4451 9.41238 1.22474 11.3674 1.88274 3.27746 1.03491 2.25094 
2.48051 1.48263 3.10371 2.63561 2.77293 1.44674 2.17162 7.492 
2.42369 1.26206 2.64182 5.19746 3.45443 2.82505 3.3368 4.63885 
2.15154 3.7286 7.9576 1.50375 1.11536 5.53413 16.0153 1.82428 
0.45987 1.8235 7.9576 1.82428 3.47555 1.44016 1.01835 3.11386 
0.536656 5.09877 1.30656 0.681626 1.90459 2.89278 4.27895 1.90459 
0 0 0 0 0 0 0 0 
0 0 0 0 0 0 0 0 
0 0 0 0 0 0 0 0 
0 0 0 0 0 0 0 0 
0 0 0 0 0 0 0 0 
0 0 0 0 0 0 0 0 
# RVDC U2 t0 parameters T0 Error 
0 0 0 0 0 0 0 0 
0 0 0 0 0 0 0 0 
0 0 0 0 0 0 0 0 
0 0 0 0 0 2.76455 0.707107 1.01835 
4.27895 1.49071 0.982114 5.65685 3.64933 1.88389 1.89021 0 
9.55595 2.10693 4.4479 1.40833 1.97442 2.10693 1.82428 0.707107 
6.75779 5.11081 1.87467 2.31183 5.09877 3.11386 2.48069 4.27895 
4.18838 3.51257 1.21656 3.64933 6.75779 12.6496 1.11536 0.536656 
0 1.60541 0 3.0075 2.15154 1.20325 3.10371 0 
0 4.27895 2.10693 2.55647 3.88581 5.72194 5.53413 2.60726 
5.72194 2.50954 7.9576 4.63885 2.60726 0.982114 7.09561 1.60694 
1.40833 4.18838 6.26281 3.13031 7.09561 0 5.21886 3.53159 
6.26281 1.03009 5.65685 2.68135 1.69678 2.834 0.681626 1.89021 
3.40369 0.358162 2.10819 2.03933 0 2.834 0.941945 0.985211 
0.982114 5.39001 2.89278 8.08462 0.358162 5.11081 9.55595 4.63885 
1.18297 11.4399 1.43324 3.10371 2.23357 2.57881 5.42369 2.63561 
10.432 1.30656 1.38441 1.19166 0.985211 3.67111 6.13969 1.78004 
3.28 6.75524 1.46302 3.11386 0.951057 4.63885 1.30656 2.68135 
0.524599 1.87467 5.09877 10.0536 0 6.16203 4.62795 1.29267 
1.78548 5.039 2.79043 4.63885 1.84776 13.745 15.2021 0.932422 
1.18297 0 3.51257 2.44949 1.89021 4.22958 0.358162 7.16707 
3.0769 1.26206 2.74597 6.03438 4.36042 4.61475 0 3.10371 
0.778466 11.1703 2.59808 14.7354 1.44016 3.27746 2.48051 5.58198 
3.39622 2.42369 5.039 1.14159 3.91616 0.918695 3.88581 6.28642 
4.18838 2.30479 3.12289 0.864761 2.48069 4.55077 7.494 4.17871 
2.31183 3.18707 0.985211 1.43324 1.95482 4.81797 4.26367 2.60726 
5.8586 1.09689 8.38218 1.65654 4.30632 12.6196 0.918695 1.43324 
3.69311 10.6537 1.45584 2.82505 8.04668 1.22474 1.60694 5.95995 
0.653281 4.60056 3.27746 5.03908 10.5618 4.18838 5.53413 7.07898 
5.4451 7.09561 16.0153 3.47555 3.3047 7.66927 8.17243 2.31183 
2.60726 13.3887 2.03933 4.26367 6.10432 0 1.49891 7.54294 
1.83152 3.46924 0.932422 3.18707 2.82505 1.45584 5.74395 12.8078 
2.80614 0.778466 2.45689 0 2.0078 2.62149 0.430331 0.707107 
0.788403 3.672 9.12564 4.46351 6.68353 5.18416 12.6196 0.430331 
16.6723 4.44324 5.49047 0.681626 3.39684 2.21437 3.47325 1.94912 
1.48263 2.86825 3.7286 3.40369 1.345 2.5151 1.50375 0.423443 
2.82505 3.7286 8.08462 7.40881 2.834 3.89026 4.4952 5.4451 
25.1474 2.30479 4.86209 3.10371 4.81797 7.492 9.94544 4.92278 
5.40453 3.56009 5.18416 8.92544 2.10819 6.84075 3.95016 3.18707 
3.51257 2.31183 1.75901 2.17162 1.44183 2.80614 4.63885 7.9576 
2.68135 0.918695 1.43324 1.88389 0 1.89021 1.40833 1.8235 
0.681626 6.84075 0.707107 2.76455 2.89278 1.49071 2.89278 0 
0 0 0 0 0 0 0 0 
0 0 0 0 0 0 0 0 
0 0 0 0 0 0 0 0 
0 0 0 0 0 0 0 0 
# RVDC V1 t0 parameters T0 Error 
0 0 0 0 0 0 0 0 
0 0 0 0 0 0 0 0 
0 0 0 0 0 0 0 0 
0 0 0 0 0 0 0 0 
0 0 0 0 4.27895 0.707107 5.65685 1.75398 
1.40833 4.37696 3.53159 1.30656 1.30656 6.75779 0 2.44949 
1.40833 5.72194 5.77878 1.01835 7.02947 1.08766 0 7.02947 
2.68135 6.26281 5.11081 4.86209 1.30656 0.681626 5.11081 0 
4.18838 0.536656 8.47163 2.15154 1.82428 1.29267 0 1.21656 
1.40833 5.39001 1.09689 0 5.11081 0.549342 0.951057 2.55647 
3.06663 2.834 2.834 3.51257 0.985211 6.67685 9.41238 1.89021 
6.67685 4.58258 4.86209 0.536656 2.10819 1.30656 0 4.4952 
6.26281 0.985211 1.22474 3.88581 1.49071 4.4952 2.17162 0.918695 
4.11439 5.03127 0 3.10371 1.46302 0.985211 3.88581 1.60541 
0 3.60778 1.4838 0 0 4.40367 3.51257 2.82505 
0.707107 3.51257 1.48856 5.03127 1.50375 2.10819 2.32685 0.653281 
2.834 6.67685 12.3942 3.47325 8.04668 2.15154 4.85492 0.430331 
1.43324 1.09689 1.88389 12.0642 5.40453 5.72194 4.11439 12.0642 
7.09561 1.88389 3.84662 3.0075 7.4232 0.985211 6.28642 1.19166 
6.26281 17.195 2.60726 2.86817 3.63547 1.60541 22.078 0.985211 
2.79043 4.60056 4.63885 2.27297 3.51257 2.82505 0.646128 1.91491 
1.96567 2.48051 2.80614 0.866189 3.11386 13.0978 2.30479 0 
5.53413 1.46302 0 5.40453 1.97442 11.4728 5.98963 1.40833 
3.48993 6.68353 0.781387 1.45584 3.05511 5.78722 12.3942 2.55647 
1.43324 5.42369 2.63561 2.17162 1.30656 7.494 1.23181 0.379886 
4.63885 4.55077 1.38441 4.17871 1.11536 8.55939 0 4.30632 
5.40161 5.77851 4.1153 3.47555 2.60726 2.89926 5.4451 10.432 
3.69311 1.96567 1.2682 1.40833 9.41238 2.88347 0.932422 1.61449 
3.59815 0.788403 22.8189 1.03009 0.709951 3.27746 4.17871 5.18416 
5.4451 1.89021 5.039 1.78004 2.46305 13.0002 9.12802 1.2682 
0.941945 2.62149 5.81656 0.598324 1.82812 3.88581 0.423443 1.83152 
12.891 5.06933 3.15362 2.42369 1.89021 3.71691 3.63547 10.432 
4.18838 0.956058 8.45244 2.21437 6.48682 9.04036 3.40369 2.58199 
5.72194 3.17779 6.48682 1.02437 2.1807 2.69002 1.11536 1.65246 
0.402575 4.6576 1.09689 4.22958 10.6537 2.834 5.19746 6.16203 
4.21768 5.40453 2.63561 1.44674 7.9576 6.0626 0.690047 10.6537 
4.27895 4.55077 11.4728 2.68135 1.8235 7.494 4.58258 2.82505 
2.85543 0.866189 1.01835 0.951861 4.22958 1.75082 2.15154 3.60778 
2.48069 0.555581 0 0.982114 2.10693 1.30656 5.11081 5.11081 
0 3.43295 1.30656 2.89278 0.536656 1.90459 5.65685 2.76455 
0 0 0 0 0 0 0 0 
0 0 0 0 0 0 0 0 
0 0 0 0 0 0 0 0 
0 0 0 0 0 0 0 0 
0 0 0 0 0 0 0 0 
0 0 0 0 0 0 0 0 
# RVDC V2 t0 parameters T0 Error 
0 0 0 0 0 0 0 0 
0 0 0 0 0 0 0 0 
0 0 0 0 0 0 0 0 
0 0 0 0 5.65685 1.30656 0 1.30656 
2.89278 3.53159 6.75779 6.75779 8.41245 0.707107 0 1.75398 
6.10432 8.41245 0.707107 0 0 6.75779 2.68135 3.11386 
4.27895 2.23357 5.09877 1.90459 8.41245 5.77878 4.37696 3.59815 
1.89021 2.76455 3.51257 2.44949 4.21768 1.09689 2.68135 15.2021 
3.51257 4.11439 11.4399 3.53159 3.51257 4.60056 0 0.646128 
4.18838 4.11439 2.23357 0.985211 3.60778 2.74597 4.63885 6.10432 
0.951057 9.94544 5.65685 0.982114 3.11386 2.48069 3.13031 5.72194 
6.67685 1.82428 4.11439 1.82428 1.89021 8.08515 1.09689 8.47163 
3.88581 5.70448 5.53413 2.48069 1.30656 1.75901 0.306186 1.14159 
4.18838 12.6496 7.02947 1.89021 0 4.18838 0.681626 0.941945 
1.03009 1.82428 2.68135 0 1.89021 0.982114 1.87467 16.8199 
1.44183 1.75082 2.48069 0.951057 3.40369 5.18416 2.30479 8.71942 
10.5618 4.63885 1.5881 1.44183 2.10693 1.48856 3.0769 2.74597 
2.56737 5.39001 1.11536 2.48069 9.94544 5.11081 4.58258 2.60726 
2.15154 1.65654 11.4399 5.39001 2.15154 8.08462 6.67685 1.8235 
2.37134 4.85492 2.15154 3.51257 3.88581 4.63885 12.6496 1.78548 
2.89926 3.67111 3.63547 2.88347 3.18707 3.53159 2.27297 3.51257 
0.982114 16.8199 2.31183 7.494 1.79085 3.10371 2.17162 0.358162 
15.7251 0.57735 1.09689 2.15154 1.82428 2.85543 1.345 4.21768 
1.94874 2.03933 10.0536 1.44674 5.58198 12.6496 1.44183 3.59815 
2.48051 0.524599 1.60541 9.41238 0.302707 3.51257 9.41238 5.72194 
4.11439 3.95016 2.85543 2.63561 1.48856 1.46302 6.67685 0.358162 
6.03438 1.43324 5.11081 1.39951 2.60726 2.03492 2.37134 0.598324 
2.27297 4.60056 5.74395 6.20482 1 8.41245 4.26367 1.65246 
1.26206 5.72194 9.63146 7.9576 9.80347 3.0769 3.06663 2.10819 
0.762871 2.82505 5.42369 0.918695 3.16154 9.12564 2.56737 1.87467 
2.40551 6.48682 1.43324 1.26206 4.0487 3.39411 3.91616 0.778466 
3.13031 3.0769 2.15154 0.941945 0.64777 9.14667 7.9576 2.74695 
1.29267 0.353553 3.66637 3.51257 2.10819 2.30479 4.26367 0 
3.95016 2.15154 1.69678 8.71942 4.37696 0 7.05623 7.05507 
1.19166 0.951057 5.39001 3.39411 3.7852 1.03491 4.72159 0.430331 
8.17243 5.81656 1.28886 6.88815 4.85492 3.06663 5.03908 2.77293 
2.74597 4.11439 3.39411 4.26367 0.358162 4.37696 0.798021 2.46761 
2.63561 2.85543 2.57881 1.89021 1.48856 2.56737 1.19166 13.6646 
2.76455 2.19831 4.55077 3.88581 5.8586 2.17162 2.27297 0.379886 
0.358162 7.02947 6.13969 3.0075 1.18297 2.89278 2.89278 14.7354 
2.48069 4.18838 1.11536 4.11439 0.982114 1.75398 8.41245 2.89278 
7.66927 4.27895 4.37696 4.27895 0 1.01835 0 0 
0 0 0 0 0 0 0 0 
0 0 0 0 0 0 0 0 
0 0 0 0 0 0 0 0 
0 0 0 0 0 0 0 0 
# LVDC U1 t0 parameters T0 Error 
0 0 0 0 0 0 0 0 
0 0 0 0 0 0 0 0 
0 0 0 0 0 0 0 0 
0 0 0 0 0 0 0 0 
0 0 0 0 0 0 0 0 
0 0 0 0 0 0 1.01835 0 
5.65685 4.27895 2.68135 1.30656 0 0.951057 4.27895 2.76455 
0 0 1.8235 1.90459 7.02947 1.88389 1.90459 0 
1.30656 0 0.536656 3.53159 1.49071 5.09877 4.27895 5.65685 
3.43295 5.65685 4.11439 1.88389 4.37696 1.89021 5.09877 0.707107 
1.11536 0 4.11439 3.06663 1.29267 4.27895 8.41245 2.80614 
0 2.68135 3.64933 0 6.75779 1.29267 2.834 5.39001 
1.29267 1.40833 0 0 3.61068 7.09561 0 0.918695 
0.781387 4.11439 3.64933 0 1.44016 5.09877 3.10371 1.18297 
1.40833 2.89278 4.11439 0.681626 3.06663 0.982114 3.06663 1.69678 
6.10432 10.064 7.02947 9.76434 7.02947 4.18838 6.84075 4.27895 
2.15154 4.86209 0.951057 0 2.15154 2.31183 0 5.11081 
0 1.82428 1.8235 0.982114 3.51257 1.88389 0.707107 0 
3.13031 1.30656 1.89021 1.43324 3.0075 2.15154 2.44949 9.55595 
1.49071 2.74597 0 3.11386 0 6.10432 2.68135 6.89532 
3.11386 1.30656 1.29267 3.88581 0.982114 0 3.06663 5.09877 
11.4399 5.39001 1.30656 6.75779 10.5618 4.27895 10.064 4.11439 
2.834 2.44949 3.53159 4.11439 5.09877 6.75779 1.43324 4.63885 
3.51257 4.27895 4.18838 0 5.72194 10.5618 0 3.13031 
13.3218 1.60541 4.18838 2.89278 8.71942 4.60056 0.536656 4.18838 
3.06663 4.37696 0.681626 5.42369 11.4399 4.86209 1.44016 0.536656 
1.8235 5.72194 6.37802 6.10432 13.3887 3.88581 3.64933 4.11439 
4.37696 0.951057 1.19166 11.4731 0.982114 5.11081 3.11386 4.27895 
6.67685 6.26281 1.82428 10.5618 0.707107 5.09877 2.23357 4.21768 
1.43324 3.79645 3.88235 3.53159 2.89278 2.68135 2.76455 1.46302 
1.8235 1.87467 3.88581 4.63885 3.0075 4.37696 0 3.59815 
2.15154 6.75524 2.56737 8.71942 2.37134 8.08515 0.402575 1.82428 
2.31183 0 0 1.8235 4.37696 18.2958 0.762871 0.951057 
1.88389 0.982114 0.951057 0 6.84075 2.23357 0 2.44949 
9.41238 4.4952 6.10432 3.11386 1.82428 0.781387 3.05511 6.26281 
0.646128 3.88581 2.03933 12.6496 1.75901 1.75398 2.15154 6.84075 
2.68135 4.09101 7.492 3.88581 0 2.76455 1.89021 12.6496 
4.22958 9.55595 7.494 3.79645 0.762871 7.9576 1.82428 3.06663 
1.44016 0.707107 2.44949 1.89021 1.40833 1.8235 1.88389 3.61068 
0 0.982114 0.707107 4.27895 0.536656 0 0 1.88389 
5.65685 0 0 0 0 0 0 0 
0 0 0 0 0 0 0 0 
0 0 0 0 0 0 0 0 
0 0 0 0 0 0 0 0 
0 0 0 0 0 0 0 0 
0 0 0 0 0 0 0 0 
# LVDC U2 t0 parameters T0 Error 
0 0 0 0 0 0 0 0 
0 0 0 0 0 0 0 0 
0 0 0 0 0 0 0 0 
0 0 0 0 0 0 0 0 
0 0 0 0 0.707107 0 0 4.27895 
2.44949 0.707107 5.65685 2.89278 3.43295 0 0 0 
2.76455 0 4.27895 1.88389 0 1.88389 1.8235 4.11439 
2.89278 2.89278 3.53159 2.76455 2.68135 2.44949 3.53159 1.88389 
1.8235 0 0 5.09877 0.951057 0.982114 2.68135 3.11386 
3.43295 6.75779 1.01835 3.51257 0 3.88235 5.21886 6.75779 
7.02947 0 0.536656 0 5.11081 3.43295 8.41245 1.75901 
0 0 7.9576 6.75779 1.01835 0 0 1.97442 
0 6.10432 2.74597 4.60056 2.834 2.10693 5.72194 3.59815 
0 2.48069 2.68135 0 0.781387 2.68135 1.43324 9.55595 
1.29267 1.88389 1.30656 5.09877 7.66927 4.63885 1.29267 1.69678 
3.11386 6.75779 1.40833 1.8235 1.40833 6.84075 1.30656 6.10432 
2.48069 3.11386 5.21886 8.41245 0.707107 4.11439 0 1.29267 
1.08766 0.536656 6.10432 3.53159 5.11081 10.064 0 0.982114 
2.89278 2.834 5.09877 4.11439 2.68135 4.11439 4.18838 3.88581 
1.01835 3.0075 0.951057 1.46302 1.40833 5.09877 2.89278 11.4399 
5.09877 3.61068 14.7354 2.89278 1.44016 5.09877 6.84075 4.11439 
2.89278 2.23357 1.14159 0.681626 1.8235 6.26281 3.11386 1.90459 
1.89021 1.89021 4.22958 3.51257 4.18838 10.5618 0 5.21886 
0.536656 1.40833 9.55595 2.68135 1.46302 1.43324 1.29267 2.89278 
3.06663 0.536656 3.47555 6.75779 2.37134 4.18838 2.76455 6.26281 
1.88389 9.55595 2.10819 0 8.71942 6.84075 2.17162 0.681626 
1.29267 0.866189 1.29267 3.06663 1.40833 3.51257 1.87467 1.60541 
0.707107 11.4399 0.951057 1.08766 2.74597 1.87467 8.41245 1.46302 
4.37696 8.41245 5.77878 4.86209 0.762871 1.43324 3.53159 3.06663 
4.27895 0.707107 0.524599 1.44016 4.86209 3.40369 1.43324 1.08766 
3.13031 2.10693 0 2.10819 3.43295 4.60056 0.985211 1.18297 
0.524599 7.66927 1.88389 5.03908 6.10432 6.84075 2.68135 8.71942 
6.84075 0 1.46302 3.06663 8.08462 1.08766 0 1.88389 
0.681626 3.06663 7.66927 0 11.7132 4.60056 1.29267 0 
0.781387 1.60541 5.39001 0 11.4399 14.7354 0 7.66927 
4.58258 4.37696 5.39001 4.63885 1.18297 8.71942 0.982114 3.47555 
2.89278 0.982114 7.494 0.646128 0 18.2842 0.778466 1.44016 
4.37696 0 0 7.66927 1.30656 12.6496 4.11439 9.0729 
11.4399 3.47555 2.63809 3.51257 1.30656 0.985211 0.918695 8.41245 
2.89278 2.48069 8.41245 2.44949 3.61068 2.48069 2.23357 2.74597 
2.76455 1.8235 7.02947 2.76455 1.30656 0.951057 4.27895 1.01835 
0 0 0 0.707107 0 0 0 0 
0 0 0 0 0 0 0 0 
0 0 0 0 0 0 0 0 
0 0 0 0 0 0 0 0 
0 0 0 0 0 0 0 0 
# LVDC V1 t0 parameters T0 Error 
0 0 0 0 0 0 0 0 
0 0 0 0 0 0 0 0 
0 0 0 0 0 0 0 0 
0 0 0 0 0 0 0 0 
0 0 0 0 0 0 0 0 
0 0 2.76455 4.37696 0 2.76455 0 2.44949 
0.982114 5.65685 1.82428 5.09877 0 1.49071 1.30656 0 
0 2.76455 8.41245 2.34487 1.8235 3.11386 1.90459 1.88389 
3.0075 7.02947 0 1.8235 3.64933 2.68135 3.51257 1.90459 
0 1.11536 2.68135 2.15154 9.55595 3.43295 2.76455 11.4399 
1.43324 0.707107 1.43324 6.75779 6.10432 6.75524 3.43295 3.06663 
2.89278 3.88235 0.982114 0 3.47555 3.53159 9.55595 3.51257 
1.89021 0 2.15154 0.646128 0.982114 6.84075 1.01835 3.43295 
3.0075 1.82428 1.44016 5.53413 0 4.22958 7.09561 0 
2.89278 2.68135 0.982114 2.10693 1.11536 2.07356 12.6496 6.10432 
3.11386 16.0153 0 3.11386 1.90459 2.48069 2.10693 3.11386 
0.681626 4.18838 3.51257 2.68135 2.44949 0.536656 0 1.49071 
5.65685 0.358162 1.08766 3.64933 2.31183 2.834 1.8235 10.064 
0 1.8235 4.27895 6.84075 5.11081 0.985211 2.31183 2.23357 
4.11439 0.681626 3.53159 5.11081 4.11439 8.47163 2.76455 3.47555 
0.57735 0 2.30479 5.21886 4.11439 4.21768 0.982114 2.76455 
6.10432 2.32685 2.48069 0.536656 7.66927 0 3.43295 8.39833 
1.88389 5.09877 4.11439 6.75779 6.84075 5.09877 8.08462 1.44016 
4.60056 2.89278 0 1.82428 3.53159 1.29267 1.08766 7.66927 
3.53159 4.18838 4.86209 3.56009 0 3.51257 7.9576 2.834 
12.6496 1.30656 2.10693 9.0729 1.01835 7.9576 6.26281 8.47163 
1.30656 2.76455 2.10819 0.985211 1.14159 3.11386 1.08766 1.75901 
1.89021 1.21656 3.0075 11.4399 0 0 2.89278 4.11439 
2.10693 0.982114 0.681626 1.43324 1.11536 5.11081 1.08766 1.29267 
0.57735 1.08766 1.29267 2.10819 0 1.82428 3.10371 2.17162 
9.94544 3.88581 1.14159 2.74597 2.89278 7.9576 0 3.63547 
0.781387 7.9576 0.536656 3.64933 6.84075 3.47555 4.11439 1.08766 
3.10371 4.37696 3.53159 5.65685 8.71942 2.48051 0 7.9576 
1.46302 4.60056 2.10693 0 1.30656 12.0642 1.75082 0 
2.10819 3.47555 3.13031 11.7132 2.85543 3.64933 6.84075 0 
1.88389 0.646128 7.66927 2.10693 5.11081 0 5.8586 0.358162 
1.49071 1.30656 1.40833 1.94874 1.01835 0.951057 3.51257 2.48069 
1.01835 1.40833 1.08766 8.41245 4.27895 2.10693 4.37696 6.75779 
2.23357 0.707107 3.06663 1.49071 0.707107 4.27895 3.0075 1.01835 
8.41245 0 2.89278 0 1.01835 1.30656 0 0 
0 0 0 0 0 0 0 0 
0 0 0 0 0 0 0 0 
0 0 0 0 0 0 0 0 
0 0 0 0 0 0 0 0 
0 0 0 0 0 0 0 0 
0 0 0 0 0 0 0 0 
# LVDC V2 t0 parameters T0 Error 
0 0 0 0 0 0 0 0 
0 0 0 0 0 0 0 0 
0 0 0 0 0 0 0 0 
0 0 0 0 0 0 0 0 
1.90459 1.90459 1.49071 0.707107 4.27895 2.76455 1.90459 0 
1.30656 0.707107 3.43295 2.89278 6.75779 0.707107 1.8235 1.49071 
0 2.68135 0 0 2.23357 2.23357 6.75779 5.09877 
0 1.88389 4.37696 1.82428 0.536656 1.75398 1.11536 3.43295 
0.707107 3.53159 1.90459 7.02947 3.11386 0.707107 1.01835 0 
4.18838 1.82428 2.89278 9.55595 6.75779 1.49071 5.09877 2.834 
1.8235 1.43324 0.951057 1.90459 4.37696 1.01835 4.11439 1.30656 
0 3.79645 2.48069 7.66927 2.31183 1.30656 1.44016 4.11439 
0 4.18838 1.8235 0 0.781387 0 0.430331 11.4399 
2.68135 4.18838 6.75779 1.89021 1.30656 0 0.707107 1.29267 
2.68135 0 3.53159 9.55595 2.74597 0.707107 5.11081 2.74597 
0 4.37696 3.06663 5.09877 5.21886 2.48069 3.11386 1.90459 
0.707107 3.53159 0.536656 0 3.11386 3.53159 7.66927 5.72194 
1.94874 5.09877 5.11081 6.37802 0 0.536656 0 2.48069 
3.61068 1.90459 5.11081 4.18838 1.30656 5.11081 1.88389 3.64933 
6.10432 6.84075 0 0.681626 8.41245 10.064 0.707107 3.61068 
8.41245 2.68135 6.10432 3.43295 2.89278 1.8235 1.08766 1.29267 
0.536656 0.982114 4.27895 2.76455 1.29267 1.46302 9.55595 2.89278 
5.11081 3.11386 6.75779 3.53159 5.11081 0 1.88389 0 
1.88389 1.43324 4.27895 0 0 2.63809 1.30656 1.43324 
2.48069 1.88389 7.66927 4.37696 0.536656 2.89278 0.707107 4.18838 
1.09689 3.79645 5.21886 3.11386 4.11439 2.89278 8.71942 0.951057 
9.55595 5.11081 4.22958 1.60694 4.37696 5.09877 2.48069 1.30656 
5.09877 2.68135 9.55595 3.51257 2.10693 10.5618 3.0075 0 
2.60726 1.29267 11.4731 8.41245 4.60056 0.982114 4.86209 3.17779 
1.44016 1.46302 4.37696 2.68135 3.11386 10.064 0 5.11081 
11.4731 0 3.11386 0.536656 3.11386 2.89278 3.95016 4.22958 
4.11439 2.834 2.48069 5.72194 1.48856 4.18838 5.21886 0.536656 
6.84075 4.86209 5.11081 5.39001 3.64933 4.4952 0 3.88235 
1.83152 8.08462 3.61068 7.66927 7.9576 7.9576 0.982114 1.90459 
7.9576 3.64933 3.51257 2.15154 0 3.51257 5.77878 0 
1.29267 2.89278 0.536656 9.55595 0.951057 4.37696 4.09101 7.9576 
5.039 11.7132 4.21768 1.43324 3.64933 5.21886 1.90459 13.745 
1.90459 3.64933 6.84075 7.492 0 6.75779 2.74597 5.11081 
2.48069 0 5.77878 1.75398 3.11386 0.982114 1.49071 0.681626 
1.49071 2.89278 2.23357 3.53159 0 2.44949 1.01835 3.61068 
0 2.89278 2.68135 5.65685 3.06663 2.76455 5.65685 0.707107 
5.65685 0 0 0 0 0 0 0 
0 0 0 0 0 0 0 0 
0 0 0 0 0 0 0 0 
0 0 0 0 0 0 0 0 
0 0 0 0 0 0 0 0 
