# RVDC U1 t0 parameters 
2644 2947.1 2947.1 2947.1 2947.1 2947.1 2947.1 2947.1 
2947.1 2947.1 2947.1 2947.1 2947.1 2947.1 2947.1 2947.1 
2947.1 2944 2944 2944 2944 2944 2944 2944 
2944 2944 2944 2944 2944 2944 2944 2944 
2944 2942 2942 2942 2942 2626.5 2632.5 2606.17 
2608.83 2942 2635.5 2617.5 2630.5 2637.5 2620.83 2636.5 
2618.83 2635.5 2641.5 2615.5 2638 2628 2637.5 2635.9 
2631 2632.5 2635.83 2628.5 2632.5 2633.3 2638.3 2635.5 
2638 2632.83 2941.7 2632.1 2634 2639.17 2636.7 2640.5 
2639.5 2640 2628.17 2638.7 2632.7 2637.3 2637.5 2941.7 
2638.5 2632.17 2633.9 2627.1 2635.5 2629.3 2632.5 2640 
2629.21 2621.83 2633.1 2632.17 2631.5 2629 2632.93 2633.3 
2643.3 2635.25 2632.5 2632.1 2640 2631.5 2646.17 2637.21 
2627.36 2628.1 2641.36 2637.17 2637.5 2611.17 2634.5 2644 
2637.5 2645.25 2634.5 2634.64 2642.5 2637.64 2635.5 2646.5 
2630.5 2627 2643.17 2636.5 2627.25 2643.17 2637 2636.1 
2615.5 2642.36 2640.5 2632.83 2633.5 2641.9 2641 2644.39 
2641.36 2645.7 2641.79 2640.5 2642.21 2642 2642.5 2643.5 
2642.21 2634 2634.5 2637.83 2637.83 2637.3 2643.5 2643.3 
2636.79 2637.5 2640.5 2639.17 2630.5 2638.5 2638.5 2635.7 
2640.83 2638.5 2644.5 2644 2640.17 2638 2647.5 2643.25 
2644.5 2645.1 2642.06 2644.9 2642.5 2641.64 2640.17 2639.93 
2641.07 2641.5 2644.3 2641.21 2645 2643.17 2641.3 2650.83 
2640.17 2641.17 2641.64 2616.5 2644.17 2641.83 2641.1 2636.17 
2641.9 2645.21 2645.17 2634.93 2646 2646.5 2641.5 2646.3 
2644.5 2644 2642.7 2639.17 2642.5 2643.5 2638.5 2640.83 
2646.83 2638.83 2640.83 2643.61 2641.93 2638.5 2643.83 2646.64 
2643.17 2641.5 2641.9 2643.5 2643.5 2640.25 2642.5 2636.17 
2641.25 2640.7 2642.75 2636.79 2649.83 2638.25 2642.5 2642.07 
2635.36 2635.64 2643 2641.07 2642.5 2640.9 2640.64 2642.7 
2636.07 2642.17 2634.25 2642.5 2637.7 2635.75 2640.36 2645.83 
2644.64 2638.17 2638.5 2636.5 2642.3 2641.17 2637.07 2638.72 
2647.93 2640.93 2644.3 2642.17 2652.5 2648.83 2644.9 2647.5 
2648 2640.5 2651.3 2643.93 2649.17 2643.3 2640.83 2646.5 
2646.64 2630.64 2646.21 2642 2642.5 2640.64 2643.1 2641.21 
2640.5 2636 2636.75 2641 2628.61 2638.77 2641.5 2634 
2650.1 2645.93 2645.83 2638 2645.07 2647.17 2652 2641.17 
2649.17 2645.5 2636.25 2646.72 2646.5 2650 2626.5 2644.1 
2648.17 2653 2647.1 2635.17 2625.1 2641.5 2647.5 2634.5 
2625.5 2636.36 2637.5 2621.9 2607 2637 2634.5 2640.5 
2619.5 2945.8 2945.8 2945.8 2945.8 2945.8 2945.8 2945.8 
2945.8 2945.8 2945.8 2945.8 2945.8 2945.8 2945.8 2945.8 
2945.8 2945 2945 2945 2945 2945 2945 2945 
2945 2945 2945 2945 2945 2945 2945 2945 
2945 2945 2945 2945 2945 2945 2945 2945 
2945 2945 2945 2945 2945 2945 2945 2945 
# RVDC U2 t0 parameters 
2634.6 2934.9 2934.9 2934.9 2934.9 2934.9 2934.9 2934.9 
2934.9 2934.9 2934.9 2934.9 2934.9 2934.9 2934.9 2934.9 
2934.9 2930.4 2930.4 2930.4 2930.4 2930.4 2930.4 2930.4 
2930.4 2930.4 2930.4 2623.5 2610.17 2930.4 2621 2618.17 
2628.17 2626.83 2608.5 2623.5 2620.5 2618.83 2623 2626.7 
2617 2619.1 2631.83 2617.83 2931.6 2635.5 2630.5 2633 
2610.5 2626.7 2625.5 2629 2623 2624.5 2629.17 2626.93 
2628.07 2620.5 2614.1 2627.9 2624.5 2628.83 2613 2619.5 
2628 2611.5 2624 2625.5 2626.17 2629 2613.17 2626.3 
2620.5 2624.17 2625 2626.5 2621.5 2628.83 2621.21 2626.5 
2628 2628.5 2625.17 2633.3 2622.83 2625.83 2631.79 2626.7 
2620.5 2624.64 2624.17 2627.5 2624.5 2620 2625.5 2627.5 
2632.9 2630.5 2637.1 2621 2634.5 2635.17 2629.36 2623.5 
2634.7 2626.5 2636.3 2632 2631 2637 2625.36 2633.83 
2630.5 2621.1 2633.17 2627.7 2635.5 2613 2622.3 2629.9 
2627.5 2632.5 2629 2628.5 2630.17 2611 2631.83 2627 
2631.7 2625.5 2640 2627.5 2630 2629.5 2626.5 2626.7 
2631.1 2628.25 2629.9 2630.5 2625.5 2634.9 2636.3 2624.21 
2634.5 2633 2631.93 2634 2633.9 2626.7 2633.83 2627.5 
2632.17 2629.83 2628.9 2631.5 2636.36 2626.83 2633.9 2629.5 
2638.5 2631.07 2634 2627.36 2632.17 2636.7 2632 2631 
2634.5 2632.5 2634.25 2633.72 2632.75 2630.83 2631.5 2632.3 
2629.25 2633.7 2633.5 2631.07 2636.5 2632.94 2635.14 2629.5 
2633.83 2632.3 2636.17 2630.17 2629.5 2631.07 2625.64 2623.93 
2636.1 2625.83 2633.83 2631.83 2632.1 2631.5 2630 2631.41 
2624.72 2629.83 2632.3 2634.5 2624.9 2627 2625.39 2627.9 
2633.3 2632.1 2631.5 2628.17 2631.5 2628.9 2632.36 2632.25 
2634.5 2630.21 2632.83 2631.36 2629.83 2627.17 2628.5 2633.21 
2638.07 2634.17 2631.83 2632.9 2634.5 2636.83 2635.5 2626.9 
2633.9 2630.5 2634.17 2631.25 2631.17 2633 2635.07 2633.5 
2631.1 2627.17 2623.64 2631.83 2615.83 2627.5 2628.9 2627.25 
2634 2629.64 2628.06 2629 2629.5 2637 2630.5 2624.7 
2639.5 2631.21 2627.83 2634.95 2633.79 2634.5 2637.5 2638.7 
2638.64 2629.1 2633.05 2633.1 2634.93 2628.83 2625.5 2620.1 
2636.3 2641.79 2635.5 2633.1 2638.36 2638.17 2630.07 2631.17 
2629.36 2628.21 2631.5 2642.9 2631.5 2626.5 2626.07 2634.5 
2642.9 2636.75 2638.83 2641.9 2634.1 2639.5 2636 2641.5 
2637.5 2635.5 2636.5 2644.83 2629.21 2639.83 2628.64 2638 
2637.07 2642.5 2638.83 2645.5 2631.5 2641.5 2645.7 2639.9 
2638.5 2622.83 2628.3 2634.36 2637.5 2629.3 2632.1 2635.1 
2632 2638.5 2628.5 2635.9 2637.5 2621.5 2627 2627 
2633.5 2631.7 2606 2642.5 2635.83 2945.1 2621 2945.1 
2945.1 2943.2 2943.2 2943.2 2943.2 2943.2 2943.2 2943.2 
2943.2 2943.2 2943.2 2943.2 2943.2 2943.2 2943.2 2943.2 
2943.2 2943.2 2943.2 2943.2 2943.2 2943.2 2943.2 2943.2 
2943.2 2943.2 2943.2 2943.2 2943.2 2943.2 2943.2 2943.2 
# RVDC V1 t0 parameters 
2649.3 2943.8 2943.8 2943.8 2943.8 2943.8 2943.8 2943.8 
2943.8 2943.8 2943.8 2943.8 2943.8 2943.8 2943.8 2943.8 
2943.8 2943.4 2943.4 2943.4 2943.4 2943.4 2943.4 2943.4 
2943.4 2943.4 2943.4 2943.4 2943.4 2943.4 2943.4 2943.4 
2943.4 2642.5 2629.83 2637.83 2616.5 2613.7 2631.5 2642.5 
2942.7 2644.83 2643.17 2618.5 2942.7 2641.5 2618.83 2645.17 
2641 2642 2628.5 2943.8 2616.17 2612.5 2632.5 2635 
2943.8 2637.5 2637.5 2640.17 2634 2641 2635.5 2633.5 
2642.5 2636.3 2637.5 2625.3 2645.07 2645.5 2645.5 2644.7 
2626.7 2642 2643.9 2638.5 2642 2642.5 2643 2641.83 
2644.5 2640.93 2609.17 2639.5 2637.5 2613.93 2640 2648.5 
2642.93 2623.83 2619.5 2636.83 2645.5 2635.5 2641.5 2635.5 
2642.3 2646.5 2638.5 2638.83 2640.83 2640.3 2648.79 2640.64 
2643.9 2645.5 2644.21 2629.83 2632.1 2639.64 2638.17 2645.5 
2638.5 2640.83 2645.17 2643.83 2638.5 2642.1 2633.17 2651.5 
2638 2644 2633.5 2634.7 2637.7 2642.1 2643.5 2639 
2653.83 2638.93 2638.1 2640 2649.5 2643.17 2646.5 2644.9 
2644 2642.07 2647.1 2644.5 2633.64 2640 2647.3 2642.83 
2643 2639.75 2638.83 2643.1 2643.07 2638.28 2642.5 2641.5 
2639.5 2641.5 2626 2642 2640.17 2641.1 2636.17 2638.5 
2634.9 2645.1 2626.3 2642.5 2644.79 2645.5 2647.07 2643.5 
2634.9 2647 2647.83 2648.1 2650.5 2643 2647 2647 
2649.5 2642.5 2642.5 2606.5 2641.7 2643.5 2644.5 2642.5 
2647.83 2641.36 2645.5 2644.21 2643.3 2641.83 2639.75 2639.7 
2646.93 2634.83 2646.83 2645.36 2649.64 2647.1 2632.83 2645 
2641.83 2639 2640.72 2648.17 2646.75 2650.17 2650.5 2644.5 
2648.83 2648.9 2644.9 2645.07 2645.5 2650.1 2648.83 2647.83 
2649 2642 2643.79 2639.21 2644.83 2638.9 2644.9 2634 
2651.07 2647.5 2640.5 2642.7 2644.07 2645.5 2644.83 2644.5 
2643.7 2647.5 2643.3 2646.3 2647.72 2638.3 2645.83 2649.5 
2644.07 2642.75 2641.5 2647.7 2637.1 2645.5 2649 2653.9 
2640.36 2642.17 2648 2641.39 2641.79 2640.21 2626.83 2641.79 
2646.36 2642.5 2640.3 2651.25 2643.25 2645.5 2644.72 2644.3 
2643.3 2643 2649.1 2647.5 2641.64 2643.75 2642.83 2645.1 
2642.79 2642.1 2645.83 2645.17 2633.7 2639.1 2650.17 2648.21 
2640.61 2635 2646.25 2641.5 2643 2641.7 2643.06 2643.17 
2651 2632.1 2646.17 2649.5 2649.21 2648.36 2641.64 2650.5 
2649.5 2646.07 2635.28 2655.5 2647.5 2653.5 2641.3 2644.1 
2645.17 2613.83 2656.83 2647 2650.5 2638.7 2643 2649.5 
2644.5 2607.5 2642.5 2954.5 2643.3 2618.83 2622.5 2619.5 
2954.5 2954.4 2954.4 2954.4 2954.4 2954.4 2954.4 2954.4 
2954.4 2954.4 2954.4 2954.4 2954.4 2954.4 2954.4 2954.4 
2954.4 2952.5 2952.5 2952.5 2952.5 2952.5 2952.5 2952.5 
2952.5 2952.5 2952.5 2952.5 2952.5 2952.5 2952.5 2952.5 
2952.5 2952.5 2952.5 2952.5 2952.5 2952.5 2952.5 2952.5 
2952.5 2952.5 2952.5 2952.5 2952.5 2952.5 2952.5 2952.5 
# RVDC V2 t0 parameters 
2652.7 2945.8 2945.8 2945.8 2945.8 2945.8 2945.8 2945.8 
2945.8 2945.8 2945.8 2945.8 2945.8 2945.8 2945.8 2945.8 
2945.8 2939.7 2939.7 2939.7 2939.7 2939.7 2939.7 2939.7 
2635.83 2939.7 2939.7 2618.83 2618.5 2939.7 2939.7 2633.5 
2619 2633 2645.5 2632.17 2637.17 2637.7 2645 2636.3 
2646.5 2644.5 2644.17 2942.4 2622.3 2624.83 2636.17 2609.7 
2622.36 2639.83 2642.3 2637.5 2612.9 2617.83 2638.83 2640.3 
2640.17 2636.5 2630.83 2613.5 2940.7 2639.3 2622 2640.93 
2624.17 2638.17 2639.1 2637.7 2636.17 2637.1 2640.36 2642.5 
2638 2635.5 2636.9 2613.5 2641.3 2640 2613 2634.1 
2633.5 2635.17 2642.5 2630.3 2632.83 2634.17 2629.7 2638 
2630.5 2638.07 2639.9 2637.17 2634.17 2639.3 2637.25 2622.7 
2640.17 2640.1 2642.17 2620.3 2611 2620 2646 2614.83 
2638.5 2646.3 2640.5 2640.7 2646.5 2639.83 2641.5 2642.7 
2646.07 2633.5 2644.5 2636.83 2638.5 2631.5 2640.5 2639.5 
2634.79 2633.83 2640.17 2638.7 2638.5 2638.5 2637.5 2623.07 
2629.5 2636.9 2636.9 2632.5 2638.5 2642.36 2625.5 2637.83 
2635.5 2634.1 2639.25 2941.2 2636.7 2635.83 2632 2630.64 
2645.5 2640.75 2644.5 2643.21 2645.5 2641.7 2640.7 2640.3 
2640.83 2637.17 2640.5 2637.21 2640.83 2638.83 2635 2638.1 
2640.83 2627.9 2644.1 2635.79 2640.5 2638.83 2643.17 2637.7 
2641 2643.1 2642.1 2645.5 2639.79 2633.5 2647.75 2646.9 
2636.75 2639.21 2624.5 2635.5 2642.17 2637.14 2940.8 2643.7 
2638.1 2631.83 2640.36 2634.5 2637.5 2637.5 2635.5 2634.79 
2648.83 2642.3 2640.75 2641.64 2642.25 2639.36 2646.79 2645.5 
2641.7 2640.9 2643.83 2639.5 2642 2646.5 2639.5 2635 
2644.17 2638.5 2640.21 2640.17 2636.79 2642.9 2640.75 2625.5 
2638.5 2637.9 2629.5 2636.5 2645.5 2642.5 2641.17 2644.5 
2643.59 2647.5 2645.17 2647.75 2645.83 2643.06 2641 2643.5 
2637.83 2640.17 2640.17 2639.3 2641.83 2640.68 2640.83 2637.5 
2643.5 2636.36 2645.21 2640.21 2637.83 2645.7 2639.3 2641.5 
2641.25 2634.17 2636.07 2639.5 2629.9 2642.83 2641.61 2637.1 
2643.25 2638.07 2641.17 2640.1 2641.75 2649.5 2639.64 2648 
2640.17 2641.5 2645 2643.17 2640 2637.79 2638.9 2644.1 
2644.7 2635.5 2640.25 2613.5 2641.36 2642.5 2638.5 2641.3 
2645.5 2643.1 2636.7 2640.5 2644.25 2636.79 2635.7 2631.07 
2646.93 2648 2653.5 2647.17 2647.72 2645.17 2648.1 2648.83 
2651.79 2648.93 2648.21 2647.7 2640.83 2636.5 2647.5 2646.64 
2651.5 2643.9 2651.9 2646.79 2643.5 2624.5 2634.5 2646.93 
2642.64 2647.07 2642.64 2639.5 2641.36 2615.7 2644.5 2645.17 
2616.5 2634.1 2642 2644.5 2638.83 2638 2643.83 2607 
2636 2621.5 2639.17 2950.9 2635.3 2618 2617.17 2950.9 
2950.9 2952.3 2952.3 2952.3 2952.3 2952.3 2952.3 2952.3 
2952.3 2952.3 2952.3 2952.3 2952.3 2952.3 2952.3 2952.3 
2952.3 2942.4 2942.4 2942.4 2942.4 2942.4 2942.4 2942.4 
2942.4 2942.4 2942.4 2942.4 2942.4 2942.4 2942.4 2942.4 
# LVDC U1 t0 parameters 
2947.1 2947.1 2947.1 2947.1 2947.1 2947.1 2947.1 2947.1 
2947.1 2947.1 2947.1 2947.1 2947.1 2947.1 2947.1 2947.1 
2944 2944 2944 2944 2944 2944 2944 2944 
2944 2944 2944 2944 2944 2944 2944 2944 
2942 2942 2942 2942 2942 2942 2942 2942 
2942 2942 2942 2942 2912.83 2942 2932.3 2934.5 
2935.5 2925.83 2935.17 2933 2924.83 2931 2915 2936.5 
2936.3 2939.17 2930.17 2931 2910.3 2933 2932.5 2927.83 
2917.1 2926.83 2931.5 2931.5 2929.7 2935.83 2937.5 2905.5 
2922.83 2936 2918.5 2941.7 2936.83 2934.1 2905.7 2906.5 
2935.17 2940.9 2930.83 2935.5 2915.3 2937.3 2928.17 2939.5 
2932.9 2937.5 2914.5 2933.5 2931.3 2941.9 2920.9 2937 
2941 2937.5 2936.5 2943 2944.5 2938.83 2946.6 2938.5 
2938.83 2945.5 2938.5 2941.9 2939.17 2938.83 2937.3 2943 
2940.83 2942.83 2939.5 2908.5 2928.5 2920.64 2936.5 2939.5 
2939.83 2938 2935.3 2937.5 2928 2938.5 2940.17 2935.83 
2942.5 2939.5 2940.83 2908.17 2938.1 2905.5 2934 2941.7 
2935.83 2940.5 2933.9 2927.7 2942.1 2933 2906.5 2935.9 
2940.5 2934.5 2936 2940.9 2938.17 2918.9 2907.83 2939.5 
2915.5 2937 2936.5 2929.83 2935 2928.83 2923 2939 
2933.1 2937.17 2933.5 2930.83 2923.64 2919.3 2936.17 2936.5 
2938.17 2932.9 2934.7 2936.5 2934.5 2935.5 2913.3 2932.3 
2942 2937.3 2934.5 2940.5 2936.5 2936.9 2936.5 2930.83 
2927 2927 2925 2935 2928.21 2911.5 2928.5 2929.1 
2941 2940.5 2943 2933.83 2927.5 2934.5 2942.17 2912.17 
2944 2939.5 2939.5 2929.5 2907 2908 2936 2934.7 
2914.17 2929.5 2944.3 2943.8 2944 2940.83 2938.9 2940.3 
2934.83 2903.17 2932.83 2934.5 2929.5 2943.8 2943.8 2938.17 
2939.83 2940.17 2943 2934.5 2935.36 2945 2940.3 2938.5 
2942.9 2934.39 2935.5 2944.9 2943.83 2940.17 2946.5 2932.5 
2938.7 2940.5 2915 2936.3 2926.17 2936 2934.5 2935.79 
2938.7 2932.36 2930.7 2936.5 2938.3 2929.79 2932.5 2930.07 
2939 2943.3 2940 2932.5 2941.17 2940.5 2937.3 2923.5 
2945.5 2935.5 2942.5 2937.83 2938.5 2945.1 2938.7 2936.9 
2939.1 2930.1 2941.7 2940.1 2938.83 2939.9 2941.17 2941.5 
2934.5 2938.25 2928.17 2942.5 2937.1 2928.36 2934 2934.5 
2948.17 2944.7 2940.83 2946.17 2942.5 2930.9 2946.5 2940 
2924.5 2933.5 2944.3 2943.5 2943 2915.83 2935 2947.1 
2934.17 2916.5 2932.5 2939.1 2936.5 2945.1 2939.17 2940.17 
2906.5 2926.5 2946.5 2929.5 2912.5 2907.7 2945.1 2945.1 
2930.5 2906.83 2945.8 2945.8 2945.8 2945.8 2945.8 2945.8 
2945.8 2945.8 2945.8 2945.8 2945.8 2945.8 2945.8 2945.8 
2945 2945 2945 2945 2945 2945 2945 2945 
2945 2945 2945 2945 2945 2945 2945 2945 
2945 2945 2945 2945 2945 2945 2945 2945 
2945 2945 2945 2945 2945 2945 2945 2644 
# LVDC U2 t0 parameters 
2934.9 2934.9 2934.9 2934.9 2934.9 2934.9 2934.9 2934.9 
2934.9 2934.9 2934.9 2934.9 2934.9 2934.9 2934.9 2934.9 
2930.4 2930.4 2930.4 2930.4 2930.4 2930.4 2930.4 2930.4 
2930.4 2930.4 2930.4 2930.4 2930.4 2930.4 2930.4 2930.4 
2931.6 2931.6 2931.6 2931.6 2920.17 2923.83 2931.6 2931.6 
2931.6 2931.6 2924.5 2917 2921.83 2919.5 2927.17 2916 
2930.4 2925.5 2930.4 2926.17 2919.5 2905.5 2933.5 2925.5 
2924.5 2925.5 2930.83 2930.4 2930.4 2919.83 2923 2922.5 
2926.17 2927.3 2925.5 2915.7 2905.83 2924.3 2929.5 2921.83 
2933.4 2923.5 2905 2933.4 2926.5 2923.5 2931.5 2929.5 
2922.5 2921 2920.83 2915.5 2921.1 2928.5 2930.4 2924.5 
2923.83 2924.17 2920.9 2928.5 2922.5 2917.83 2915.5 2918.5 
2934.5 2912.17 2935 2907 2933.36 2929.5 2937.5 2934 
2936 2936.9 2931.5 2918.5 2916.9 2941.17 2937.7 2934.83 
2933.83 2919.5 2932.5 2938.5 2934.7 2937.17 2934.5 2938.5 
2940.83 2924.5 2941.6 2927.5 2930.83 2941.6 2941.6 2924.5 
2939.5 2933.9 2918.9 2927.17 2907 2923.5 2928.3 2927 
2934.3 2925.5 2937 2932.83 2934 2930.7 2927.5 2923.5 
2924 2931 2930 2931.3 2929.5 2933.1 2927.5 2934.5 
2927.5 2929.83 2924.5 2932 2920.17 2923.9 2931 2912 
2934.3 2931.5 2928.5 2930.7 2926.5 2927.5 2931.1 2935.83 
2933.17 2915.17 2929.5 2917.5 2930.5 2932.5 2926.3 2930.36 
2934 2924.1 2934.5 2926.5 2939.83 2929.9 2927.5 2936.5 
2931.5 2931.9 2917.3 2927.83 2917.83 2933.5 2928 2932 
2925.3 2929.5 2919.5 2932.5 2934.5 2934.83 2932.3 2933.07 
2935.5 2932.5 2932 2923.7 2931.3 2941 2940.5 2935.83 
2936 2937 2934.83 2939.5 2926.83 2931.7 2924 2926.17 
2910 2931.17 2931.36 2930.83 2927.5 2936.3 2933.3 2933.1 
2931.7 2939.5 2932.5 2932 2940.5 2915.5 2935.83 2942.17 
2928.5 2940.5 2938.5 2934.5 2936 2937.5 2929 2936.5 
2942.5 2933.5 2934.3 2936.5 2932.83 2927 2934.5 2933.5 
2934.17 2934.3 2926.36 2938.5 2932 2930.5 2928 2913.5 
2932.1 2913.1 2931.36 2936.83 2926.9 2935.5 2932.9 2935.5 
2936.5 2935.3 2940 2937 2927.5 2934.5 2937.5 2932.3 
2921.7 2934.17 2935.1 2937 2933.9 2937.3 2937.9 2937.17 
2933 2932.1 2932.9 2932.3 2931.5 2936.5 2928 2934.1 
2937.5 2927.5 2941 2937.79 2942.83 2947.1 2942.83 2944.83 
2941.17 2945.5 2941.5 2926.3 2941.5 2937.5 2937.83 2938.5 
2932.5 2936.5 2941.9 2934.5 2914.5 2931 2928 2929.7 
2919.5 2940.3 2929.9 2936 2917.5 2928 2935.7 2919.17 
2943.9 2924.9 2938 2915.17 2945.1 2936.17 2945.1 2938.17 
2920.5 2911 2934.5 2915 2907.17 2945.1 2945.1 2945.1 
2943.2 2943.2 2943.2 2943.2 2943.2 2943.2 2943.2 2943.2 
2943.2 2943.2 2943.2 2943.2 2943.2 2943.2 2943.2 2943.2 
2943.2 2943.2 2943.2 2943.2 2943.2 2943.2 2943.2 2943.2 
2943.2 2943.2 2943.2 2943.2 2943.2 2943.2 2943.2 2947.1 
# LVDC V1 t0 parameters 
2943.8 2943.8 2943.8 2943.8 2943.8 2943.8 2943.8 2943.8 
2943.8 2943.8 2943.8 2943.8 2943.8 2943.8 2943.8 2943.8 
2943.4 2943.4 2943.4 2943.4 2943.4 2943.4 2943.4 2943.4 
2943.4 2943.4 2943.4 2943.4 2943.4 2943.4 2943.4 2943.4 
2942.7 2942.7 2942.7 2942.7 2942.7 2942.7 2942.7 2942.7 
2909.17 2909.5 2914.5 2934.83 2904.5 2928.5 2915 2921.17 
2936 2907.83 2915.9 2926.5 2943.8 2942.83 2943.8 2932.5 
2922.5 2934.5 2940.5 2935 2910.5 2929.5 2915.5 2935.17 
2933.5 2931.17 2937.5 2930.5 2938 2928.3 2921.5 2937.83 
2907.9 2907.5 2910.17 2946.3 2940.5 2938 2936.5 2938 
2944.17 2933.5 2943.5 2940.5 2941.1 2915.5 2936.5 2943.9 
2936.5 2929 2923.17 2938.5 2925 2936.1 2938.83 2909.5 
2947.5 2943.5 2938.3 2918.5 2944.1 2939 2936.17 2943 
2942.1 2945 2948.5 2952 2944.7 2942 2947.5 2949.9 
2949 2948 2945.79 2942.9 2949.5 2945.5 2938 2929 
2935.5 2924 2941.17 2943.17 2943.83 2925.7 2944.7 2918.83 
2943 2936.9 2947.5 2941.83 2943.9 2917.5 2914 2946 
2938.5 2943.17 2937.83 2947.5 2905.5 2933.7 2942.9 2922.17 
2942 2944 2944.17 2937.5 2939 2941.17 2904.5 2939.17 
2927.17 2926.7 2934.5 2939.17 2938.7 2937.5 2938.7 2926.83 
2945.5 2948.5 2941.5 2942.79 2943.5 2939 2938.9 2944.5 
2945 2939.5 2945 2941.7 2943.5 2936.7 2946 2946.3 
2941.17 2936.17 2940.7 2942.17 2938.3 2928.5 2939.17 2939.5 
2940.5 2933.5 2944.5 2931.3 2940.93 2930.9 2944.7 2937.5 
2945.17 2945.5 2944.83 2940.1 2936.5 2946.5 2946.3 2945 
2938.9 2933.93 2940.5 2933 2938.17 2943.83 2939.5 2924.17 
2943.5 2941.5 2942.64 2944 2944.5 2944.1 2923 2944 
2940.83 2933.3 2938.21 2939.9 2930.5 2941.5 2938.17 2935.07 
2912.83 2909 2939.5 2946.83 2941.3 2949.83 2943.83 2914 
2942.1 2937.21 2942.3 2944 2943.3 2938.06 2926 2936.17 
2906 2948 2948 2943.1 2950.83 2942.83 2947.36 2947 
2946.1 2947.83 2947 2908.9 2946.17 2946.3 2926.5 2939 
2949.1 2949.5 2946.5 2941.83 2950.3 2948 2940 2948 
2944.5 2952 2947.5 2949.5 2945.5 2947 2941 2938.9 
2949 2950.9 2949.3 2947 2949.5 2946.7 2951.3 2947.07 
2954 2952 2950.3 2942.5 2949.17 2950.83 2940.7 2946.5 
2952.5 2944.9 2954.3 2949.79 2951.83 2924.5 2956 2941.5 
2945.5 2956 2947 2948 2944.17 2959 2923.17 2941.83 
2951.5 2936.5 2928.9 2915.17 2933.5 2939.5 2942.83 2948.5 
2954.5 2946.83 2912 2954.5 2954.5 2906.5 2954.5 2954.5 
2954.4 2954.4 2954.4 2954.4 2954.4 2954.4 2954.4 2954.4 
2954.4 2954.4 2954.4 2954.4 2954.4 2954.4 2954.4 2954.4 
2952.5 2952.5 2952.5 2952.5 2952.5 2952.5 2952.5 2952.5 
2952.5 2952.5 2952.5 2952.5 2952.5 2952.5 2952.5 2952.5 
2952.5 2952.5 2952.5 2952.5 2952.5 2952.5 2952.5 2952.5 
2952.5 2952.5 2952.5 2952.5 2952.5 2952.5 2952.5 2947.1 
# LVDC V2 t0 parameters 
2945.8 2945.8 2945.8 2945.8 2945.8 2945.8 2945.8 2945.8 
2945.8 2945.8 2945.8 2945.8 2945.8 2945.8 2945.8 2945.8 
2939.7 2939.7 2939.7 2939.7 2939.7 2939.7 2939.7 2939.7 
2939.7 2939.7 2939.7 2939.7 2939.7 2939.7 2939.7 2939.7 
2942.4 2908.17 2942.4 2940.17 2903.17 2939.5 2921.9 2942.4 
2942.4 2912.83 2926.17 2942.4 2937.83 2927.5 2927 2908.17 
2940.7 2932 2928.5 2920.83 2933.17 2912.83 2930.17 2936.17 
2924.5 2907.17 2931.5 2935.17 2940.7 2938 2913.5 2940.7 
2925.17 2917.5 2936 2931 2942.5 2941.9 2936.17 2933.83 
2933.7 2925.83 2943 2928.17 2932.5 2914 2937.5 2936.83 
2934.83 2936.7 2936.5 2939.5 2934.5 2906.9 2939.83 2937.17 
2942.4 2942.4 2906.9 2928.1 2934.83 2933.5 2936.17 2924.5 
2941.1 2938.9 2931.5 2905.9 2940.5 2946 2943 2929 
2938.3 2930.5 2937 2947.83 2906.5 2934 2926.83 2924 
2943.5 2916.3 2943.07 2930 2942.5 2937.5 2939.5 2941 
2931.3 2944 2905.5 2939.5 2938.17 2926.5 2926.5 2933.5 
2947.5 2923.5 2937.17 2936.7 2932.7 2939.17 2920.5 2938.5 
2926 2917.17 2925.5 2933.5 2934.1 2936.83 2930.83 2931.7 
2908 2933.5 2934.5 2928 2926.17 2937 2936.5 2919 
2937.17 2937.5 2934.83 2917.5 2912.5 2940.6 2931.5 2930.5 
2940.83 2932.5 2941.5 2937.83 2919 2935.83 2931 2925.83 
2941.6 2931.7 2935.7 2915.5 2937.5 2934 2931.1 2941.6 
2928 2934.7 2931.7 2942 2938 2930.5 2935.1 2906.5 
2930.3 2911.7 2927.17 2933.5 2938.3 2936.3 2928.5 2932.5 
2947.5 2939.5 2938.83 2942.17 2937.1 2942.5 2936.3 2940.17 
2939.5 2940 2941.83 2925.5 2931.1 2939.5 2938.1 2938.5 
2936.36 2940.3 2939.17 2934.5 2935.83 2941.9 2940.5 2942.7 
2942.7 2933.7 2938.9 2940 2942.7 2930.1 2932.83 2925 
2934 2926.17 2936.17 2938.17 2915.17 2939.5 2941.21 2939.5 
2939.07 2931 2931.07 2933.83 2936.5 2914.3 2930.1 2935.5 
2938.83 2941 2943.83 2938.93 2936.9 2940.1 2939.1 2936.5 
2930.7 2909 2938.83 2940.5 2937.21 2939.17 2936.83 2937.83 
2939.21 2938.5 2941 2927.3 2938.17 2937.3 2940.7 2939.5 
2935.36 2938.83 2938.83 2940.7 2936 2920.83 2938.17 2929.9 
2941.83 2940.3 2942.5 2930.5 2943.5 2938.17 2939.79 2941.83 
2932.5 2936.5 2940.9 2935 2941.5 2929.5 2935.5 2936.17 
2943.5 2937.83 2948.5 2942.83 2941.5 2947.9 2904.21 2954 
2944.5 2940 2942.7 2950.5 2943.7 2933.5 2922.9 2909.7 
2946.9 2937.5 2930.17 2939.5 2943.17 2940.83 2942.5 2949.5 
2905.5 2922.64 2930.83 2947.3 2938 2928.83 2928 2923 
2941.83 2940.83 2950.9 2942.17 2950.9 2945.17 2950.9 2946.5 
2950.9 2933.5 2950.9 2950.9 2950.9 2950.9 2950.9 2950.9 
2952.3 2952.3 2952.3 2952.3 2952.3 2952.3 2952.3 2952.3 
2952.3 2952.3 2952.3 2952.3 2952.3 2952.3 2952.3 2952.3 
2942.4 2942.4 2942.4 2942.4 2942.4 2942.4 2942.4 2942.4 
2942.4 2942.4 2942.4 2942.4 2942.4 2942.4 2942.4 2947.1 
