# RVDC U1 t0 parameters T0 Error 
0 0 0 0 0 0 0 0 
0 0 0 0 0 0 0 0 
0 0 0 0 0 0 0 0 
0 0 0 0 0 0 0 0 
0 0 0 0 0 1.01835 0 0 
5.65685 3.53159 4.37696 0 1.40833 5.09877 0 6.10432 
1.90459 0 3.06663 4.27895 2.23357 0 2.834 1.8235 
3.11386 2.68135 5.11081 3.13031 1.75398 4.21768 1.90459 1.29267 
7.9576 0.982114 4.27906 4.86209 1.49071 1.44183 1.01835 6.13969 
0.358162 6.37802 0.707107 3.40369 0.941945 4.22958 1.43324 2.15154 
2.31183 5.58198 1.75901 4.60056 0.430331 1.75082 2.60726 7.66927 
2.55647 3.64933 4.4952 2.48069 2.50954 1.26206 1.79085 6.84075 
3.59815 1.50375 0 1.49891 4.21768 3.95016 5.09877 1.40833 
2.15154 3.39411 0.524599 1.21656 11.4728 1.01835 3.47325 1.87467 
0.707107 0.681626 1.50375 5.039 0.622543 1.44016 0.894427 3.43295 
0.681626 1.82428 3.88235 3.18049 6.13969 6.26281 4.4952 3.28 
6.26281 5.8586 3.51257 2.63561 5.4451 2.48051 0 2.84572 
2.48069 5.21886 9.94544 7.62194 2.74695 2.56737 19.1509 5.07305 
0.985211 13.6646 3.63547 3.79645 3.88581 3.06663 12.6496 5.74395 
4.86209 6.28642 0.941945 0.866189 4.11439 2.37134 4.26367 2.85543 
7.50291 1.87467 0.788403 0.788403 4.29061 2.834 2.37134 2.63809 
3.64933 7.494 2.42369 1.22474 1.60541 4.52104 5.81656 10.6537 
3.7286 5.40453 2.42369 4.55077 6.8328 6.10432 2.5151 2.37134 
11.5787 0.941945 1.4838 2.58199 6.75524 4.63885 2.88347 1.48856 
4.27895 5.09877 3.0769 11.0214 2.79043 6.16203 13.3887 0.982114 
3.10371 0.524599 1.87467 3.88581 1.11536 1.03009 0.536656 6.10432 
3.48159 4.17871 2.74594 1.0492 4.26367 2.62939 5.72194 4.52104 
3.91233 4.0487 8.04668 3.7286 9.04036 2.2621 3.7286 11.1703 
2.834 9.31358 2.74695 7.70921 5.03908 15.9806 1.18285 1.61449 
1.48856 8.04668 4.55077 2.37134 33.0543 2.80614 6.26016 13.66 
5.8586 7.50291 3.3368 2.03492 1.60694 0.482068 2.1076 2.19831 
6.16203 6.05813 2.58199 5.11081 4.29061 3.88581 2.0078 3.13031 
1.8235 6.8328 1.10493 9.4952 4.0487 2.03933 3.63547 1.78548 
0.932422 5.77878 5.74395 8.04875 6.16203 2.69002 3.63547 5.07645 
1.90117 7.93301 8.60768 1.26206 2.99909 9.41238 7.62194 3.20557 
11.0214 1.91491 5.8586 1.26206 3.18713 3.64741 1.83152 3.47555 
1.60541 7.62194 6.75524 3.67111 2.79225 9.04036 3.7286 1.36413 
5.03908 2.64944 2.10819 1.09689 5.8586 3.18707 0.982114 3.59815 
0 1.90459 16.0153 1.30656 3.06663 0.646128 1.18297 3.64933 
6.75779 2.10693 2.89278 0 2.89278 5.65685 1.90459 1.90459 
2.89278 0 0 0 0 0 0 0 
0 0 0 0 0 0 0 0 
0 0 0 0 0 0 0 0 
0 0 0 0 0 0 0 0 
0 0 0 0 0 0 0 0 
0 0 0 0 0 0 0 0 
# RVDC U2 t0 parameters T0 Error 
0 0 0 0 0 0 0 0 
0 0 0 0 0 0 0 0 
0 0 0 0 0 0 0 0 
0 0 0 0 0 1.40833 0 2.89278 
0 0 2.68135 1.01835 4.11439 0.982114 0 0 
3.53159 0 5.65685 1.82428 0.985211 1.8235 9.55595 14.7354 
2.48069 6.10432 1.30656 3.0075 1.89021 9.55595 0.982114 4.27895 
1.88389 0.951057 2.55647 3.64933 0 0 12.6496 3.64933 
2.37134 2.834 3.51257 2.834 10.064 1.75398 3.79645 0.781387 
5.72194 4.63885 0.536656 0.536656 1.09689 2.74597 11.4399 1.11536 
0 1.69678 1.60541 8.08462 2.34487 2.834 2.60726 1.29267 
3.40369 2.85543 5.8586 0.788403 6.26281 19.6338 0.622543 1.79085 
1.43324 20.552 0.894427 1.40833 2.834 3.18707 7.09561 1.8235 
1.75082 8.08462 3.40369 4.63885 1.65654 12.891 12.1596 14.7354 
3.79645 3.47325 4.37696 0 0.353553 2.15154 11.4399 3.53159 
0.985211 2.37134 6.89532 5.72194 0.524599 2.42369 0 3.67111 
1.76383 3.67111 11.0187 7.492 2.21437 9.80347 1.50375 4.21768 
11.4731 5.95995 3.59815 2.82505 2.63561 4.4952 2.48051 0.646128 
6.26281 0.423443 1.11536 5.58198 0 2.45689 2.07356 2.45689 
1.60694 1.40833 2.30479 9.94544 5.06933 3.56676 9.55595 1.60541 
0.646128 0.681626 5.53413 4.18838 2.85543 2.37103 0.941945 2.37134 
9.31358 1.20325 1.65246 13.6646 5.65685 6.37802 3.10371 6.6229 
0 1.08766 2.03492 1.22474 9.49604 3.67111 6.35756 0.982114 
6.13969 2.37103 1.75082 0.57735 11.0214 3.39411 5.40453 1.40833 
0 10.432 2.12202 1.89445 0.802049 1.82428 9.80347 1.88105 
10.1869 0.864761 1.29267 10.7388 2.03933 5.4451 8.04137 1.29267 
3.88581 2.37103 2.63561 0.932422 1.26206 7.9013 2.80614 2.74597 
3.59815 1.64031 2.50954 0.515213 0.302707 1.09204 5.53413 26.0843 
3.20557 3.46924 5.72194 15.9806 5.55011 2.19831 2.68135 3.51257 
0.536656 4.62795 1.43324 4.09101 2.23357 3.69311 1.60541 8.31021 
2.2621 2.03933 0.918695 4.26367 3.91233 1.19166 4.44324 3.95016 
2.15154 3.0769 2.34487 8.71942 1.40833 2.17162 2.42369 2.30479 
10.7388 3.10371 8.55939 1.43324 3.48993 6.68353 2.1807 11.0214 
1.87467 1.96396 5.8586 9.86978 3.91616 20.552 1.78548 3.18707 
0.66341 1.86665 3.0712 6.16203 2.37103 5.49047 2.85543 1.345 
3.67111 2.79043 2.30898 5.58198 0.524599 2.06765 3.16154 6.67685 
3.91233 2.05396 3.9629 2.48051 5.06757 3.40369 2.30479 2.62149 
1.96567 1.2959 1.44016 2.03933 3.85985 5.07305 12.3134 0 
9.12564 6.84075 5.4451 1.60541 2.32685 1.11536 6.84075 1.48856 
4.44324 2.30479 11.1703 0 16.0153 3.51257 5.8586 4.86209 
5.11081 6.10432 1.83152 1.29267 1.08766 4.37696 5.09877 5.21886 
7.9576 5.09877 1.88389 0.707107 0 2.68135 0 0 
0 0 0 0 0 0 0 0 
0 0 0 0 0 0 0 0 
0 0 0 0 0 0 0 0 
0 0 0 0 0 0 0 0 
# RVDC V1 t0 parameters T0 Error 
0 0 0 0 0 0 0 0 
0 0 0 0 0 0 0 0 
0 0 0 0 0 0 0 0 
0 0 0 0 0 0 0 0 
0 0 0 1.49071 2.44949 4.27895 4.27895 0 
1.30656 3.53159 4.4479 0.536656 6.75779 1.40833 0 4.37696 
4.60056 4.11439 5.65685 7.09561 7.02947 6.84075 1.40833 3.51257 
4.37696 7.66927 2.76455 7.66927 0.982114 1.89021 1.75398 1.83152 
0.646128 6.05813 3.47555 0.781387 5.39001 6.88815 3.13031 4.18838 
4.09101 13.3218 3.10371 5.72194 1.30656 0.536656 0.985211 5.21886 
3.43295 1.29267 2.68135 0.524599 2.37134 2.834 1.11536 1.8235 
0 2.31183 2.60726 1.89021 1.60694 1.43324 12.6496 0.524599 
7.492 5.39001 0.555581 5.72194 5.39001 8.31021 2.85543 0 
7.16707 1.09689 5.58198 4.58258 0.762871 3.40369 2.42369 1.43324 
3.39411 1.50375 5.21886 0.536656 0.536656 0.45987 0.707107 1.90459 
2.15154 5.65685 0 4.58258 4.21768 1.46302 1.08766 5.40453 
8.04668 4.11439 2.48069 3.56676 0.866189 2.10819 3.94541 6.68353 
3.88581 3.51257 2.834 1.8235 2.82505 1.27682 0.985211 1.88105 
2.68135 1.96567 4.18838 8.63314 0.982114 7.492 4.21768 2.00079 
0.786195 1.65246 5.40453 5.03127 4.63885 1.50375 3.0769 10.0312 
0.536656 3.7286 3.67111 2.68135 3.51257 5.40453 4.21768 5.19615 
14.7 1.94874 10.1869 2.56737 3.0769 1.09689 2.17162 8.63314 
1.86665 2.42369 3.64933 2.85543 4.21768 4.21768 2.45689 6.84075 
2.50954 9.49604 3.47555 0 7.16707 2.10819 2.55647 2.34487 
3.28 13.6646 2.37134 2.48069 2.68135 5.74395 2.99909 5.77878 
0.866189 2.56737 3.69311 2.60726 18.1753 2.97965 1.78548 0.622543 
5.81656 2.17162 5.03908 3.10371 1.23122 1.73567 7.16707 1.91491 
6.20482 7.21076 11.4728 2.21437 3.39411 6.13969 10.0536 2.97965 
1.83152 13.0002 3.67111 7.07898 0.45987 9.12564 1.83152 3.04274 
2.48051 3.10371 0.788403 3.91616 3.10371 9.04036 3.46924 0.778466 
2.50954 9.49604 4.66831 3.95016 1.27323 2.56737 1.22474 8.08462 
8.55939 4.07069 6.75524 0.681626 2.74597 7.05623 4.4952 4.22958 
6.03438 2.02914 4.86209 12.0642 9.01989 1.2682 0.524599 8.08462 
6.13969 8.71942 3.47325 4.21768 14.755 6.13969 2.42369 1.03491 
2.63809 5.45614 7.19438 2.50954 3.3368 3.28467 5.03908 2.30479 
6.8328 1.64031 6.28642 7.62194 1.50375 1.96567 1.89445 2.50954 
1.79085 3.0769 2.97965 8.04668 2.30479 1.63975 3.51257 0.536656 
3.59815 4.52104 8.17243 2.31183 0.707107 2.1807 1.26206 0 
6.88815 2.74597 16.8199 2.834 0.536656 3.43295 0 8.41245 
2.10693 1.01835 5.65685 5.65685 1.30656 6.75779 0 2.89278 
1.90459 0 0 0 0 0 0 0 
0 0 0 0 0 0 0 0 
0 0 0 0 0 0 0 0 
0 0 0 0 0 0 0 0 
0 0 0 0 0 0 0 0 
0 0 0 0 0 0 0 0 
# RVDC V2 t0 parameters T0 Error 
0 0 0 0 0 0 0 0 
0 0 0 0 0 0 0 0 
0 0 0 0 0 0 0 0 
0 1.01835 0 0 0 0 5.65685 1.90459 
5.65685 0 0 0 1.30656 1.75398 2.23357 5.09877 
1.90459 0 7.02947 0.951057 6.75779 3.43295 5.65685 3.11386 
1.11536 1.89021 1.82428 1.75901 5.77878 7.9576 0.982114 2.89278 
4.11439 6.84075 0.951057 2.10693 16.8199 2.15154 1.11536 5.09877 
7.09561 6.84075 2.44949 3.64933 6.75779 4.27895 2.68135 0.681626 
1.43324 5.21886 6.37802 9.94544 1.30656 3.06663 0.762871 0.524599 
1.44016 4.86209 1.88389 2.31183 4.30632 1.8235 1.46302 5.77878 
1.60541 2.55647 8.71942 2.34487 2.50954 2.55647 3.51257 5.03127 
2.74597 5.039 2.85543 2.834 5.74395 3.11386 4.37696 3.40369 
6.03438 1.82428 2.10693 1.82428 2.60726 3.11386 1.29267 9.55595 
0.707107 4.10854 1.43324 10.064 1.40833 1.60541 3.06663 12.3134 
2.31183 1.89021 0.985211 6.92155 4.52104 2.74597 4.21768 2.834 
9.94544 2.85543 1.26206 3.95016 1.89021 2.63561 1.96567 0 
4.52104 1.78004 2.60726 5.42369 6.84075 1.49891 7.492 3.10371 
0.476935 3.13031 1.44016 5.58198 16.0153 2.80614 0.430331 2.15154 
5.039 3.05511 4.97205 1.26206 6.75779 9.49604 0.788403 1.4838 
2.42369 4.86209 4.63885 3.10371 3.0769 5.42369 0.707107 0.781387 
1.19166 1.36413 2.63561 1.30656 3.89026 2.834 2.45689 0.992145 
1.36413 15.1688 9.49604 3.88581 4.18838 4.26367 2.5151 1.46302 
2.80614 8.55939 3.47325 5.40453 1.89445 6.10432 1.75082 8.55939 
2.68135 3.27746 6.03438 8.04668 3.94541 6.13969 0.681626 2.37134 
1.8235 6.20482 10.0312 1.03491 3.88581 6.84075 0.918695 1.20325 
2.45689 1.46302 4.62795 6.03438 2.56737 1.78004 6.26281 4.75809 
5.78722 2.10819 3.59815 0 2.30898 0 26.0843 6.28642 
2.80614 3.89026 2.15154 4.26367 1.14159 6.16203 6.21094 16.6723 
5.40453 7.05623 1.44016 4.62795 4.21768 0.709951 4.81797 7.16707 
0.985211 6.44949 1.84776 6.16203 7.62194 2.48051 2.42369 3.40369 
1.11536 1.48263 1.45584 1.65654 6.71689 10.5618 2.48069 4.75809 
1.60541 4.17871 2.5151 3.13031 2.5151 10.5618 1.14159 7.07898 
7.79803 3.94541 4.18135 3.67111 0.864761 2.60726 5.31352 4.26367 
0.982114 0.66341 6.75779 2.74597 3.16154 5.3149 3.53337 8.71942 
3.11386 3.60778 0.322431 5.8586 3.17779 2.99909 3.67111 4.44324 
1.19166 3.48993 6.8328 1.19166 7.19438 6.68353 3.47325 0.430331 
2.48069 1.86665 3.67111 6.75779 0.781387 7.16707 0 2.00079 
9.63146 4.63885 4.81797 1.20356 1.50375 0.788403 1.83152 2.25224 
4.86209 1.14159 2.16974 6.26281 0 2.10819 1.89021 7.492 
3.43295 0.762871 3.88581 5.72194 1.8235 2.68135 2.74597 4.37696 
3.61068 5.09877 3.61068 6.75779 2.76455 1.40833 0 0 
0 0 0 0 0 0 0 0 
0 0 0 0 0 0 0 0 
0 0 0 0 0 0 0 0 
0 0 0 0 0 0 0 0 
# LVDC U1 t0 parameters T0 Error 
0 0 0 0 0 0 0 0 
0 0 0 0 0 0 0 0 
0 0 0 0 0 0 0 0 
0 0 0 0 0 0 0 0 
0 0 0 0 0 0 0 0 
0 0 0 0 1.01835 1.90459 4.37696 0 
2.44949 1.90459 1.88389 8.41245 2.23357 3.53159 0 0 
4.27895 6.75779 11.4399 2.89278 6.10432 0 4.11439 0.707107 
0 4.37696 0 5.77878 1.8235 5.77878 8.41245 2.38483 
3.53159 4.18838 3.88581 4.11439 1.01835 1.30656 1.8235 0.985211 
3.11386 0 3.53159 2.48069 6.75779 2.89278 0.781387 5.72194 
3.43295 3.64933 1.01835 0.536656 4.63885 6.75779 2.834 10.5618 
0.951057 1.40833 8.41245 6.75779 6.10432 5.11081 1.40833 9.55595 
4.37696 1.01835 5.11081 3.06663 4.09101 6.75779 4.11439 4.18838 
0 1.44183 2.834 1.40833 0 0.707107 1.82428 1.01835 
2.68135 0.524599 0.982114 0 2.10819 1.50375 0.781387 2.834 
4.27895 1.89021 6.75779 11.4399 3.64933 0.982114 3.0075 4.63885 
3.17779 6.10432 3.11386 4.27895 2.15154 0.982114 3.11386 2.10693 
0 2.37134 5.65685 0.646128 0 13.3218 1.01835 1.97442 
3.64933 4.63885 8.47163 0 8.47163 0.681626 3.06663 2.834 
0 1.88389 0.707107 20.552 6.10432 1.8235 6.10432 8.47163 
13.3218 0.536656 3.06663 9.0729 1.8235 1.49071 14.7354 0.985211 
4.86209 8.71942 4.18838 2.834 1.48856 4.18838 1.8235 4.86209 
2.48069 3.13031 4.11439 0.951057 4.18838 0 1.48856 5.72194 
4.63885 3.88581 2.60726 0.778466 2.37134 0.707107 10.5618 3.51257 
0.982114 7.9576 5.039 0.781387 4.22958 3.88581 0.57735 0 
3.06663 0.681626 2.42369 0 1.26206 2.42369 1.90459 0.707107 
6.84075 5.11081 3.51257 9.55595 3.88581 1.29267 0 3.64933 
4.27895 8.41245 0 2.68135 3.17779 3.60778 5.39001 1.40833 
2.89278 1.46302 2.60726 2.60726 0.788403 3.95016 11.7132 1.30656 
2.31183 0.894427 4.60056 2.10819 0.788403 2.30479 3.06663 2.10819 
1.14159 7.9576 0.707107 0 0 3.61068 1.60694 4.60056 
12.6496 1.8235 1.75398 5.039 2.85543 2.85543 3.88581 8.71942 
5.77878 0.762871 3.53159 1.40833 0 5.72194 2.03933 0 
7.9576 6.13969 4.11439 1.43324 13.3218 5.21886 4.4952 2.03933 
5.53413 1.82428 7.9576 2.89278 5.77878 1.11536 2.10693 0 
3.47555 1.48856 2.48069 7.02947 0 0.681626 16.0153 4.11439 
10.064 0 5.77878 1.08766 1.82428 1.8235 3.88235 3.53159 
7.9576 3.0075 6.75779 0 0 0.536656 5.77878 7.02947 
1.90459 3.53159 4.27895 0.707107 2.89278 3.61068 0 0 
1.01835 0 0 0 0 0 0 0 
0 0 0 0 0 0 0 0 
0 0 0 0 0 0 0 0 
0 0 0 0 0 0 0 0 
0 0 0 0 0 0 0 0 
0 0 0 0 0 0 0 0 
# LVDC U2 t0 parameters T0 Error 
0 0 0 0 0 0 0 0 
0 0 0 0 0 0 0 0 
0 0 0 0 0 0 0 0 
0 0 0 0 0 0 0 0 
0 0 0 0 0 0 1.01835 1.49071 
5.65685 0 2.68135 6.75779 3.61068 2.76455 2.76455 1.01835 
4.4479 0 0.707107 0 0.536656 3.61068 0 2.23357 
0.536656 3.0075 2.68135 0 1.8235 2.68135 4.27895 0 
5.65685 3.43295 3.61068 1.01835 1.82428 2.76455 0 5.09877 
2.48069 11.4399 3.53159 9.55595 1.8235 1.88389 5.11081 2.23357 
7.02947 6.75779 3.06663 2.89278 0 7.66927 3.11386 2.68135 
7.66927 5.09877 1.08766 3.03895 0.918695 0.681626 10.064 5.11081 
7.09561 2.68135 1.11536 2.48069 3.53159 0 3.53159 5.53413 
4.37696 1.82428 3.06663 1.89021 1.88389 1.88389 5.77878 1.88389 
0 2.89278 2.44949 0 0 9.55595 1.89021 0 
3.06663 1.88389 7.09561 3.61068 2.89278 2.834 2.23357 6.10432 
1.49071 1.89021 1.09689 4.11439 0.681626 2.89278 2.23357 8.41245 
1.89021 1.49071 0.707107 5.11081 1.8235 0 4.27906 2.48069 
3.03895 1.48856 8.41245 5.11081 1.88389 1.89021 4.60056 4.60056 
8.39833 0.536656 1.8235 1.49071 0 3.13031 0.707107 5.65685 
7.66927 6.10432 2.31183 3.43295 6.10432 2.68135 0 8.71942 
5.11081 3.11386 12.6496 1.40833 5.09877 0 7.9576 3.64933 
6.75779 1.44016 3.11386 2.68135 0 10.5618 3.06663 2.63809 
1.30656 3.47555 7.09561 7.9576 4.37696 2.76455 5.21886 1.87467 
3.11386 3.51257 6.84075 3.11386 5.03127 4.27895 12.6496 0 
4.18838 4.27895 0 2.10693 1.89021 2.89278 3.06663 0 
3.47555 2.17162 2.34487 6.84075 1.43324 2.44949 3.11386 7.02947 
5.72194 0 0.707107 0 5.72194 5.53413 6.10432 6.84075 
2.15154 0.306186 6.13969 1.48856 1.43324 1.01835 2.48069 6.75779 
0.430331 6.37802 6.84075 1.30656 3.53159 14.7354 5.39001 1.11536 
5.39001 2.834 2.48069 3.64933 0.707107 1.44183 10.5618 0.536656 
4.11439 2.68135 5.21886 2.48069 1.30656 4.11439 6.75779 0.951057 
1.46302 0.646128 3.51257 3.13031 1.08766 1.89021 10.5618 8.47163 
5.21886 5.039 5.72194 1.90459 5.11081 1.48856 7.16707 1.01835 
1.89021 7.66927 2.834 9.41238 1.88389 1.48856 1.87467 1.43324 
2.10819 7.9576 2.63809 3.11386 1.40833 0 7.66927 1.83152 
1.89021 4.22958 4.58258 5.65685 1.29267 3.88235 2.89278 0.524599 
1.18297 6.84075 1.20325 4.60056 0.673892 7.09561 4.09101 1.75901 
3.06663 2.834 1.43324 4.11439 0 3.11386 5.11081 6.84075 
1.49071 2.15154 3.06663 3.53159 0.982114 1.30656 2.89278 2.48069 
4.27895 6.10432 3.11386 0 1.01835 0 5.65685 2.44949 
0 2.68135 4.27895 0 0 0 0 0 
0 0 0 0 0 0 0 0 
0 0 0 0 0 0 0 0 
0 0 0 0 0 0 0 0 
0 0 0 0 0 0 0 0 
# LVDC V1 t0 parameters T0 Error 
0 0 0 0 0 0 0 0 
0 0 0 0 0 0 0 0 
0 0 0 0 0 0 0 0 
0 0 0 0 0 0 0 0 
0 0 0 0 0 0 0 1.30656 
4.27895 1.30656 1.49071 2.89278 0 0 5.11081 2.10693 
2.76455 1.01835 0 4.27895 0 2.23357 0.536656 0 
1.49071 1.30656 1.01835 6.75779 6.75779 0.985211 1.40833 14.7354 
5.11081 0.707107 3.06663 2.68135 5.09877 4.65369 3.53159 3.11386 
0 14.7354 2.89278 0.430331 3.13031 0 1.08766 3.51257 
1.8235 4.18838 3.88235 3.51257 0 5.72194 3.64933 5.21886 
8.41245 0 5.65685 6.10432 0.951057 0 6.75779 0 
1.29267 6.75779 3.47555 0 1.49071 3.11386 0 4.27895 
1.29267 0 0 3.06663 0.951057 3.53159 3.47555 6.10432 
3.17779 0 5.72194 6.84075 1.88389 3.11386 3.06663 3.43295 
3.11386 1.30656 10.064 1.87467 0.781387 13.3218 5.11081 9.55595 
1.8235 2.10693 0 0 3.43295 5.39001 5.72194 6.05813 
1.43324 5.11081 0 2.23357 0.707107 7.9576 4.11439 3.51257 
6.10432 1.75398 3.53159 4.11439 2.56737 4.60056 1.89021 2.15154 
3.51257 0.681626 1.88389 4.86209 3.0075 0 0 0.781387 
2.34487 1.82428 4.27906 14.7354 4.18838 10.5618 11.4399 2.23357 
0.536656 3.11386 3.40369 0.918695 3.0075 9.94544 3.47555 7.492 
5.72194 1.11536 2.74597 2.10693 3.06663 1.60541 6.84075 2.48069 
1.89021 3.11386 2.76455 1.65246 2.37134 3.11386 2.74597 10.064 
6.84075 3.88581 3.11386 2.89278 5.03127 2.60726 9.0729 5.72194 
2.834 7.09561 0 3.0075 1.83152 4.86209 1.20325 1.09689 
7.09561 0.536656 1.82428 0.536656 14.7354 8.47163 1.43324 2.63809 
5.72194 2.80614 2.23357 7.02947 2.60726 1.88389 1.8235 2.10693 
4.60056 1.44016 0.430331 0.762871 7.9576 10.064 1.14159 0 
2.48069 7.494 8.71942 1.44016 3.0075 2.10693 7.9576 0 
2.37134 7.494 2.85543 0.985211 1.11536 1.43324 4.11439 3.40369 
2.80614 4.60056 6.84075 4.11439 5.03127 1.29267 7.66927 1.60541 
1.40833 1.46302 9.41238 1.44016 0 3.64933 1.40833 7.9576 
5.039 9.94544 0.762871 3.40369 9.55595 2.31183 4.21768 11.1703 
1.83152 2.42369 0 4.27895 3.51257 1.75082 2.48051 3.17779 
18.2842 1.60541 3.40369 3.51257 9.0729 0 4.11439 3.13031 
10.5618 6.13969 14.7354 1.29267 5.72194 2.15154 2.48069 1.09689 
0.982114 6.10432 3.88235 1.29267 3.53159 1.8235 3.88235 0 
1.75901 5.11081 0.430331 1.88389 1.11536 1.30656 5.09877 4.4479 
0 2.76455 1.49071 2.89278 0 0 0 0 
0 0 0 0 0 0 0 0 
0 0 0 0 0 0 0 0 
0 0 0 0 0 0 0 0 
0 0 0 0 0 0 0 0 
0 0 0 0 0 0 0 0 
0 0 0 0 0 0 0 0 
# LVDC V2 t0 parameters T0 Error 
0 0 0 0 0 0 0 0 
0 0 0 0 0 0 0 0 
0 0 0 0 0 0 0 0 
0 0 0 0 0 0 0 0 
0 1.30656 1.01835 0 0 1.88389 0.707107 6.75779 
1.30656 1.01835 1.90459 2.68135 0.707107 4.27895 2.44949 4.27895 
2.44949 0 0 4.11439 0 1.29267 1.90459 6.10432 
3.0075 1.01835 0 6.75779 2.44949 5.09877 0 4.27895 
0.982114 2.89278 3.64933 6.75779 1.88389 6.75779 2.68135 7.66927 
3.53159 5.09877 4.27895 1.88389 6.84075 6.84075 1.89021 0 
3.43295 1.89021 3.06663 1.8235 7.02947 3.51257 8.47163 2.23357 
0 2.48069 6.05813 6.10432 5.77878 1.90459 3.47555 4.11439 
0 0.781387 7.02947 1.30656 2.834 0.430331 2.68135 0 
0.951057 2.834 0 0.778466 4.11439 3.43295 0 3.06663 
2.48069 7.02947 2.74597 3.53159 0 9.55595 2.10693 8.39833 
5.11081 1.8235 1.89021 0.707107 3.88235 3.53159 3.53159 1.29267 
1.8235 0 11.4399 6.37802 7.09561 3.61068 4.11439 5.72194 
5.77878 2.44949 1.90459 4.11439 1.29267 6.05813 13.745 1.75398 
3.06663 8.41245 2.23357 4.27895 4.63885 5.09877 4.37696 3.06663 
3.47555 0 0.982114 0.951057 1.69678 1.94874 1.90459 0.985211 
1.90459 11.4399 14.7354 1.90459 4.11439 1.44016 1.30656 13.3606 
5.09877 2.37134 5.11081 5.11081 1.40833 5.09877 4.11439 1.90459 
1.40833 0 3.64933 2.15154 1.43324 5.65685 3.06663 5.11081 
3.0075 3.06663 2.10693 5.77878 2.68135 7.66927 2.48069 0.781387 
7.09561 1.8235 5.11081 3.47555 5.11081 5.09877 2.834 2.15154 
4.63885 4.11439 1.44016 1.87467 2.834 3.17779 7.492 0 
1.29267 1.75901 0.707107 1.75901 4.60056 3.61068 4.11439 0.430331 
6.26281 2.15154 1.75901 5.11081 7.66927 3.51257 4.86209 1.87467 
3.53159 0.430331 3.51257 0.918695 1.44183 3.60778 10.7388 4.37696 
0.524599 3.53159 2.74597 2.15154 0 1.88389 4.18838 1.87467 
5.11081 0 1.30656 2.80614 2.15154 4.86209 1.48856 5.03908 
0.951057 2.23357 4.60056 9.94544 7.492 1.89021 2.834 7.492 
6.10432 1.01835 1.40833 0.762871 3.10371 6.26281 0 1.30656 
1.29267 6.26281 1.48856 4.27906 0 5.78722 2.34487 1.87467 
4.37696 4.63885 1.30656 0 0 4.11439 3.13031 8.71942 
2.834 12.6496 9.55595 0 6.13969 2.68135 8.08462 1.76383 
2.10693 5.72194 4.60056 4.60056 2.30479 18.2842 5.21886 6.26281 
2.60726 3.64933 3.06663 13.3218 0.646128 0.985211 0.951057 1.29267 
5.09877 3.51257 3.43295 0 4.11439 5.65685 4.11439 7.66927 
6.10432 2.68135 3.53159 2.76455 1.01835 0.951057 0.536656 1.8235 
2.89278 2.44949 2.89278 4.37696 2.89278 1.88389 2.89278 0 
1.49071 0 0 0 0 0 0 0 
0 0 0 0 0 0 0 0 
0 0 0 0 0 0 0 0 
0 0 0 0 0 0 0 0 
0 0 0 0 0 0 0 0 
