# RVDC U1 t0 parameters T0 Error 
0 0 0 0 0 0 0 0 
0 0 0 0 0 0 0 0 
0 0 0 0 0 0 0 0 
0 0 0 0 0 0 0 0 
0 0 0 0 0 0 0.707107 2.76455 
10.064 2.76455 0 0 3.43295 2.68135 0 1.82428 
3.43295 7.02947 2.89278 1.40833 0.918695 8.39833 1.75398 4.11439 
3.11386 1.89021 1.44183 1.88389 2.48069 6.10432 7.02947 3.11386 
0.536656 10.5618 0.358162 3.11386 8.39833 3.10371 16.0153 0.798021 
6.13969 0.832122 2.15154 3.0769 9.80347 0.430331 11.4731 2.17162 
0 4.86209 0.982114 5.39001 1.48856 2.60726 4.0891 2.37134 
2.69349 2.37134 3.06663 1.43324 1.46302 0.992145 4.21768 0.985211 
2.10693 5.21886 4.37696 11.4728 2.42369 0.57735 12.3134 11.2999 
0.982114 16.0153 0 4.4952 10.7388 4.4952 4.09101 3.10371 
12.1596 5.65685 10.5618 1.60541 3.51257 3.11386 2.30479 2.44949 
8.08462 1.19166 3.51257 4.85492 4.60056 7.494 4.11439 5.4451 
3.10371 1.83152 2.34487 0.646128 0.482068 2.15154 6.88815 4.63885 
9.94544 2.60726 3.91233 2.44949 1.79085 6.84075 5.06933 0 
0.555581 3.27746 1.46302 5.039 2.89926 3.06663 1.67724 6.67685 
5.58198 2.31183 5.8586 1.44183 1.78548 6.26281 2.48051 1.43324 
1.03009 2.63561 4.4952 2.37134 0.982114 2.30479 4.52104 4.52104 
13.3887 1.87467 1.85383 0 1.03491 2.57881 1.65246 2.32685 
3.11386 1.43324 4.61793 4.11439 0.982114 6.75524 0.941945 1 
2.02914 0.982114 3.67111 0.992145 6.10432 5.53413 1.82428 0 
2.15154 2.834 1.46302 0.549342 3.27746 11.4399 4.11439 4.55077 
3.7852 1.83152 0.918695 2.13026 3.84662 20.8928 2.82505 1.79085 
7.494 6.44813 0.932422 1.44016 2.64182 5.21886 1.26206 8.55939 
3.43295 0 6.28642 11.3674 1.03009 3.51257 3.12289 6.6229 
1.61449 3.40369 2.82505 4.09101 18.5567 5.18416 7.492 3.63547 
3.47325 2.10819 1.90117 2.03933 8.08462 5.09877 0.918695 2.58199 
10.432 9.14667 8.04668 2.10819 7.31164 5.8586 2.37134 4.4952 
8.31021 3.48159 1.78548 9.41238 4.63885 5.8586 5.81656 7.21076 
4.58261 3.91233 1.5859 7.50291 1.78004 6.75524 2.82505 10.0312 
0 3.12289 1.10493 5.19746 2.63561 11.4728 5.5243 1.26206 
6.03438 1.90117 2.85412 0.985211 3.51257 3.61762 5.49047 10.0536 
1.38441 2.1472 2.85543 5.72194 3.95016 3.672 2.57881 3.14836 
1.89445 4.18838 8.17243 4.26367 6.28642 6.28642 1.82428 3.47325 
1.88389 4.4952 2.834 3.40369 1.43324 8.55939 8.41245 3.13031 
3.39411 0.707107 7.9576 1.90459 0.524599 1.60541 2.834 4.18838 
1.29267 1.30656 0 6.75779 0.707107 0.982114 2.68135 2.76455 
0 0 0 0 0 0 0 0 
0 0 0 0 0 0 0 0 
0 0 0 0 0 0 0 0 
0 0 0 0 0 0 0 0 
0 0 0 0 0 0 0 0 
0 0 0 0 0 0 0 0 
# RVDC U2 t0 parameters T0 Error 
0 0 0 0 0 0 0 0 
0 0 0 0 0 0 0 0 
0 0 0 0 0 0 0 0 
0 0 0 0 0 1.01835 1.88389 0 
0 0 1.01835 4.27895 1.89021 0 3.53159 4.27895 
1.90459 2.68135 6.75779 0 3.43295 0 1.29267 2.48069 
1.75901 4.37696 6.75779 5.77878 0 1.30656 4.27895 3.06663 
5.09877 0 5.11081 3.88235 7.66927 2.31183 5.72194 1.29267 
2.42369 0 6.84075 4.22958 1.87467 0 1.82428 8.47163 
1.29267 0.358162 2.60726 0.536656 4.4952 1.11536 4.63929 1.46302 
5.09877 1.82428 8.08462 1.8235 1.88105 18.2842 1.90459 0.951057 
0.951057 0 3.64933 1.43324 0 1.8235 4.60056 4.60056 
5.11081 3.88581 0.951057 3.59815 2.10693 1.09689 4.18838 5.03127 
5.03127 0 1.43324 0.788403 2.10819 0.707107 0.985211 14.755 
1.14159 0.681626 3.05511 0.781387 18.2842 11.1281 3.11386 9.19888 
2.85543 5.03908 5.42369 6.75779 10.1869 0.941945 16.0153 4.63885 
7.494 5.03908 1.8235 2.10693 5.03127 1.30656 0 5.03127 
3.60778 0.646128 9.07326 2.50954 12.0642 1.78004 1 8.08462 
3.13031 2.37134 2.17162 5.8586 7.494 9.19888 2.17162 0.866189 
1.46302 4.09101 7.6356 9.94544 1.60541 6.13969 3.56676 2.56737 
2.10819 9.94544 2.88347 1.45584 1.19166 4.62795 2.15154 2.03933 
14.3084 3.51257 12.0642 6.10432 2.15154 0.951057 5.8586 4.63885 
5.18416 2.63561 15.1688 3.63547 3.39411 3.89026 5.11081 4.09101 
4.18838 2.37134 0 5.58198 0.358162 4.85492 2.63561 7.492 
2.68135 1.88105 0.985211 1.88389 13.3887 1.26206 7.16707 1.11536 
5.4451 1.88105 11.4728 1.75959 7.62194 3.27746 6.10432 4.62795 
10.1869 5.53413 6.28642 5.39001 6.28642 7.07898 2.31183 3.95016 
3.67111 1.65246 3.18707 5.40453 12.0642 3.60778 6.67685 4.60056 
3.53159 8.63314 1.26206 3.47325 6.75524 4.18838 2.60726 1.11536 
2.64182 5.39001 3.17779 1.43324 5.39001 3.79645 1.65654 3.61762 
9.12564 3.7286 1.14159 1.87467 2.834 4.52104 11.3674 4.63885 
3.51257 1.29267 5.40453 2.48069 8.31021 4.75809 4.21768 2.99909 
3.11386 9.0729 1.60694 2.17162 1.75959 1.40833 1.18297 0.941945 
3.61762 11.4399 3.39411 5.77851 1.27682 1.53819 10.9534 6.8328 
1.89021 0.646128 4.26367 0.918695 3.11386 1.90117 9.14667 2.85543 
2.30898 1.43324 5.98963 1.64031 2.03933 2.13593 3.3368 1.69678 
2.834 11.0214 1.65246 1.44674 3.71691 2.56737 2.10819 6.16203 
9.49604 2.38483 1.79085 2.85543 6.67685 3.88581 2.834 4.4479 
2.34487 4.21768 11.4728 3.11386 0.681626 4.09101 1.48856 1.89021 
6.10432 2.31183 6.84075 1.20325 0.918695 3.06663 1.8235 2.48069 
8.71942 4.22958 3.11386 7.9576 2.834 9.55595 5.72194 5.09877 
2.48069 2.48069 0.951057 2.68135 1.88389 1.90459 1.30656 0 
0 0 0 0 0 0 0 0 
0 0 0 0 0 0 0 0 
0 0 0 0 0 0 0 0 
0 0 0 0 0 0 0 0 
# RVDC V1 t0 parameters T0 Error 
0 0 0 0 0 0 0 0 
0 0 0 0 0 0 0 0 
0 0 0 0 0 0 0 0 
0 0 0 0 0 0 0 0 
0 0 2.76455 0.707107 2.89278 4.27895 0 7.02947 
4.37696 0 6.75779 0.430331 3.43295 0 7.02947 0.951057 
6.10432 7.66927 0.951057 5.11081 0 1.49071 0.951057 5.11081 
0 4.27895 8.08515 4.63885 0.982114 4.11439 6.10432 1.83152 
1.89021 3.51257 8.41245 1.09689 2.10693 3.10371 3.51257 3.06663 
5.39001 3.06663 5.72194 3.10371 3.18049 5.72194 1.40833 4.37696 
9.0729 0.707107 5.39001 1.18297 2.15154 5.53413 2.44949 13.745 
8.92544 1.43324 7.494 2.17162 8.71942 10.064 1.43324 9.94544 
6.84075 1.30656 3.47555 5.72194 1.43324 3.18707 5.8586 3.10371 
1.40833 9.94544 4.86209 1.82428 9.0729 8.63314 2.31183 4.22958 
3.28 4.18838 1.75082 4.09101 5.039 4.63885 0.932422 0.491185 
9.41238 9.41238 6.20482 7.494 7.9576 11.4399 8.41245 3.39411 
5.72194 9.94544 4.63929 1.60694 1.60694 16.6723 5.58198 4.63885 
27.5674 2.42369 0.982114 3.88581 3.39411 5.039 7.66927 5.03127 
3.47555 4.22958 6.88815 4.18838 4.52104 3.06663 0.758317 3.17779 
3.47555 5.09877 2.42369 5.65685 3.63547 2.30479 2.27297 9.41238 
5.40453 3.0769 14.7354 5.18416 7.16707 2.1807 4.26367 5.72194 
2.59808 6.75524 1.48856 3.3368 6.68353 4.40367 3.91616 6.84075 
2.57881 8.04875 1.03009 2.3988 3.05511 2.63561 0.524599 2.37103 
2.58199 6.8328 1.50375 0.476935 1.75901 3.7852 1.11536 1.03009 
15.1688 5.72194 6.8328 5.039 4.85492 4.63885 2.10819 5.07645 
1.79085 2.15154 1.45584 0.778466 4.72159 3.18049 1.20356 0.430331 
3.39622 3.91616 4.4952 5.40161 5.74395 4.40367 3.67111 1.38441 
5.39001 0.423443 1.44016 1.77648 4.11439 1.44016 2.30898 4.85492 
13.3887 2.79043 5.45614 2.62149 2.68135 2.02914 5.8586 0.681626 
1.36413 8.47163 5.38458 8.56484 5.81656 0.863845 1.88389 7.09561 
7.66927 3.95016 0.236643 6.28642 1.57093 9.49604 8.55939 6.75524 
4.85492 4.21768 5.4451 1.75901 1.45584 2.1472 3.91616 7.70921 
7.62194 1.19166 6.67685 1.42953 2.32685 4.63885 3.15362 0.267078 
1.88105 16.7515 7.62194 3.61762 19.6338 4.63885 1.50375 3.0712 
2.74597 3.27746 5.49047 3.67111 3.89026 9.04036 0 5.72194 
0.420877 3.0712 6.8328 5.03127 0.778466 4.92278 6.12404 1.36413 
3.67111 4.62795 4.18135 4.63885 1.65246 1.79085 2.80614 6.75524 
0.524599 10.432 3.79645 7.16707 10.064 1.22474 6.37802 3.0075 
0.941945 7.66927 6.75779 2.44949 3.17779 1.43324 0.536656 1.29267 
0.781387 1.8235 3.0075 2.44949 3.53159 1.82428 4.27895 0 
0 0 0 0 0 0 0 0 
0 0 0 0 0 0 0 0 
0 0 0 0 0 0 0 0 
0 0 0 0 0 0 0 0 
0 0 0 0 0 0 0 0 
0 0 0 0 0 0 0 0 
# RVDC V2 t0 parameters T0 Error 
0 0 0 0 0 0 0 0 
0 0 0 0 0 0 0 0 
0 0 0 0 0 0 0 0 
0 1.90459 2.76455 0 0.707107 4.27895 4.27895 1.8235 
0 3.56009 0.707107 5.09877 3.53159 5.65685 1.44016 3.43295 
3.06663 5.77878 1.89021 1.8235 2.44949 6.75779 3.43295 3.06663 
0 7.66927 1.49071 10.5618 4.11439 0.707107 1.44016 3.13031 
1.8235 4.37696 1.82428 3.06663 14.7354 2.48069 2.76455 11.4399 
3.88235 3.43295 1.46302 1.01835 1.30656 0.430331 0.358162 0 
1.46302 4.18838 4.86209 0 9.55595 8.08515 1.08766 0.951057 
2.76455 4.11439 6.26281 6.67685 2.64182 9.55595 0 1.46302 
2.76455 3.53159 1.8235 2.85543 3.39411 1.75082 4.18838 9.0729 
6.20482 8.71942 1.03491 3.51257 2.80614 3.0075 3.47555 5.03908 
1.8235 1.87467 7.09561 2.03933 1.46302 3.67111 3.03895 8.41245 
2.48069 4.26367 4.52104 4.11439 2.32685 0.353553 2.60726 1.11536 
4.27895 3.56676 5.11081 0 1.75398 0 12.6496 3.13031 
8.08462 0 18.2842 1.30656 0.781387 9.41238 5.039 3.06663 
2.34487 5.39001 11.4399 4.63885 2.834 0.536656 1.22474 2.85543 
5.40453 0.762871 3.47325 4.21768 2.37134 5.03127 0 0.707107 
8.04668 7.9576 3.95016 1.82428 8.04668 5.40453 9.94544 13.3887 
2.60726 4.26367 3.47325 3.13031 3.91616 2.63809 2.48069 1.48856 
5.11081 4.80288 2.834 9.80347 6.75524 4.62795 1.78004 8.55939 
5.38458 5.74395 2.15154 1.345 2.48051 8.92544 2.10819 1.89021 
1.75082 3.63547 8.08462 3.05511 0.866189 4.26367 1 0.985211 
2.10819 1.26206 6.84075 0.622543 0.982114 3.18713 1.27323 3.13031 
0.302707 16.0153 2.31183 11.1703 7.494 4.52104 0.420877 6.67685 
11.4728 2.56737 5.03908 5.039 1.72765 1.79085 1.08766 3.88581 
2.03933 3.43692 3.05511 2.48069 2.80614 1.79085 12.1596 2.63561 
3.45443 3.13031 8.08462 2.64944 1.23469 5.77851 3.39411 2.30479 
4.17871 2.64182 1.60541 0.778466 0.778466 5.4451 1.44674 0.781387 
2.60726 1.14159 3.0075 2.82505 3.672 1.50375 4.12813 7.66927 
6.66538 16.8199 6.28642 8.47163 14.3084 2.31183 12.891 2.10693 
10.0536 1.65246 5.72194 4.85492 2.30479 5.53413 10.6809 4.63885 
6.26281 10.1869 1.14159 5.5243 5.9716 6.88815 6.03438 2.59808 
9.80347 1.88389 5.4451 0.536656 1.94912 0 1.345 4.09101 
4.22958 1.18297 0.45987 1.14159 1.49295 2.17162 3.7286 1.83152 
0 5.58198 4.55077 1.44674 16.8199 6.44813 4.60056 1.87467 
1.89445 4.63885 5.81656 4.85492 2.63561 4.51633 14.2876 2.03933 
1.75959 4.09101 3.88581 7.494 4.26367 4.22958 0 1.43324 
0 2.50954 2.23357 3.51257 2.10819 2.10819 1.29267 10.5618 
3.13031 2.834 14.7354 0.707107 3.11386 7.66927 2.31183 3.43295 
2.68135 0 1.90459 1.30656 0 4.27895 0 0 
0 0 0 0 0 0 0 0 
0 0 0 0 0 0 0 0 
0 0 0 0 0 0 0 0 
0 0 0 0 0 0 0 0 
# LVDC U1 t0 parameters T0 Error 
0 0 0 0 0 0 0 0 
0 0 0 0 0 0 0 0 
0 0 0 0 0 0 0 0 
0 0 0 0 0 0 0 0 
0 0 0 0 0 0 0 0 
0 0 0 1.30656 0 2.76455 1.88389 3.43295 
2.76455 3.61068 2.89278 0.951057 5.09877 3.43295 0.985211 0.707107 
0 2.89278 3.64933 0 1.88389 5.09877 2.48069 1.49071 
1.8235 8.41245 0 1.82428 5.11081 0.951057 0 0 
3.88235 1.01835 5.11081 0 4.27895 3.0075 5.72194 1.01835 
2.68135 1.88389 4.37696 0.536656 3.51257 10.5618 1.75398 6.75779 
4.27895 0.681626 7.66927 7.66927 5.09877 1.49071 7.66927 4.4479 
7.66927 3.0075 2.23357 3.53159 1.8235 1.01835 2.834 3.47555 
4.37696 3.06663 5.11081 1.69678 0 0 1.30656 0 
1.01835 0 4.18838 0 5.21886 2.48069 0.536656 3.53159 
0.982114 5.65685 0.951057 1.40833 13.3606 0.951057 6.84075 3.53159 
3.56009 1.30656 1.29267 1.88389 5.21886 0.707107 5.21886 0.646128 
8.39833 9.55595 4.86209 3.53159 7.66927 1.29267 1.30656 0.524599 
3.11386 7.09561 4.36042 1.46302 1.75398 0 5.77878 1.08766 
3.53159 0 0.982114 3.53159 0 1.29267 1.29267 6.10432 
1.11536 5.72194 5.65685 0.982114 2.34487 3.64933 1.90459 0 
3.11386 8.39833 2.10693 3.10371 6.75779 6.84075 2.48069 1.01835 
4.18838 0.536656 5.65685 7.492 14.7354 3.51257 2.834 7.492 
1.29267 2.68135 2.34487 6.84075 5.53413 2.68135 1.46302 5.72194 
11.1281 1.09689 4.27895 8.41245 4.37696 4.18838 3.10371 6.89532 
4.11439 0.985211 0.832122 3.59815 6.75779 8.41245 0 3.53159 
5.39001 2.68135 5.11081 1.43324 8.71942 3.06663 3.47555 1.88389 
3.56009 6.26281 11.4399 2.74597 2.48069 11.4399 13.745 2.834 
0.653281 1 0.781387 1.75398 3.51257 12.6496 4.18838 1.20325 
2.38483 2.10693 4.86209 2.68135 3.51257 1.11536 0.707107 2.48069 
6.13969 1.65246 5.21886 1.44016 4.11439 11.1703 5.03908 4.11439 
0.707107 2.37134 2.76455 4.63929 1.44016 0 7.66927 1.69678 
1.44183 2.05427 0.985211 13.745 2.89278 7.492 2.89278 2.15154 
8.41245 3.56009 0 2.23357 2.44949 1.29267 7.09561 4.18838 
0.57735 4.60056 2.68135 0 1.01835 5.11081 0.781387 7.492 
7.6356 2.60726 1.65246 3.11386 1.75901 0.306186 3.10371 6.26281 
8.04668 0 2.68135 6.10432 3.53159 4.11439 4.60056 5.42369 
1.40833 8.47163 0.524599 5.11081 1.43324 10.5618 6.75779 4.60056 
0.681626 0 1.40833 6.75779 1.30656 3.53159 5.65685 0 
2.76455 0 3.61068 3.53159 0 1.30656 4.27895 1.49071 
0 0 1.49071 0 0 0 0 0 
0 0 0 0 0 0 0 0 
0 0 0 0 0 0 0 0 
0 0 0 0 0 0 0 0 
0 0 0 0 0 0 0 0 
0 0 0 0 0 0 0 0 
# LVDC U2 t0 parameters T0 Error 
0 0 0 0 0 0 0 0 
0 0 0 0 0 0 0 0 
0 0 0 0 0 0 0 0 
0 0 0 0 0 0 0 0 
0 0 0 0 0 2.44949 0 3.61068 
1.90459 1.01835 0 2.44949 1.82428 4.27895 0 0 
0.707107 1.90459 0.982114 0 0 0.707107 7.02947 4.27895 
0.707107 0 1.40833 0.951057 7.02947 1.40833 0.707107 6.75779 
6.75779 2.10693 6.75779 0 2.44949 2.834 3.11386 1.30656 
7.66927 2.48069 6.75779 4.37696 6.84075 0 5.65685 1.8235 
2.48069 5.65685 0 1.11536 6.75779 1.49071 2.23357 1.89021 
5.65685 12.6496 2.68135 4.27895 1.01835 0.951057 7.9576 1.29267 
0 2.10693 6.84075 0 0 4.4479 11.4399 2.76455 
8.41245 0 2.76455 3.53159 0.707107 3.06663 5.77878 2.44949 
0 1.49071 2.89278 5.11081 6.75779 2.44949 3.53159 3.11386 
7.02947 11.4399 3.06663 4.60056 1.82428 0 3.53159 3.06663 
0 4.11439 10.064 0 5.65685 1.30656 6.75779 0.781387 
8.41245 3.0075 7.66927 2.89278 11.4399 1.44183 2.10693 1.40833 
3.47555 2.48069 10.5618 2.10693 7.09561 3.53159 2.74597 0 
5.77878 0.524599 1.30656 2.76455 6.10432 2.44949 0 0.762871 
2.68135 4.11439 6.75779 7.02947 1.40833 2.834 1.89021 7.02947 
5.77878 2.68135 0.982114 1.29267 2.76455 1.88389 3.47555 8.39833 
0 1.29267 4.11439 8.71942 0 0.681626 12.6496 10.5618 
11.4399 3.11386 1.49071 8.47163 4.27895 1.89021 3.11386 0.646128 
3.11386 5.65685 0.951057 0.681626 0.781387 2.834 2.89278 5.77878 
1.89021 7.492 1.88389 3.64933 3.51257 8.41245 3.53159 8.71942 
4.11439 4.18838 3.51257 7.66927 1.43324 6.84075 0 7.66927 
1.44183 7.02947 14.7354 1.44016 2.48069 5.03908 5.77878 2.60726 
7.9576 3.51257 1.48856 1.01835 3.47555 5.11081 2.76455 2.57881 
2.15154 4.22958 1.8235 1.8235 11.4731 0 1.75398 0 
8.47163 1.01835 1.60541 3.79645 6.84075 3.43295 3.06663 3.43295 
7.09561 5.11081 0 4.18838 0.681626 3.51257 4.86209 2.50954 
1.29267 2.834 6.26281 5.09877 16.0153 1.27682 9.55595 10.7388 
8.47163 3.11386 4.11439 3.88235 18.2842 1.89021 1.88389 1.87467 
3.11386 13.3218 2.48069 3.0075 8.08462 9.55595 5.11081 5.03127 
3.88235 0.45987 2.10693 1.88389 1.89021 0 1.75901 7.66927 
3.51257 0.941945 3.40369 1.29267 6.84075 6.84075 2.834 0 
4.60056 3.53159 2.31183 12.6496 0 10.064 1.87467 6.84075 
2.07356 3.13031 0 7.66927 0 3.47555 0 8.41245 
1.89021 3.64933 4.37696 0.951057 4.11439 2.89278 0 2.07356 
1.8235 1.01835 3.0075 0 0 1.49071 3.43295 2.44949 
1.90459 1.88389 0 0 0 0 0 0 
0 0 0 0 0 0 0 0 
0 0 0 0 0 0 0 0 
0 0 0 0 0 0 0 0 
0 0 0 0 0 0 0 0 
# LVDC V1 t0 parameters T0 Error 
0 0 0 0 0 0 0 0 
0 0 0 0 0 0 0 0 
0 0 0 0 0 0 0 0 
0 0 0 0 0 0 0 0 
0 0 0 0 0 0 0 0 
0 4.27895 0 1.90459 3.61068 0 2.89278 1.82428 
1.49071 1.08766 3.53159 5.65685 0 2.44949 1.49071 3.53159 
0 3.43295 5.09877 0 5.65685 0.707107 0.681626 6.05813 
6.75779 0 1.8235 5.11081 5.09877 3.64933 2.44949 3.53159 
4.27895 6.10432 8.41245 0 0 2.07356 2.44949 1.89021 
3.06663 3.11386 3.61068 14.7354 3.88235 3.11386 0 4.63885 
0 0 2.44949 3.88581 2.10693 0 0 0 
3.0075 0.951057 4.86209 1.11536 5.09877 0.982114 3.53159 0.918695 
4.37696 0.524599 1.75901 0 0.430331 1.90459 3.51257 3.0075 
3.64933 14.7354 1.8235 0.536656 1.01835 3.10371 3.43295 9.55595 
3.11386 1.82428 8.41245 4.11439 3.06663 0 0.707107 3.06663 
3.53159 2.15154 0 2.68135 1.88389 6.10432 0.985211 9.55595 
1.11536 4.60056 1.90459 2.10693 7.09561 3.64933 1.8235 4.11439 
0 2.07356 13.3218 5.11081 12.6496 2.44949 1.40833 6.84075 
0 12.6496 1.8235 2.834 4.37696 8.41245 4.18838 1.08766 
4.11439 1.89021 3.47555 0.982114 12.6496 1.44016 5.039 7.9576 
0.781387 2.68135 16.0153 1.18297 1.01835 7.494 3.64933 4.63885 
5.53413 5.11081 6.84075 0.985211 6.28642 2.10693 1.11536 3.17779 
0.762871 2.63809 0.781387 3.88581 1.46302 6.75779 1.8235 7.9576 
8.71942 0.985211 0 3.95016 7.9576 2.15154 8.47163 1.49071 
4.18838 1.49071 2.31183 2.68135 3.06663 2.834 1.43324 9.19888 
0 7.09561 2.63809 5.72194 1.09689 9.94544 14.7354 1.46302 
0 14.755 3.06663 1.29267 2.10693 0 5.39001 2.03933 
1.44016 4.63885 5.03908 3.47555 2.15154 11.4399 3.47555 4.11439 
2.23357 1.46302 2.44949 3.88581 3.88581 4.11439 11.4399 7.492 
3.13031 2.834 3.47555 3.88581 2.48069 14.7354 1.89021 18.2958 
3.64933 0.832122 4.37696 1.87467 2.10693 3.11386 0.985211 7.66927 
7.09561 0 6.75779 0.707107 5.8586 0.536656 8.08462 1.8235 
5.72194 6.13969 0 1.82428 2.55647 0.622543 6.26281 5.11081 
10.7388 3.59815 3.06663 1.60541 1.46302 1.90459 2.85543 3.64933 
0 0.681626 2.48069 1.43324 3.88581 1.43324 22.0715 2.68135 
3.18707 1.40833 1.40833 3.53159 3.11386 3.79645 2.68135 0 
5.72194 0 5.72194 0 3.64933 3.43295 4.27895 11.4399 
5.11081 5.65685 1.8235 1.30656 1.82428 0 2.76455 1.49071 
3.43295 2.76455 1.30656 0 2.89278 0 0 0 
0 0 0 0 0 0 0 0 
0 0 0 0 0 0 0 0 
0 0 0 0 0 0 0 0 
0 0 0 0 0 0 0 0 
0 0 0 0 0 0 0 0 
0 0 0 0 0 0 0 0 
# LVDC V2 t0 parameters T0 Error 
0 0 0 0 0 0 0 0 
0 0 0 0 0 0 0 0 
0 0 0 0 0 0 0 0 
0 0 0 0 0 0 0 0 
0 1.01835 1.88389 1.01835 2.89278 1.90459 1.88389 0 
0 0 4.27895 2.89278 1.30656 2.44949 0.982114 2.23357 
1.30656 1.90459 5.77878 3.43295 2.76455 0 5.65685 0 
0 1.75398 4.27895 0.951057 4.4479 6.26281 4.37696 2.68135 
0.707107 3.53159 1.30656 0.536656 2.68135 3.0075 5.65685 1.75398 
0 6.10432 0 6.84075 3.43295 1.8235 5.21886 1.89021 
0.951057 3.06663 1.8235 0 1.89021 9.55595 7.66927 3.64933 
0 1.30656 0 1.40833 2.68135 1.49071 0.536656 0.707107 
3.64933 6.75779 7.09561 5.21886 0.951057 6.10432 1.01835 5.77878 
7.02947 4.27895 8.41245 6.75779 6.75779 0.536656 6.75779 1.46302 
5.21886 2.48069 5.65685 2.23357 2.23357 2.23357 3.11386 1.8235 
0 3.11386 2.23357 0 2.31183 1.89021 8.41245 3.60778 
6.10432 1.89021 5.11081 0.524599 5.21886 2.68135 0 1.88389 
5.77878 2.834 5.77878 0.707107 5.72194 2.84572 3.43295 0.982114 
1.89021 1.01835 8.47163 4.4479 4.37696 1.8235 0.982114 1.90459 
2.17162 5.72194 2.10693 3.13031 3.03895 4.11439 2.834 1.8235 
0.524599 1.82428 3.0075 2.834 6.92155 4.18838 1.14159 1.40833 
2.48069 0.781387 0 3.06663 0 3.11386 0 2.834 
4.11439 9.55595 1.40833 2.48069 1.29267 1.82428 4.22958 3.11386 
0 4.27895 1.40833 1.29267 1.40833 5.77878 3.43295 1.97442 
1.29267 1.90459 1.29267 4.18838 3.11386 5.11081 4.11439 0 
2.31183 14.7354 7.9576 10.5618 0.985211 10.5618 0 1.8235 
3.60778 5.09877 1.89021 2.48069 1.49071 2.17162 1.88389 10.5618 
1.88389 1.42953 1.75901 2.68135 0.951057 1.8235 7.9576 0 
5.11081 9.55595 4.27895 3.53159 4.60056 2.60726 12.6496 1.90459 
10.5618 3.47555 2.15154 5.09877 0 8.41245 5.65685 4.22958 
4.11439 10.5618 2.68135 5.21886 1.87467 5.77878 6.26281 4.18838 
0.358162 6.05813 0 3.11386 1.60541 0 4.46351 2.15154 
6.88815 4.60056 12.6496 9.55595 2.834 2.56737 4.63885 3.51257 
2.15154 3.64933 3.47555 5.53413 3.51257 0.536656 0.985211 1.30656 
2.15154 0.430331 4.27895 0.982114 2.30479 1.60541 1.5881 2.10693 
6.26281 7.9576 2.37134 3.61068 5.72194 1.01835 5.77878 0.781387 
0.788403 4.37696 3.53159 5.03127 4.10854 1.42953 2.15154 0.985211 
2.34487 1.82428 9.55595 1.30656 2.834 1.83152 0 0 
2.38483 2.31183 2.68135 8.71942 7.66927 3.88581 2.76455 5.65685 
1.90459 3.43295 0 9.55595 0 8.41245 3.64933 1.49071 
0 4.27895 0.707107 5.65685 2.89278 0 0 2.89278 
0 0 0 0 0 0 0 0 
0 0 0 0 0 0 0 0 
0 0 0 0 0 0 0 0 
0 0 0 0 0 0 0 0 
0 0 0 0 0 0 0 0 
