# RVDC U1 t0 parameters T0 Error 
0 0 0 0 0 0 0 0 
0 0 0 0 0 0 0 0 
0 0 0 0 0 0 0 0 
0 0 0 0 0 2.89278 1.01835 1.8235 
1.49071 5.65685 2.68135 1.44016 3.06663 6.75779 3.11386 7.492 
2.31183 1.46302 3.3368 6.6229 1.29267 2.82505 1.38441 0.985211 
11.4731 1.32886 6.20482 1.00082 2.18456 1.94912 3.95016 3.11386 
3.95016 2.94696 4.11694 1.78004 3.85149 2.77293 4.94811 1.91212 
8.84374 2.51586 3.08671 1.81037 2.99909 1.73205 2.66021 8.31021 
4.4952 1.76722 9.50897 1.91487 7.16707 5.61989 1.12934 3.31714 
3.99505 2.66139 5.81656 0.923293 2.97965 2.22334 2.01264 2.56424 
4.40367 3.08474 2.07311 4.93142 6.0515 1.41068 2.69637 4.15912 
5.02247 10.4703 2.69637 5.89981 3.65323 1.67648 4.30041 2.31183 
1.77734 6.46697 1.90117 2.12373 4.49117 10.539 13.49 4.86811 
3.52618 3.47701 3.6796 13.8566 4.89218 11.6391 3.77075 1.15991 
7.05507 8.26182 6.82875 9.62787 5.79237 1.21557 7.41154 2.8806 
5.59209 5.29441 1.5859 0.782886 1.62035 6.8328 5.4389 3.70009 
3.45206 3.15362 1.1262 1.7116 1.4824 3.3143 2.94124 1.21656 
5.97804 1.92344 2.46477 2.5317 3.35388 3.48005 2.57032 3.64789 
3.70895 4.50819 3.56367 5.14133 6.8695 3.9899 2.41315 4.766 
6.9497 1.95124 5.00675 5.98726 3.59002 10.4853 1.65246 8.34741 
6.62858 3.73106 3.99505 2.69047 3.02716 4.51633 3.76165 2.3321 
4.62373 1.83566 8.3518 5.25923 7.00675 6.93845 5.78245 2.28787 
3.00627 3.02066 4.35347 0.663259 1.345 6.57766 6.45768 2.40217 
5.15097 3.96626 5.0535 1.07728 1.84524 7.24818 3.00599 3.71471 
4.29061 3.02638 3.68726 1.92842 1.61848 16.0173 6.42673 2.82955 
2.03773 4.1994 4.04293 2.3096 7.5955 7.09172 7.70721 7.32481 
7.32872 7.50607 0.839675 4.36782 2.13289 1.85624 5.12469 8.89654 
3.38576 3.26663 3.04177 9.58377 3.23188 4.6322 7.48736 17.8326 
3.45852 6.31858 6.49555 4.40275 2.08205 12.1704 1.53382 5.23096 
10.2683 5.14133 5.56133 5.4389 1.98639 2.95107 6.13062 3.31714 
4.23466 8.55088 6.32189 6.1389 6.63222 3.08671 4.71568 16.4608 
5.51253 1.96886 1.87325 2.17848 12.6786 5.62639 8.10218 3.33261 
5.56617 4.3833 1.81764 3.46193 5.23745 4.84816 3.81805 3.9899 
9.21245 2.80694 2.04957 10.9354 3.26526 11.828 8.79521 6.98484 
2.36524 2.98978 3.56975 5.6617 6.63222 8.53584 0.922522 2.58104 
8.63061 1.20738 2.74647 8.4753 2.86245 10.3894 1.48583 2.30113 
5.27676 6.40149 1.033 6.90305 10.8346 8.48451 11.091 2.83493 
2.97965 5.12033 3.82114 2.53403 2.23677 5.31011 12.6196 3.672 
13.1984 2.00079 5.5243 5.4451 0.524599 5.8586 1.40833 5.03127 
4.11439 4.11439 2.84572 10.064 0.681626 2.31183 1.49071 5.65685 
0 1.01835 0 0 0 0 0 0 
0 0 0 0 0 0 0 0 
0 0 0 0 0 0 0 0 
0 0 0 0 0 0 0 0 
0 0 0 0 0 0 0 0 
# RVDC U2 t0 parameters T0 Error 
0 0 0 0 0 0 0 0 
0 0 0 0 0 0 0 0 
0 0 0 1.90459 0 0 1.90459 7.66927 
1.82428 4.37696 1.11536 1.75398 4.63885 4.21768 5.72194 9.94544 
3.10371 6.88815 0.941945 5.81656 6.05813 2.57881 3.48993 0.549342 
10.0312 7.86333 4.17871 15.7251 0.681626 4.14433 4.92278 1.53819 
2.73751 3.33756 3.61762 3.7286 6.66538 1.4838 2.89926 6.81821 
4.14433 3.06663 10.0045 9.78855 2.55726 2.86825 7.97453 4.93142 
2.08156 6.49005 4.92278 3.89009 5.77311 2.30898 10.1182 2.0166 
0.97182 7.17607 3.12289 3.93245 2.25094 1.55123 5.25923 0.400766 
4.49336 2.23159 5.36898 2.68659 0.972754 4.52477 5.91323 4.78551 
6.72721 3.18754 3.01762 12.1872 9.58454 7.00675 0.6641 6.03531 
2.83029 3.12406 9.70732 8.84374 4.08281 3.29685 2.48489 10.7241 
7.8705 9.39434 2.06522 2.74594 9.43273 3.3277 10.9601 4.51368 
13.8881 3.36301 8.90705 1.26431 3.92363 3.08275 3.65323 3.2983 
8.22053 2.07311 9.35441 1.86223 3.16173 9.69501 3.3368 2.84572 
0.957388 3.24823 3.71917 3.48757 2.74594 7.38956 10.5372 1.74213 
8.26182 5.99049 5.76991 2.77492 2.93106 4.19075 4.52956 2.02914 
8.36624 9.54043 4.91517 6.976 2.58736 10.802 3.28467 8.8832 
10.4015 5.59209 3.4973 1.07728 1.23166 6.71488 3.44893 3.89009 
5.034 6.976 2.56276 3.12342 13.059 4.18135 3.28838 5.16179 
2.11975 2.30538 4.36148 11.914 1.68527 2.75152 1.80132 1.7104 
2.90766 5.40385 2.55726 5.68903 7.55779 3.25535 4.20981 4.15231 
10.5426 5.39724 2.35173 9.33976 4.54229 2.58736 5.46661 6.50129 
3.32111 13.91 17.5715 1.57694 5.4389 4.33947 3.35442 2.64944 
9.03963 5.67387 17.0609 4.99292 8.21242 7.55247 5.90567 2.03492 
2.68659 3.73106 5.58019 3.20334 2.09121 3.53233 7.66853 0.78591 
8.48595 5.03575 5.30412 8.03549 5.92517 1.89172 1.19653 1.68784 
4.88516 9.55336 20.739 1.33066 5.68788 3.55211 12.6656 5.01268 
3.20334 4.02407 8.54282 6.17521 1.81728 6.4099 6.20288 23.2489 
3.11077 2.51172 2.1472 1.65795 10.2703 6.67148 8.70953 7.33971 
8.74911 5.4389 2.25795 1.89446 4.16165 3.79087 3.11187 2.22166 
5.34208 5.12469 1.08152 3.56367 11.6886 1.43906 1.00523 5.50431 
2.13984 3.21137 6.77854 4.3298 4.3833 5.12683 2.85872 2.57032 
1.49295 2.93844 7.33971 2.12598 5.00649 3.46592 5.25923 12.5747 
4.41493 2.53403 7.0189 2.30398 8.74911 15.7453 8.86029 5.49537 
4.44671 12.3122 4.41615 1.07082 4.49573 6.35851 3.22569 5.41003 
1.79962 2.20453 1.91491 1.92559 2.08057 6.4621 2.47343 6.45917 
2.86846 5.50548 6.82526 3.59002 3.20557 9.55623 2.05428 1.26116 
1.12118 0.895146 2.77293 3.20557 2.45389 5.82302 5.40161 5.45614 
22.129 2.46761 6.51831 0.781046 7.68035 3.51364 5.7016 0.57735 
3.71691 4.85492 2.00079 3.46924 1.65654 2.68135 3.06663 1.88389 
8.47163 10.064 6.10432 2.89278 0.707107 4.37696 4.27895 0 
1.88389 0 0 0 0 0 0 0 
0 0 0 0 0 0 0 0 
0 0 0 0 0 0 0 0 
# RVDC V1 t0 parameters T0 Error 
0 0 0 0 0 0 0 0 
0 0 0 0 0 0 0 0 
0 0 0 0 0 0 0 0 
0 2.76455 2.76455 1.30656 0 2.89278 1.90459 3.0075 
4.11439 2.68135 1.46302 3.51257 2.68135 13.0978 7.9576 7.21119 
1.14159 5.87985 4.81797 7.70921 4.51633 1.04737 13.2366 8.92544 
5.0455 2.07837 1.77648 1.03491 14.0512 3.85149 5.35286 5.58198 
1.62259 4.44324 4.35905 1.43324 2.1741 4.93142 2.8003 1.48583 
3.27746 1.18297 6.35851 3.51364 0.764941 3.20334 3.91233 2.94696 
6.19649 6.39372 0.719898 6.3491 2.30898 2.29378 3.88477 0.985211 
5.65729 11.479 4.61099 5.1479 2.25671 1.3618 5.81656 10.5426 
3.44399 3.51172 7.93181 2.63561 2.68274 1.69184 5.0455 10.9924 
1.57694 0.798021 3.93245 2.4013 5.36898 5.14515 6.94445 7.62561 
5.87988 6.94445 5.17542 10.5047 3.7931 2.88268 6.71689 4.03837 
1.57694 2.95732 4.34702 7.17607 0.482068 3.07018 2.51181 2.83258 
7.38956 1.37432 6.98478 5.06798 8.04229 18.2773 7.79067 3.22569 
2.27297 9.8365 2.22334 8.78979 4.36148 1.49058 5.92517 1.24492 
5.93382 1.83784 12.5038 3.7361 8.35984 8.78979 0.608581 1.95511 
7.88891 3.9576 1.87425 8.7626 3.61101 3.16173 3.35315 3.74947 
4.08281 1.77734 5.38515 4.20981 1.86236 3.01126 11.091 1.80496 
1.50614 1.34023 1.89445 2.15708 4.00788 7.34607 6.02998 3.14836 
7.40854 5.36898 14.9453 4.52102 4.88516 2.05427 6.47885 4.0131 
1.46993 8.78779 6.95555 1.80062 3.22569 8.54282 8.22053 10.7247 
2.17225 10.2261 5.91323 4.60327 6.11767 4.55155 6.77477 2.86969 
1.03177 2.06903 5.50165 3.39622 2.36524 1.231 11.1168 6.48537 
2.66021 13.5341 3.73106 6.4173 6.47885 7.99297 6.77477 2.69254 
3.22838 2.32691 2.46836 4.15383 3.11011 9.96185 2.1457 7.24285 
3.98764 3.14443 4.99292 2.01264 2.79424 3.4688 2.85702 4.20533 
5.06798 8.42884 3.84848 9.2816 8.81217 2.35318 4.90939 2.38562 
3.3113 2.40145 4.40275 10.7247 9.20734 4.3833 0.64777 4.09945 
0.606445 9.71937 5.30264 3.16692 2.64914 4.5426 4.79864 2.58199 
3.97623 2.27077 19.6942 0.985385 3.07221 1.31864 12.735 10.7011 
9.49544 3.35008 7.40481 6.26834 10.7177 2.4351 8.91493 3.55352 
2.8142 2.32685 12.4094 6.00842 1.91487 3.51868 3.65759 4.17983 
1.54641 1.78968 6.4519 0.796206 11.1101 1.65455 4.13426 5.18541 
13.9389 6.40003 2.15795 0.727738 4.7216 1.8219 3.51868 8.29259 
2.38562 2.28129 3.44893 3.96206 2.86846 6.10956 1.53363 3.7361 
6.8695 4.51368 6.51831 4.33464 1.65246 5.45434 1.57093 3.71691 
2.4013 7.53691 0.567015 1.64031 4.92203 4.66831 1.03009 5.15553 
2.45689 3.27746 1.78004 4.75809 8.04668 4.62795 5.40453 3.53159 
2.15154 1.60541 2.68135 0 3.11386 0 0.951057 1.88389 
3.43295 0 2.76455 0 0 0 0 0 
0 0 0 0 0 0 0 0 
0 0 0 0 0 0 0 0 
0 0 0 0 0 0 0 0 
0 0 0 0 0 0 0 0 
# RVDC V2 t0 parameters T0 Error 
0 0 0 0 0 0 0 0 
0 0 0 0 0 0 0 0 
2.76455 1.30656 2.76455 1.49071 4.27895 0 0 1.82428 
10.064 8.04668 7.09561 1.60541 3.51257 1.89021 3.64933 10.7388 
4.80288 2.37103 3.51364 1.91491 4.75809 3.40369 1.19166 0.951057 
0 7.05623 3.99505 2.79043 6.20482 2.46305 6.8328 3.6874 
1.41068 10.3418 3.91233 2.48069 2.39109 1.49295 2.08205 2.9921 
9.20396 2.54378 8.48986 2.07356 12.6219 5.09153 0.682976 3.05511 
3.82114 1.61449 1.79085 6.96183 4.92278 11.3635 5.14133 1.57694 
13.1019 2.9427 1.58687 8.47623 0.97182 6.8695 8.60768 3.63081 
7.05623 6.24284 3.49558 1.96541 14.8438 1.21141 1.84524 7.53691 
4.66864 7.44382 5.30264 15.6781 2.45689 6.26016 5.61989 4.90625 
4.71492 13.515 3.21137 13.059 6.55013 4.29863 10.1866 3.36301 
4.34702 2.50954 13.4923 2.93184 4.43874 4.21608 1.1577 8.30596 
7.9013 2.03492 8.42884 3.14367 3.88477 9.04639 3.9629 5.82302 
3.85149 4.25624 4.23381 3.86368 6.96183 11.4622 3.25535 3.20334 
2.1597 9.58454 5.25923 2.78095 5.38515 1.57694 2.15532 4.44324 
15.6506 3.70895 4.43899 3.5772 0.302707 3.04755 4.06207 7.24839 
2.43243 6.86611 13.1635 0.864761 6.38045 6.55527 2.68866 4.58089 
8.17667 1.25621 1.58442 4.6576 3.84294 3.77676 6.17649 5.16544 
4.88019 2.36576 0.918695 5.3585 4.19075 0.563874 3.37759 5.41003 
9.99413 1.28886 6.79825 3.9629 9.99413 7.5967 5.73957 4.0487 
10.5426 3.44399 4.86378 3.55736 3.36301 6.90305 3.82114 6.54581 
8.10218 6.25535 1.55645 6.14044 3.55689 6.09931 10.3683 5.21843 
6.79825 5.23873 8.68323 6.12524 1.99116 3.01285 2.86964 9.79374 
2.3096 2.77839 3.25535 1.54899 1.39493 4.12939 3.9629 1.23762 
2.17533 9.20032 3.6149 1.3941 4.57571 4.57571 5.50165 3.79792 
10.802 4.48928 10.035 1.74686 2.63164 4.12939 3.55411 5.30412 
2.31258 1.30471 5.99538 11.2067 10.9692 4.12061 4.35263 6.26016 
3.5772 1.32886 3.42746 5.66472 4.27472 8.91039 3.22569 4.89902 
2.40145 6.79164 6.40572 7.12263 3.71917 3.78589 3.94884 1.08456 
5.26688 3.01226 4.55447 4.20533 3.33259 5.6881 4.19594 2.94696 
4.79188 3.38538 5.02143 4.93142 5.98401 7.38991 2.35318 3.63463 
2.66557 3.7361 3.89651 4.58277 5.22863 10.7095 3.96206 9.40619 
2.86964 3.25609 1.36325 4.58662 8.07181 5.01268 7.62561 1.95511 
4.3298 3.03106 7.88891 2.59138 6.35851 10.7936 2.46805 3.66725 
2.97917 2.46001 4.7021 12.0367 3.98919 3.69467 2.74955 3.59002 
2.65833 3.54153 4.19075 7.00385 10.3894 3.16404 0.826175 4.05755 
4.15536 8.63252 2.4168 6.37431 3.54376 5.20602 1.10845 2.46836 
3.85149 1.76722 0.93146 2.43243 1.25969 4.0076 1.09204 1.43324 
2.51172 2.2546 1.25969 7.97504 0.97182 3.13031 1.87467 1.88389 
3.39622 0.653281 1.75082 1.29267 6.10432 4.18838 6.26281 5.03908 
0.982114 0.707107 3.11386 0 8.41245 0 0 2.89278 
0 0 0 0 0 0 0 0 
0 0 0 0 0 0 0 0 
0 0 0 0 0 0 0 0 
# LVDC U1 t0 parameters T0 Error 
0 0 0 0 0 0 0 0 
0 0 1.01835 1.90459 0 1.90459 0.951057 0 
0 1.49071 0 2.68135 0 0 0.982114 0 
0 1.82428 4.27895 8.41245 1.30656 0.707107 3.47555 0.707107 
2.10693 2.76455 1.01835 3.64933 4.18838 6.10432 3.53159 0 
3.51257 1.29267 0 16.0153 0.788403 1.48856 3.59815 3.40369 
4.17871 10.0312 0.781387 1.28886 0 2.31354 7.16707 1.65654 
4.18838 12.6196 4.51633 1.95989 9.78855 2.31183 1.40833 1.38441 
1.86665 2.21437 4.0076 2.10819 4.29061 1.49295 1.88105 6.16046 
5.8586 6.44813 2.08156 7.08787 8.11883 2.60808 3.44399 1.345 
4.8 1.29019 2.2621 10.6537 1.44674 5.03908 3.08275 6.03531 
2.16087 2.45689 6.67685 3.15362 2.89926 3.70009 1.72737 8.47623 
7.19438 11.3674 1.49803 1.44674 1.18285 8.11883 7.53691 3.18707 
3.92306 2.43243 6.81821 1.49891 7.39856 4.06143 2.38579 2.34871 
4.51368 5.49047 8.04875 5.39001 5.79855 3.20557 2.49125 5.8586 
7.67026 5.07645 2.83493 7.17607 3.2983 6.25522 5.98401 4.83689 
4.29061 1.23756 0.782886 0.682976 1.53363 3.03799 3.89099 7.08787 
3.18713 2.17174 6.52259 2.18837 4.92203 1.18297 3.76028 0.689508 
2.30889 2.27919 0.673892 1.61445 4.89793 1.98639 9.49604 0.879363 
3.03717 1.03491 5.95673 3.76028 1.82812 2.06903 2.83493 9.80347 
8.41955 2.15272 1.91212 0.796206 6.55013 10.9601 7.9013 1.4838 
1.829 0 1.17287 5.79097 4.93142 1.58442 6.59636 4.99896 
7.41154 3.89009 1.34613 3.21396 4.0891 2.18456 7.06162 5.3076 
4.34086 5.06798 11.0232 5.13616 5.31011 3.63081 5.30244 1.25969 
2.75152 3.09166 4.17871 9.1766 4.68162 2.13026 3.31714 3.05904 
7.90933 4.36148 1.30903 3.46954 3.45924 44.9149 2.51172 4.18778 
5.98963 1.68784 6.76577 4.8 5.48872 5.19746 13.49 5.14245 
3.02716 6.3491 4.67108 7.67026 2.00449 5.82302 3.6874 1.60907 
1.95124 1.64728 2.50502 3.89099 2.17174 5.15553 5.47056 6.21835 
10.035 9.18284 3.05031 8.41955 2.93068 0.851341 3.21396 2.3321 
3.94884 5.83776 3.71691 5.31011 7.20873 5.71144 5.5243 1.72465 
2.64966 2.93068 2.55726 2.89685 4.56237 1.23181 2.94696 2.86846 
4.37391 7.23361 13.4923 3.04383 4.33464 3.82114 5.06933 3.96206 
3.84291 4.36148 13.8881 2.21437 6.98219 2.18837 3.33756 3.18754 
3.29058 2.04064 4.9334 3.33756 1.10254 8.36624 6.78704 5.98401 
3.91875 2.93106 3.36314 2.82505 2.36524 5.95673 9.19168 2.4168 
6.8695 9.43273 4.60466 8.69005 6.95555 3.61762 1.2775 7.90933 
2.73751 10.9924 4.52956 1.1262 1.0492 3.31714 2.97965 2.15847 
6.26281 1.78548 3.69311 10.0191 2.16087 0.985211 3.95016 7.62194 
3.48159 5.18416 1.44674 6.13969 8.55939 0.536656 1 6.21094 
6.84075 6.10432 1.49071 0.622543 5.53413 4.09101 3.53159 4.21768 
9.94544 6.84075 5.09877 4.11439 2.44949 7.09561 5.09877 3.06663 
0 2.44949 0.982114 0 5.65685 2.76455 0 5.65685 
1.90459 0 0 0 0 0 0 0 
0 0 0 0 0 0 0 0 
0 0 0 0 0 0 0 0 
# LVDC U2 t0 parameters T0 Error 
0 0 0 0 0 0 0 0 
0 0 0 1.30656 1.01835 0 1.01835 3.61068 
0 0 2.76455 1.88389 0 2.89278 5.09877 0.536656 
1.8235 1.75398 2.68135 2.44949 7.02947 5.21886 4.37696 4.27895 
4.27895 8.41245 0.707107 6.10432 4.80788 4.60056 5.39001 3.60778 
1.01835 2.42369 0.985211 17.195 2.48051 6.68353 1.26206 1.11536 
2.25094 3.59815 1.83152 8.08462 2.46305 1.26206 4.92278 3.13031 
8.45244 5.18416 8.60768 4.60056 1.41068 6.26016 5.07305 2.45689 
0.781387 1.75959 4.4952 1.28886 2.91448 4.62795 3.16154 6.26281 
2.77293 4.44324 6.48682 0.709951 2.10819 1.95511 6.81864 7.19438 
14.8874 0 2.19425 0.536656 2.31183 1.20356 1.03009 13.9889 
0.880731 3.89009 2.58631 3.78864 3.17779 4.81797 2.68135 0.549342 
2.93184 0.941945 7.70921 5.18416 1.0507 3.15362 12.2045 3.53337 
1.44674 7.53691 4.26367 3.9629 3.35358 6.79456 6.26016 5.77851 
3.61539 0.549342 5.81656 0.35498 1.48856 4.92203 0.842599 7.97504 
3.51257 3.03799 2.22894 2.21437 11.5787 8.30596 7.36873 9.01989 
2.80614 1.7104 0.758317 4.58261 4.6576 12.891 1.49891 3.21396 
0.985211 2.30898 2.60808 5.4451 1.50614 0.736238 3.9629 1.44674 
2.89685 2.17162 1.38441 0.880408 4.36148 1.30796 2.91406 12.2286 
5.40161 5.98401 8.26294 5.7016 3.85149 3.17135 5.56616 5.12466 
0.622543 9.20396 2.58736 12.891 2.60726 2.41315 6.03438 4.06423 
2.1455 4.44324 1.09804 2.15154 13.9889 4.07069 1.92344 1.64031 
12.6156 6.44813 2.54378 1.57093 0.786195 6.56095 1.91487 4.19075 
2.30898 4.0076 2.27297 3.2965 2.73504 0.536656 9.39434 5.79237 
5.81656 2.23404 3.71691 3.05511 8.26419 4.03658 2.91448 4.93142 
7.11529 14.3461 2.8806 8.25712 5.99236 3.45924 5.19746 2.30113 
2.30113 7.7199 1.72465 1.38441 2.05794 2.03933 4.82764 1.57694 
3.17135 1.30675 2.64102 4.83689 5.06933 0.78591 2.89685 6.29643 
5.78287 2.86825 5.06798 3.45452 2.16087 3.57863 3.62249 1.48263 
1.89445 6.01294 3.4688 3.56676 4.91517 4.42877 2.30898 6.95555 
2.97965 9.54604 4.6181 3.672 1.44073 1.38441 6.98219 8.85695 
4.4666 1.36611 1.62035 2.57881 6.01294 3.6874 3.70982 9.46717 
3.71691 9.78628 3.10371 6.79825 8.61224 2.93068 4.28313 3.68615 
1.82812 0.690047 9.70732 6.44813 1.62972 4.42793 5.44289 7.17607 
2.13026 1.76064 2.91448 2.18837 1.24492 9.70732 3.27746 10.5942 
3.35173 2.4013 23.0601 5.88118 1.81037 4.06423 4.06423 6.03918 
5.45865 7.19888 5.14245 5.79855 4.23365 3.33016 5.4207 2.38381 
6.29338 2.16087 9.99413 4.71492 9.29583 7.5967 8.65019 2.54625 
1.64728 2.08205 1.62259 3.40523 3.17135 22.2866 2.84572 6.47711 
4.62795 3.7286 3.85149 1.61449 4.1153 0 5.4451 4.63885 
1.49891 1.43324 0.941945 0.839675 1 1.36413 0.353553 2.1472 
4.52104 5.039 6.75779 2.85543 2.10819 4.60056 0.707107 3.06663 
1.75082 2.74597 2.15154 2.68135 3.47325 3.51257 9.55595 3.64933 
8.41245 1.8235 4.11439 3.06663 2.44949 1.01835 4.37696 2.76455 
0.707107 2.76455 2.89278 0 0 0 0 0 
0 0 0 0 0 0 0 0 
# LVDC V1 t0 parameters T0 Error 
0 0 0 0 0 0 0 0 
0 0 0 0 1.01835 0 0 2.68135 
2.44949 5.09877 1.88389 4.37696 0 1.8235 1.40833 1.49071 
0.707107 3.61068 1.29267 2.89278 8.39833 1.82428 1.01835 11.4399 
3.11386 0 11.4399 4.37696 4.18838 1.8235 1.43324 0.951057 
2.37134 5.78722 2.03933 0 1.345 18.2958 1.84776 10.0312 
3.61762 2.42369 5.40453 1.04737 3.18707 1.63975 2.03933 5.14245 
7.494 3.10371 3.03717 1.22474 8.92544 5.11081 3.91233 3.91616 
1.60541 1.72765 7.16707 7.21076 1.26206 7.53691 1.11536 0.788403 
5.56616 1.74686 2.79043 0.420877 2.54378 3.17135 9.04036 3.51172 
1.0286 2.0078 9.4952 7.70921 2.85543 23.4009 5.25822 4.18838 
3.85149 1.49058 0.892755 2.4884 2.86846 5.22653 3.7852 2.79225 
4.89218 3.05511 0.653281 6.52259 4.39606 6.28642 1.26206 4.72918 
0.540034 5.48872 8.33891 8.25712 9.80347 3.3277 8.84374 3.49558 
3.61762 1.69317 1.17031 3.45924 4.40367 3.51257 2.34477 3.27746 
5.17749 4.12813 13.1019 9.18284 1.68628 1.72892 3.0769 1.90117 
15.7251 4.85492 2.45389 5.66126 4.90625 3.70009 1.57234 5.11202 
2.55726 1.90117 4.14433 8.63822 1.40869 2.5151 3.21137 3.73106 
6.46697 4.91517 6.94445 4.23381 2.97148 2.73504 2.93184 1.40055 
6.94445 2.2733 4.3298 3.89009 1.29019 6.81821 7.82085 0.690047 
3.91875 2.85872 3.20334 8.60768 2.08057 12.6196 0.896712 8.79259 
3.69311 0.353553 1.86222 6.6394 1.76722 5.35286 6.16656 2.89685 
2.45389 4.42693 2.58736 2.08183 5.94992 2.67245 2.43023 8.42884 
5.58019 6.12524 4.16553 0.267078 2.46998 4.38719 0.972754 17.0853 
2.46836 3.76844 3.82391 2.05427 13.4235 0.809925 15.3006 4.19075 
0.941247 1.86222 8.94812 5.06798 11.869 1.0025 6.83481 1.23269 
1.16434 6.79229 0.482068 1.86665 4.31647 8.48986 7.2355 15.6506 
3.5772 5.70448 6.41839 2.06903 1.26116 7.4559 1.20356 3.76028 
4.52956 5.27676 5.45682 1.57694 1.40055 5.4207 2.48489 2.97965 
3.06412 11.091 5.45476 4.00489 1.24492 8.22053 3.18754 1.91212 
8.75931 1.99968 1.89445 1.66943 3.01186 4.58221 2.71224 10.5942 
4.55084 2.18837 2.77839 0.698741 1.76064 2.4135 4.29662 1.60907 
3.14367 5.88118 1.87425 9.97382 3.93245 2.58179 5.95673 1.26491 
10.7952 3.65927 3.14367 4.0076 2.62314 5.7784 7.70721 4.42693 
2.63984 1.97002 2.93427 5.38282 6.28474 1.82357 3.77676 7.67075 
1.56743 3.56584 8.23233 2.77492 6.54696 3.29058 7.12524 3.70895 
3.7361 4.66831 4.05471 6.12587 4.1994 6.52259 5.23096 9.01989 
1.83152 4.66831 1.36413 1.89445 2.45461 0.741982 1.1768 1.82357 
1.2959 2.82505 1.49295 1.82812 1.345 4.42693 6.52259 4.40367 
9.49604 5.39001 1.87467 1.36413 3.05511 7.492 10.1869 3.94541 
6.84075 2.17162 9.55595 0 6.84075 2.68135 3.51257 2.63809 
0 3.51257 1.46302 5.11081 4.86209 1.88389 1.01835 1.40833 
0 4.27895 5.65685 0 1.49071 4.27895 1.30656 0 
0 0 0 0 0 0 0 0 
0 0 0 0 0 0 0 0 
0 0 0 0 0 0 0 0 
# LVDC V2 t0 parameters T0 Error 
0 0 0 0 0 0 0 0 
0 0 0 2.76455 1.90459 4.27895 1.88389 1.90459 
0 2.89278 1.90459 1.30656 5.09877 0.707107 2.68135 1.30656 
0 0 5.65685 1.88389 10.5618 3.13031 3.17779 3.11386 
2.44949 1.42953 0.982114 17.195 1.44183 1.60541 0 8.08515 
3.0075 1.22474 1.83152 7.494 7.19438 8.8366 4.85507 3.04274 
2.99909 12.6196 0.379886 6.0626 2.50954 2.50954 5.19746 0.491185 
2.64966 4.14433 5.5243 4.09101 4.11694 1.48856 1.12934 1.1262 
4.52104 0.430331 2.82505 4.40367 2.77293 5.71144 4.05755 1.78004 
2.79043 4.32317 3.35358 1 9.51002 4.63929 10.1866 9.78855 
3.04274 8.75931 7.9013 11.7583 7.36873 6.8328 6.16203 1.83152 
2.12202 3.9629 13.0002 2.95494 3.672 2.2621 8.8832 7.492 
20.181 2.57029 6.81864 2.84572 1.36413 4.21207 4.30994 1.71407 
4.92203 1.83152 2.77663 4.92278 1.44674 2.4013 1.72892 0.887887 
1.9866 5.18416 0.302707 4.42693 0.634862 5.4451 7.10027 4.29061 
15.6863 7.41154 5.78287 6.84075 4.52477 4.55077 9.18124 6.35756 
2.25671 4.89218 6.67923 2.83029 8.84374 2.73414 5.31011 2.51172 
6.68353 3.68615 3.76028 13.66 6.12524 5.49047 0.558585 4.66864 
1.09204 5.14245 1.62259 2.38562 1.48263 2.38562 3.03717 4.1994 
11.8217 9.31324 1.82357 13.515 1.75959 1.78004 0.956058 4.18135 
1.50375 1.0507 15.0879 6.39372 1.72892 5.9716 8.98245 0.549342 
3.18049 3.31614 10.5942 11.8217 2.53976 6.81821 5.58019 1.41704 
4.09101 3.44399 3.2965 3.31614 3.28 6.8328 1.07886 8.27866 
5.75682 5.78287 2.62569 2.58736 2.87266 2.06903 3.12549 2.63027 
2.1733 3.71691 8.84374 3.56975 9.41261 6.0515 11.0214 7.41154 
3.17135 7.68179 6.16203 3.01263 8.04875 2.07311 9.31324 1.88389 
2.64914 1.30796 6.52259 6.8328 2.85412 5.97804 3.53337 2.30113 
6.25522 3.1511 4.15969 1.21141 2.8142 4.55077 7.63068 2.62149 
4.6576 1.64154 2.69002 1.3575 5.4451 3.96978 4.68162 11.3722 
1.33451 3.53656 9.49604 9.18284 4.21768 2.73751 2.37103 1.39285 
3.01987 2.84575 3.49558 4.33798 2.31183 3.99595 11.8217 2.45461 
8.79259 9.19168 1.82284 2.00048 5.97804 6.72721 7.40881 6.21094 
2.30113 4.62795 1.23469 3.672 1.45944 2.74653 25.7777 0.985211 
1.92579 4.15694 2.90766 2.93184 2.63561 2.4884 2.1416 6.0626 
7.62561 0.839675 3.54153 4.47795 4.47795 10.1782 7.31164 10.9859 
1.44073 7.2355 2.07311 12.4386 3.70009 9.20032 1.51837 1.90427 
10.4015 10.2683 1.98639 9.21245 6.16656 2.87266 7.68035 4.05755 
8.42884 2.1733 6.60174 1.72465 7.88164 5.31011 11.7971 3.20557 
3.0842 0.667972 10.9601 2.8003 3.85149 4.62795 3.53337 11.0187 
2.32685 12.6572 5.03908 2.31183 10.0312 3.05511 2.06903 0.602086 
4.68979 1.83152 4.26367 1.95511 1.43324 2.17162 2.85543 2.89926 
0.788403 7.66927 0.653281 0.985211 7.09561 9.0729 5.72194 3.88581 
4.11439 9.55595 1.44016 7.9576 5.65685 1.11536 3.53159 2.10693 
0 7.02947 5.21886 0 5.65685 1.90459 1.8235 0 
2.89278 4.27895 1.01835 0 0 0 0 0 
0 0 0 0 0 0 0 0 
