# RVDC U1 t0 parameters T0 Error 
0 0 0 0 0 0 0 0 
0 0 0 0 0 0 0 0 
0 0 0 0 0 0 0 0 
0 0 0 0 0 3.61068 1.49071 0 
4.37696 1.40833 6.75779 0 0 3.40369 14.7354 0.781387 
5.58198 4.17871 1.14159 9.41238 2.85543 4.68979 7.50291 4.11694 
2.21437 4.85492 2.83029 7.37581 8.17243 9.63213 6.08093 1.61449 
5.57923 3.21396 1.68628 2.58663 4.72918 4.87472 4.04292 3.91875 
5.7016 24.572 10.802 8.94812 4.51368 6.08093 3.76028 2.12202 
4.34702 4.01126 2.17162 2.97965 3.87437 1.94874 3.88477 3.48159 
2.30898 5.47056 4.51368 2.73751 0.95844 1.12688 4.72918 3.06454 
6.94445 5.73453 4.47398 4.30994 1.57694 0.802049 10.3894 14.5867 
20.3446 3.46954 1.57694 11.0214 3.36314 2.8003 1.13427 4.36549 
0.786195 3.3368 2.06903 1.89386 6.62331 7.67026 1.53363 5.60989 
7.9866 6.12587 1.78561 3.76844 4.68162 7.99059 4.67108 10.9354 
1.20738 5.62594 8.13148 2.44736 6.39372 6.51831 5.45865 3.76844 
4.07158 5.9277 10.061 0.814665 7.67026 3.73614 2.2733 1.52976 
6.79229 8.48595 13.6631 2.87041 3.60156 5.02143 4.33726 6.91815 
12.4205 7.32997 6.32189 3.3274 3.12342 2.45389 12.6521 2.81916 
4.66864 12.6952 6.32189 4.66718 2.33778 10.1084 3.47945 4.40275 
4.07158 8.61185 6.97953 9.50552 1.34764 1.53241 9.39133 3.81792 
3.91374 4.766 3.89099 7.82736 1.5626 5.38515 8.85544 9.96185 
1.47537 3.54776 0.569318 3.73614 2.80028 3.35173 2.74955 2.74945 
3.95098 7.3543 0.891255 7.19345 9.88144 4.79188 9.54604 2.46355 
15.462 6.01695 4.35139 1.59489 4.78839 7.94619 1.61449 4.55447 
13.6152 2.33694 10.9601 4.10942 3.53138 8.98806 5.84381 5.23745 
6.08093 3.74766 1.36592 2.51586 4.05567 1.87652 2.69728 10.5861 
2.60821 12.4969 5.33165 9.16631 19.3859 2.21795 4.65437 4.95604 
2.59595 9.30718 7.40975 2.52465 6.94616 1.87689 6.00842 8.79521 
1.92579 3.47701 12.7839 2.08981 5.32214 2.1804 3.40546 3.30249 
21.43 2.97565 2.52787 3.84848 9.38433 1.45414 5.60769 2.32915 
4.10942 2.63534 2.17848 5.90614 3.27569 5.20198 3.74719 5.44442 
2.25795 4.93142 7.41998 4.32161 2.06903 1.22474 8.21487 6.28474 
10.3937 2.68274 9.21638 7.38813 8.4211 5.04112 3.89651 1.27324 
2.87927 2.45566 5.23607 1.73957 3.82424 2.9465 9.48047 10.4196 
6.48775 6.93845 1.2274 5.27676 9.11812 6.32189 8.2455 9.03963 
2.27298 4.41838 2.95732 5.92517 1.53213 4.1172 3.49558 6.79825 
3.95132 5.24408 8.82728 7.20873 2.77492 4.55447 16.0398 3.33486 
5.73593 8.13148 9.69501 1.83975 3.93012 8.48986 3.3886 12.6572 
3.46954 5.45614 1.75959 2.89685 4.51633 3.66637 6.44813 22.0715 
3.13031 3.88581 7.66927 5.65685 5.72194 0.707107 4.27895 2.48069 
4.11439 1.30656 0 1.01835 0 0 0 0 
0 0 0 0 0 0 0 0 
0 0 0 0 0 0 0 0 
0 0 0 0 0 0 0 0 
0 0 0 0 0 0 0 0 
# RVDC U2 t0 parameters T0 Error 
0 0 0 0 0 0 0 0 
0 0 0 0 0 0 0 0 
0 2.76455 0 1.90459 0 0 0.781387 1.88389 
2.48069 1.08766 0 6.37802 2.34487 4.21768 4.18838 1.89021 
2.82505 3.39411 3.3368 1.03491 8.04668 25.4225 4.33464 0.667972 
1.46302 5.039 1.2682 3.89009 9.49604 4.0487 5.06798 4.26367 
1.63975 20.3446 7.31164 2.21437 4.88967 0.788403 2.03933 5.4451 
0.931429 5.44289 4.21608 4.86797 0.866189 5.83776 8.22053 0.653281 
4.7021 5.034 7.29964 6.40149 1.57093 4.92203 3.36301 6.58514 
2.97342 5.26628 1.03491 1.41978 3.35442 4.36148 6.81445 1.89445 
5.03908 13.8136 3.28838 4.71492 8.22053 2.93068 9.31695 3.44399 
5.38515 4.15969 1.30015 5.34414 3.18754 4.07709 1.62035 5.12066 
8.30596 1.829 3.72747 1.09003 1.90117 4.5426 5.88148 3.99505 
6.25535 3.24823 2.55726 2.13289 3.84634 10.8097 4.88516 2.67337 
5.88148 4.06423 2.1597 0.941945 5.24246 8.85916 2.18837 3.84848 
2.2733 0.809925 0.612372 1.31216 7.56474 3.12406 13.9389 5.02247 
12.8375 7.33103 10.423 3.70895 1.28886 3.3274 2.19955 3.97623 
9.00024 6.12484 5.22962 5.1479 10.0191 4.15912 2.62984 4.84708 
6.79164 1.56865 5.48886 2.30898 1.98738 6.25522 2.83258 3.57156 
5.44683 4.33798 2.24973 2.93641 14.8942 3.6796 4.84708 2.00209 
3.41363 10.8467 2.32234 1.24009 2.7081 6.91542 3.59002 4.69443 
3.65174 2.48544 12.9057 11.371 2.00486 3.21094 22.8566 24.7089 
5.14133 7.94995 3.3274 2.97934 4.65411 3.74722 2.45566 19.0527 
5.02247 3.21396 4.38963 1.9866 1.95583 2.66139 1.45752 5.50431 
3.1511 3.4474 18.3347 2.87266 2.77492 2.16483 3.19704 6.74932 
12.0367 3.84294 9.76022 4.4666 3.76165 7.2355 5.13165 1.30903 
6.82875 4.74582 6.78145 1.91541 1.98738 5.73565 1.4824 4.23702 
3.04702 1.13198 4.10942 3.1522 5.62072 7.51774 9.90913 7.66866 
3.44399 3.48005 3.70895 10.5 3.89812 4.09741 7.09633 5.29357 
1.94193 5.41185 3.50991 3.18713 7.68572 6.49005 8.86029 2.56162 
6.41304 30.7971 3.33162 2.83493 1.89172 5.53885 2.44736 3.54398 
2.73853 1.78383 4.90625 6.89978 2.79043 2.17191 6.02998 3.98583 
5.55746 2.41367 4.71036 4.49573 6.02736 4.65411 12.4525 3.19808 
13.6152 2.49164 2.84559 9.38963 4.95942 2.33778 4.54805 5.71124 
4.54629 1.76722 9.56546 8.51049 8.29571 2.60221 4.49768 7.1679 
2.80893 4.45983 1.97212 2.80028 6.05444 2.42003 3.36265 4.53523 
5.33453 1.27163 3.48344 5.58612 5.26628 4.50423 20.739 3.20334 
6.8723 1.8837 7.16662 2.0255 2.55726 2.98252 7.5629 3.2099 
4.2323 6.67923 14.5779 4.88292 3.47701 2.40058 17.0609 6.95555 
9.61205 3.16426 2.28787 3.94884 3.84848 2.78095 10.2683 13.1703 
6.40149 3.63081 5.14133 2.2621 7.72754 1.12688 3.85149 5.18416 
4.26367 7.09561 8.63314 2.42369 3.9629 2.48051 3.51257 8.71942 
2.17162 6.84075 3.06663 4.26367 1.29267 0 1.88389 0 
1.90459 0 0 0 0 0 0 0 
0 0 0 0 0 0 0 0 
0 0 0 0 0 0 0 0 
# RVDC V1 t0 parameters T0 Error 
0 0 0 0 0 0 0 0 
0 0 0 0 0 0 0 0 
0 0 0 0 0 0 0 0 
0 1.90459 0 0.707107 1.30656 5.65685 1.30656 0.681626 
4.37696 2.15154 0.918695 0.536656 5.42369 5.18416 8.60768 1.64031 
0.646128 6.71689 2.1807 2.03933 4.18135 8.45244 6.31173 2.97965 
0.781076 4.26367 9.04639 2.31354 2.00079 2.15889 0.963965 2.08205 
8.30596 3.85149 5.80611 6.49005 4.33464 6.51831 3.20334 4.36782 
6.41591 1.95583 0.972754 8.52929 11.3847 4.92203 3.08671 21.5114 
3.9629 3.6149 1.84776 5.58019 5.81656 4.58261 6.27324 2.93844 
0.998722 5.95327 3.81404 3.05031 6.55458 3.82988 3.98076 0.442508 
4.06423 5.77311 3.31614 3.45924 7.40481 3.08275 3.7361 3.55352 
1.65654 10.5047 0.840643 6.67923 12.4205 0.236643 3.70895 4.33464 
2.60873 6.39372 10.672 0.736238 4.89218 4.49778 6.70632 2.1416 
5.27921 4.67108 8.06821 1.99549 1.45775 2.74532 5.48872 5.18772 
3.68615 5.64195 3.88188 2.85412 4.78839 6.08449 2.29045 2.27695 
7.89098 3.62308 12.0036 1.55337 4.06143 4.0076 12.0094 8.03549 
7.8705 2.62068 3.95491 9.78628 2.41552 5.76991 3.50797 8.91493 
1.73702 4.01126 4.30979 4.32393 3.38336 4.66245 2.12912 5.97804 
10.3398 10.2683 1.86401 2.05886 1.96541 3.71471 2.67245 1.61052 
11.3722 0.424987 2.5676 4.15221 7.41154 6.87243 8.10466 2.4168 
5.91323 7.20873 2.66139 2.38387 3.71044 5.23758 10.9445 3.89099 
5.27921 4.44324 7.00675 6.79229 4.06423 2.56038 7.42165 3.3143 
2.41838 8.02145 4.47109 5.45421 7.98282 2.9127 4.87767 13.9841 
9.38963 1.84524 7.66678 3.25809 3.34663 5.05043 7.55738 3.55923 
2.25224 15.1892 3.80391 5.27921 15.1892 3.48148 5.16544 2.62984 
8.26328 3.06454 6.10956 5.51253 6.34429 3.11011 13.7996 5.01596 
6.27422 9.55623 6.52259 2.04437 2.62173 2.69728 5.07349 8.37934 
5.24246 4.15438 4.7216 3.31043 7.98282 15.2184 2.18837 1.95124 
5.91808 4.29061 13.5621 5.16544 25.3604 5.70904 3.34583 6.7831 
0.908128 2.30113 8.39499 6.40572 6.16775 5.23047 5.29728 4.09289 
5.52243 4.35652 5.29728 0.915201 16.1309 2.9417 4.3943 1.78547 
1.78561 4.32161 7.66866 6.28532 5.00474 3.55018 3.1511 2.68992 
2.48544 3.1016 2.33311 4.33798 1.62418 1.77734 5.3966 3.40114 
5.01477 6.56789 4.75786 7.47636 1.65265 7.58451 0.815615 6.57916 
5.193 10.6079 8.41465 1.57234 12.0535 3.94464 5.94992 12.4205 
3.14435 5.034 6.48537 5.82302 2.7545 8.09422 1.55446 5.75682 
2.26248 2.74594 3.80402 5.83328 1.95556 1.07242 5.29441 3.73176 
5.80611 9.63213 2.84575 5.55011 5.56616 12.2286 2.10819 4.21207 
3.91616 3.91233 3.9629 3.95016 3.16154 6.10432 7.21119 6.75524 
4.63885 7.9576 3.64933 1.82428 2.34487 5.21886 2.68135 1.88389 
3.61068 1.88389 0 0 0 0 0 0 
0 0 0 0 0 0 0 0 
0 0 0 0 0 0 0 0 
0 0 0 0 0 0 0 0 
0 0 0 0 0 0 0 0 
# RVDC V2 t0 parameters T0 Error 
0 0 0 0 0 0 0 0 
0 0 0 0 0 0 0 0 
1.01835 1.49071 1.88389 0.536656 5.65685 0 11.4399 1.8235 
1.08766 6.84075 5.8586 6.88815 1.83152 3.7286 2.85543 3.95016 
1.35531 4.92203 6.35756 10.432 2.89926 4.03627 3.51257 2.30479 
3.59928 1.75959 5.039 2.16087 3.71691 5.039 8.08462 31.815 
17.8167 15.9806 5.31811 1.62259 11.9207 8.17587 4.18135 3.3886 
3.63081 9.42424 6.12524 1.77775 2.00048 2.13026 6.16046 0.529115 
3.4001 4.06423 3.33756 2.38562 4.06423 1.61959 3.95587 2.0014 
7.12524 1.18427 3.71691 3.3368 2.41838 2.28691 3.51172 1.64728 
1.2854 3.78864 6.29643 6.76577 3.51257 2.56424 11.7136 4.49336 
6.79164 1.49891 2.78095 14.8438 5.82302 7.17607 3.12549 1.25969 
4.17871 7.81613 6.37657 0.892755 3.06412 5.80611 5.82302 10.2683 
4.49336 0.864761 4.39541 2.95732 6.58514 2.07311 4.97406 4.81984 
6.25535 5.62594 3.2965 8.42433 5.02143 5.12469 5.40385 1.56787 
8.89654 3.98662 6.79825 7.70721 7.20873 6.27324 0.555581 8.81217 
8.41955 6.98478 6.976 11.0955 12.4315 13.0549 3.08671 9.5596 
15.3002 6.54696 2.04957 8.79521 3.47701 3.65927 1.60907 6.0528 
3.51868 3.06412 4.766 4.98189 5.12683 3.72313 2.55137 4.1172 
6.45917 6.32527 1.29462 3.49558 7.97453 5.82305 1.36279 2.34483 
12.4315 11.5498 8.84374 9.27779 4.33798 1.09008 2.12888 2.45566 
6.59365 8.31245 10.3658 4.55325 13.8086 3.11402 2.18833 4.99169 
4.47795 3.98076 1.67772 2.91139 1.40289 1.47836 3.03833 3.4678 
4.07158 13.404 8.0703 4.7065 5.4389 2.57161 3.81998 7.23974 
3.09979 4.18778 6.06473 8.68813 5.5546 1.42417 1.86223 2.86554 
1.74406 1.40343 2.40145 5.30412 2.83851 4.65411 2.97565 4.65411 
8.21242 1.55123 1.32886 5.70288 6.79959 3.9408 10.4151 4.22184 
2.36524 2.87266 4.76967 2.9509 1.83784 2.26215 2.49189 5.6981 
2.34477 7.27665 5.3839 3.83891 3.13828 7.70141 8.8832 6.93845 
6.35151 3.71279 3.3875 2.83851 5.15822 6.56417 5.95327 2.56279 
4.99292 5.29441 4.58089 14.3724 2.47809 3.27572 2.36161 3.84417 
4.69182 3.53778 4.90939 1.48883 2.34355 3.89009 5.30412 5.6881 
2.93759 3.47945 5.15663 2.51798 6.47885 6.55458 3.72775 6.03856 
19.6942 2.08981 7.1553 1.73517 3.77676 4.95149 3.81792 0.939184 
9.3476 5.64314 2.89729 2.22072 3.63791 8.23233 3.85866 4.90625 
3.36161 3.8628 4.48497 2.01681 14.3513 10.9022 2.5278 2.09565 
6.21225 9.20999 3.05554 4.38963 12.9934 1.92779 6.46487 3.44399 
4.83689 2.23531 8.13512 7.84905 4.42793 6.18894 20.4033 9.36975 
6.62331 0.796206 2.66386 5.10439 6.976 1.79637 3.09182 2.04437 
6.37431 8.42906 4.89218 4.92278 4.33464 8.26294 3.10371 0.543574 
4.36313 6.51831 1.82812 3.85149 1.72465 3.0769 3.40369 2.62149 
14.7 1.82812 8.33891 2.5151 5.03908 1.91491 4.36042 5.72194 
3.59815 3.51257 2.44949 7.66927 2.68135 1.88389 0.707107 1.01835 
0 1.01835 0 0 0 0 0 0 
0 0 0 0 0 0 0 0 
0 0 0 0 0 0 0 0 
# LVDC U1 t0 parameters T0 Error 
0 0 0 0 0 0 0 0 
1.90459 1.01835 1.01835 0 0 1.90459 2.68135 0.951057 
2.68135 1.01835 1.01835 2.76455 2.68135 8.41245 1.30656 2.44949 
8.41245 2.48069 2.68135 0.707107 4.27895 5.09877 5.09877 0.985211 
3.43295 7.9576 2.89278 6.75779 4.86209 1.49071 1.8235 3.64933 
0 5.77878 1.29267 1.30656 5.21886 0.920442 0.653281 2.03933 
0.681626 16.0227 3.47325 7.07898 3.67111 2.77293 7.68179 2.37775 
23.409 1.89445 8.04668 2.43243 1.96567 3.63547 4.21768 1.4783 
0.972754 7.37061 2.69349 4.0076 5.19746 2.30898 2.27297 6.44813 
1.72465 0.593286 9.04036 1.57093 1.0492 2.89685 5.35286 1.72465 
2.05427 6.72442 2.57881 2.27297 2.69002 2.45689 17.6036 4.89793 
3.95587 3.15362 3.62421 2.39109 3.43167 2.80614 2.82505 4.04292 
12.4838 2.51959 7.62561 3.3886 1.42947 1.59489 7.63869 8.8832 
1.25969 9.12096 2.43243 1.72892 7.41154 5.45614 2.45689 6.0515 
4.06143 2.97917 12.2865 5.48872 1.44016 3.91233 6.96183 5.20602 
6.49005 7.90933 8.47623 4.98189 1.90211 3.95016 4.61099 5.20602 
4.82764 1.60907 5.57923 0.778466 10.1982 3.70009 1.79637 8.48986 
1.96541 9.01989 2.08183 6.16046 2.93844 2.30898 4.15694 2.51172 
3.7722 17.0765 3.25429 4.47795 0.920442 2.08183 5.94992 4.74084 
1.1577 5.81656 5.87985 1.58687 2.37103 2.13026 3.41979 1.08373 
1.75803 5.5243 2.58631 10.4703 5.30244 3.85149 1.38441 3.84386 
2.9427 2.43243 1.29019 4.05471 5.44289 2.78587 12.4386 5.45865 
1.74686 1.0025 2.00449 3.99505 1.18285 2.74955 3.65927 4.6576 
2.58179 4.52477 8.42884 2.1733 3.60489 2.12287 2.54378 1.72465 
3.53656 1.90226 3.25947 8.5791 2.43243 2.93844 6.82875 1.49295 
4.04421 4.72918 5.30412 5.44553 1.86236 2.06903 2.43023 3.18597 
4.30979 1.92842 2.41315 2.79043 5.20602 6.91932 4.00489 1.65629 
3.14836 2.1597 7.31276 5.13824 11.0214 7.95514 5.8732 14.233 
3.92306 2.78587 4.85492 5.83328 5.17542 3.47701 8.23233 4.69443 
6.95555 2.60808 1.50436 37.2352 4.60466 4.29662 1.91487 1.83784 
12.4838 1.10254 6.69843 9.29583 3.40523 4.4133 3.25535 1.62972 
4.0487 2.83945 4.20981 5.13824 2.51586 4.02641 2.56276 5.34414 
2.49536 4.87767 6.62042 5.78287 1.66084 2.17225 2.9449 4.33947 
3.76165 1.48263 2.44736 3.79792 2.6267 1.17287 5.45614 3.03799 
7.77748 6.09931 5.73453 2.82955 7.41998 2.62851 3.35173 2.42705 
1.52981 4.52477 6.41304 0.810018 4.32393 8.79521 4.32076 19.6789 
2.0883 2.89723 1.49295 5.00675 5.16544 3.20334 0.940347 2.70764 
13.0549 1.68784 16.6508 3.99505 0.839675 5.12466 5.5243 1.91487 
1.36413 3.08671 7.16707 2.73751 11.479 5.06757 2.71224 5.07645 
0.476935 5.42369 8.04875 1.48856 3.9629 0.423443 5.8586 1.26206 
4.91517 3.67111 1.75959 5.53413 4.52104 1.82428 3.13031 6.84075 
0.536656 4.63885 5.11081 3.10371 11.4399 1.29267 2.68135 2.10693 
2.68135 0 1.88389 2.48069 0 4.37696 1.30656 0 
1.88389 0 4.27895 1.49071 0 0 0 0 
0 0 0 0 0 0 0 0 
0 0 0 0 0 0 0 0 
# LVDC U2 t0 parameters T0 Error 
0 0 0 0 0 0 0 0 
0 0 1.01835 2.76455 2.89278 0 2.76455 5.65685 
5.65685 1.49071 4.27895 1.30656 2.44949 1.88389 0.707107 0 
1.01835 1.8235 3.88235 2.68135 0 2.48069 1.88389 2.10693 
2.30479 8.71942 5.09877 4.11439 0.707107 4.27895 11.7132 1.01835 
3.56009 10.5618 1.48856 15.1688 1.60541 2.834 3.672 0.985211 
1.72892 4.92278 1.38441 2.39109 3.7722 1.48856 3.12289 2.62149 
1.19166 4.38719 4.39425 6.16203 4.17871 5.36898 1.69443 1.41978 
10.9601 4.44324 2.74594 0.358162 13.0092 2.38562 8.04668 2.45389 
1.57093 7.97504 1.57093 1.91487 4.68979 4.86797 5.77851 4.18472 
3.6874 6.28642 3.46954 9.86978 2.1741 3.48993 6.67685 5.62594 
2.64914 3.40369 19.2245 2.80614 4.31647 3.31473 6.28642 2.41315 
8.08462 3.3368 2.30898 5.77851 1.28886 6.35756 3.45924 1.12498 
2.58199 2.56424 5.98963 2.51586 1.1548 4.22184 8.30596 0.695764 
2.97965 6.01294 0.549342 2.41838 3.25355 10.1866 3.3143 2.34477 
1.68628 5.61989 1.76722 6.67685 5.40161 3.672 5.15553 0.764941 
7.17607 2.60821 5.31352 3.7931 2.06903 2.58199 3.2983 10.501 
4.75032 7.19438 5.31352 3.08671 4.34702 1.38441 3.05031 0.786195 
11.6533 1.345 16.2289 4.69736 6.8695 4.30994 8.18437 1.1454 
6.79164 6.6394 1.2946 0.593166 12.4091 6.01294 24.8933 3.90702 
11.5951 18.2923 9.94036 2.77293 5.98963 7.88164 0.682976 9.04036 
6.18352 25.0623 3.03799 1.9536 3.35388 9.66539 8.92544 2.43243 
2.84572 5.77311 1.62259 7.44382 3.77676 3.35388 2.8003 4.51633 
12.6219 3.3886 8.79259 7.45803 5.06243 1.72737 2.78587 4.15969 
6.01294 2.67245 6.79164 4.98189 2.83493 1.3575 5.9716 2.17174 
10.2683 2.2621 2.55726 2.64914 3.87081 2.8806 5.25923 7.05507 
7.51864 2.05427 3.51172 2.3321 3.6796 4.71492 1.29019 4.83283 
4.92203 2.89685 4.49336 3.56676 4.42877 5.70448 6.72721 4.04293 
1.88389 3.74947 4.43899 8.3518 4.15969 8.14137 9.27663 2.27297 
2.2546 2.66021 1.86401 4.88277 2.23159 17.1602 19.6851 2.04064 
6.00516 3.68615 0.993808 4.58261 13.8086 5.83328 6.16656 4.83689 
0.211358 2.51181 4.15231 6.09931 3.3368 1.104 8.06841 2.55135 
7.34096 35.8139 1.30903 3.93012 4.61099 7.8705 2.86873 2.62569 
1.26116 11.4909 3.78864 4.15694 7.81613 2.60726 2.45566 3.40523 
8.18437 1.2682 2.06163 1.5919 1.20356 5.40157 2.90766 0.864761 
3.28343 4.0076 4.19075 11.4334 9.50897 2.0883 2.86846 5.6881 
6.62042 1.17269 3.74947 3.98919 4.62795 6.03918 4.5426 3.37759 
1.64031 7.00385 5.45682 4.81284 6.01294 5.40157 13.059 1.64031 
6.6394 2.86964 1.28886 3.92363 1.92539 2.23291 10.498 2.5151 
2.77293 3.82391 5.40453 4.72759 3.49558 2.36576 5.58019 8.8366 
2.21437 4.92278 1.03009 4.4952 5.18416 4.44324 4.17871 0 
1.345 5.03908 1.17235 15.7251 1.87467 1.60541 3.40369 9.41238 
5.11081 1.48856 3.03895 1.09689 1.29267 4.37696 5.03127 6.10432 
2.68135 2.89278 0 1.8235 0 8.41245 4.37696 5.65685 
0 3.61068 0 2.76455 0 0 0 0 
0 0 0 0 0 0 0 0 
# LVDC V1 t0 parameters T0 Error 
0 0 0 0 0 0 0 2.89278 
1.88389 1.90459 0 2.89278 0 4.37696 4.27895 2.68135 
4.27895 1.49071 6.10432 3.61068 7.02947 0.982114 2.10693 0 
3.53159 0.707107 4.11439 3.53159 1.40833 9.55595 5.09877 1.90459 
1.30656 2.10693 1.30656 18.2842 0 0 0 5.039 
0.951057 0.707107 1.73567 13.6646 10.0602 3.0769 8.96812 4.44324 
10.5372 1.47647 2.27695 3.05511 7.9013 4.44324 1.38441 7.53691 
1.50375 2.31183 6.20288 5.58198 3.27746 1.53819 1.53363 1.21656 
12.1088 2.1472 6.31173 1.36951 6.21094 5.62438 2.71224 10.1586 
2.27695 6.81821 1.07082 2.93068 3.03369 9.31358 2.00048 2.07311 
3.56975 3.46026 3.53337 3.36301 7.37061 5.70448 1.24009 4.0487 
4.34702 5.1479 8.34741 9.46041 4.86797 3.76844 5.98963 12.6219 
1.46349 6.12524 2.74955 2.85872 13.0549 5.19746 5.22653 1.78004 
1.50614 5.95673 1.76064 1.64031 6.26016 2.74647 2.30479 2.77492 
3.45026 2.2546 1.86665 2.03492 3.62249 8.52929 7.4559 5.08876 
2.83493 6.19649 0.826175 0.63747 4.92203 5.26628 2.12202 7.34096 
5.56617 2.11975 2.60206 8.47724 3.96206 15.7639 5.62594 6.47711 
2.64914 1.89386 3.77676 4.92278 2.56746 5.81656 7.05623 3.25355 
5.60989 9.73441 12.735 0.931429 8.5791 3.77676 2.93068 3.17526 
8.48986 14.6125 3.75485 2.07017 8.8832 3.56975 3.24823 2.22334 
3.76028 6.81445 2.89685 9.69501 4.97864 6.37431 2.06522 1.68691 
4.82764 2.6224 10.1498 8.48986 1.96567 7.37581 10.1982 2.85872 
1.7104 5.30244 2.86846 9.98603 3.55736 1.48883 4.19075 2.51181 
3.12549 9.98603 8.85695 1.91725 2.98978 10.829 5.18416 5.75425 
3.03799 2.74647 5.70448 6.79164 2.27256 2.83029 10.5047 4.07709 
5.25923 4.26268 2.8806 1.92579 4.7746 2.64102 3.86445 4.47411 
2.10318 13.3725 8.09866 1.63975 2.11975 3.0842 3.53656 1.82981 
3.03514 1.37105 2.68659 1.31864 2.56746 3.01762 2.74594 5.8099 
1.37798 1.18285 3.28079 3.77075 3.24708 1.52108 2.35143 12.2091 
4.30979 3.37759 2.43023 16.2136 3.861 5.54385 1.96541 3.4688 
4.86797 8.62475 3.54776 5.41003 5.06798 12.6521 2.83851 1.94149 
1.68784 9.18238 4.42877 1.82357 8.06821 1.1454 7.01875 2.93427 
13.6829 3.92306 7.2103 4.96343 3.95098 4.68979 7.88891 2.43118 
4.86975 3.82114 1.79129 5.55625 3.63081 9.88144 1.92563 2.53264 
4.979 1.82284 3.12549 3.56975 1.18427 5.44289 6.60174 4.16046 
4.72918 6.62042 3.34519 3.84294 7.68848 3.18754 11.9885 6.54696 
18.3711 10.1866 2.38411 6.40149 5.77311 5.44289 1.52108 4.44481 
3.35173 10.498 7.44382 13.5413 0.646128 3.3277 0.236643 4.67108 
2.15847 1.24492 1.50375 3.61762 5.71144 6.48682 1.77775 2.99909 
4.92278 5.0455 2.74597 1.20356 7.66927 4.26367 1.2682 3.05511 
5.40453 0 4.60056 2.60726 1.18297 1.89021 11.4399 3.11386 
1.75901 6.84075 2.89278 4.60056 3.61068 11.7132 1.8235 2.23357 
3.64933 3.0075 0 0 1.01835 1.30656 2.76455 0.951057 
1.90459 0 0 0 0 0 0 0 
0 0 0 0 0 0 0 0 
0 0 0 0 0 0 0 0 
# LVDC V2 t0 parameters T0 Error 
0 0 0 0 0 0 0 0 
0 0 0 5.65685 1.90459 2.76455 0 1.01835 
1.88389 0 1.49071 0 1.01835 0 0.681626 8.41245 
0 1.30656 1.87467 5.39001 3.0075 8.71942 5.11081 0.707107 
1.89021 1.49071 1 4.85492 9.41238 1.0286 3.9629 11.2999 
6.44813 4.21768 3.9629 7.50291 2.82505 2.82505 4.15694 1.91487 
5.06933 3.28 1.25969 6.48682 4.44324 5.06933 7.08787 3.36301 
8.41955 5.03908 5.17749 0.423443 2.77293 3.71691 5.7016 6.88815 
4.68979 5.03908 2.44949 9.31324 1.91491 2.37103 3.7286 1.72465 
2.17162 2.03492 3.25947 4.51633 2.03933 3.17526 5.5546 3.04813 
4.72918 1.65246 1.0507 6.58247 3.95587 7.6356 16.2136 2.80614 
8.17587 6.03531 2.3988 13.2789 0.781387 9.78855 11.3995 4.52956 
1.65246 2.82505 2.12202 2.06522 1.04434 4.51368 8.5791 4.44324 
5.58019 5.07645 7.03155 7.19438 1.88274 4.08281 1.0492 2.31074 
7.5967 3.78864 6.16339 4.12813 0.744485 4.75032 0.629518 5.38282 
4.97406 6.95555 3.20334 9.88144 4.17871 2.77492 5.0535 2.77492 
1.36592 7.68035 4.0076 2.26687 2.37413 3.44893 6.25522 11.5951 
1.09204 3.92306 3.65927 7.19438 1.90117 5.14245 2.36576 2.58663 
10.0045 0.19245 6.81821 2.45389 2.51586 13.1984 2.1416 6.49005 
2.25224 0.902201 1.39499 1.50375 5.19746 1.84524 5.71144 3.29685 
4.86797 15.9964 2.8003 3.71917 9.8236 17.1602 2.97965 5.88148 
0.717262 3.33756 10.3894 2.08205 5.73593 1.76722 2.1741 4.05755 
1.9866 3.71691 1.58947 4.58261 11.3995 7.58714 0.673892 3.28 
4.33464 6.39372 5.93616 7.05507 1.345 2.34943 5.79563 2.1597 
2.89685 8.03549 11.4622 4.1211 4.58261 5.99049 2.94124 5.14245 
2.82505 2.87266 4.61099 4.39735 5.30264 3.31611 2.30479 2.2733 
4.05169 9.11812 7.88164 2.98978 3.85149 8.47623 6.81864 2.23404 
1.76954 3.70895 4.98019 10.4703 2.10737 2.25224 6.74232 2.93184 
2.6006 9.8236 0.606445 2.97965 5.81656 1.13256 3.47701 12.4969 
0.744525 4.86378 4.18838 1.30675 2.70085 3.0842 1.24009 4.24553 
8.3518 3.55689 1.77272 13.958 1.35652 13.059 5.23096 1.61449 
3.45924 2.09043 1.7823 1.99862 2.46998 1.56865 2.96639 3.74947 
6.56417 4.1211 2.38562 1.22474 1.21539 6.25522 7.19888 2.74594 
4.0487 1.40851 6.71689 0.741895 1.29904 4.51368 3.33016 7.38625 
1.96663 7.79969 4.979 5.97473 6.37431 7.08391 5.44553 6.11751 
7.89098 3.12289 4.6181 6.47711 2.45566 6.25535 16.0905 2.5355 
1.08373 6.40572 5.53774 1.63334 1.00186 12.634 2.63027 10.1279 
3.17526 4.3298 3.60489 3.61762 3.96206 2.79043 5.45476 3.51172 
1.85927 3.21137 1.82812 6.16203 11.4622 5.79097 3.2983 2.80028 
6.26016 6.31173 11.3995 0.941945 3.7286 3.75485 6.44813 3.40369 
2.19831 15.9806 1.1867 3.7286 1 2.03933 6.28642 6.37802 
0.353553 3.47325 3.40369 3.05511 0.536656 1.89021 3.11386 4.0891 
2.74597 4.18838 1.18297 4.18838 9.94544 2.15154 0.646128 0.524599 
1.01835 4.27895 5.65685 5.11081 1.29267 0.982114 1.01835 0.781387 
0 5.65685 0.707107 2.76455 0 0 0 0 
0 0 0 0 0 0 0 0 
