# RVDC U1 t0 parameters T0 Error 
0 0 0 0 0 0 0 0 
0 0 0 0 0 0 0 0 
0 0 0 0 0 0 0 0 
0 0 0 1.90459 2.89278 0 2.89278 2.76455 
2.89278 3.43295 5.77878 4.27895 0.982114 6.75779 3.40369 7.09561 
1.89021 3.51257 1.46302 5.8586 3.45924 1.88389 6.03438 3.39622 
1.55123 2.0078 6.50617 2.80614 4.21207 3.45924 17.1602 7.00385 
8.5791 2.30479 1.60541 3.47325 5.62639 0.782886 4.68162 1.95511 
1.86223 3.70009 1.50375 2.62149 12.129 1.65654 11.3635 5.94992 
3.28343 2.15847 1.55123 1.36951 3.81832 4.5426 2.90983 6.21094 
2.32058 7.19888 3.35358 2.96322 0.897464 1.31859 5.79237 1.64575 
4.51368 2.55726 5.06243 5.73453 2.93184 4.12939 1.27842 4.62373 
5.06243 1.89172 1.97228 2.60808 12.0094 2.74647 3.02066 3.2983 
5.03575 5.6981 2.62173 4.84708 1.80496 9.31358 6.77477 4.60627 
4.79046 5.13306 3.44893 1.50614 5.15663 3.47701 2.19945 2.81174 
4.36985 2.89729 2.59011 10.1344 3.25429 5.08876 4.48928 5.30412 
4.75032 5.91134 7.09172 3.36301 6.12524 2.53403 3.64727 1.45775 
5.89981 2.80028 1.39779 1.61984 4.6181 3.50823 8.82728 3.79792 
2.66664 1.23756 4.65411 2.08879 11.4234 8.22053 6.42673 1.35652 
4.15231 5.91134 4.07033 3.35173 2.30113 2.16611 10.2316 5.3839 
5.3876 11.0033 4.07709 7.81613 8.26328 7.24153 6.62042 5.34208 
3.6796 2.83945 5.68788 2.55851 1.57194 7.60355 5.8732 4.65977 
0.957811 5.01596 1.49083 3.48148 5.09529 4.55447 2.0157 5.27676 
4.18849 4.32303 4.76271 2.07031 6.9511 1.10857 2.74945 2.78859 
1.81037 3.83818 17.68 6.53198 5.14309 13.6689 8.13421 5.14309 
6.79825 2.06522 1.42249 1.34264 6.40572 5.89468 10.1343 8.21214 
5.13075 5.36994 4.61099 2.33817 1.53382 1.25817 13.2754 3.5772 
2.72523 16.6983 1.78784 2.15272 1.39202 2.0166 1.86665 3.55018 
3.37378 8.11883 3.74719 3.44399 2.4168 4.6988 6.96183 12.3943 
5.29091 4.24332 5.62527 5.1004 4.88516 2.97342 4.21911 4.03262 
11.1109 2.81824 3.58755 5.93382 1.45775 4.82643 6.24041 1.42249 
2.89729 6.15055 11.2351 7.30293 4.49778 2.40171 3.02478 0.818119 
1.05376 5.69205 4.77958 4.88505 19.6427 1.84535 6.55672 5.34208 
2.44724 2.26215 7.02144 2.20744 2.09063 4.89514 2.68964 10.4151 
7.12263 1.35652 8.05775 2.28433 3.83831 4.36678 3.40523 16.6808 
2.17399 1.58263 3.71509 5.60155 2.00332 12.2284 3.05904 1.48153 
7.08446 3.9899 9.00024 10.9045 7.50382 1.91725 6.79825 6.24209 
11.914 9.35441 3.14435 4.19594 7.33971 2.62149 6.81445 2.97965 
2.14245 7.20873 2.32352 7.41154 1.86665 4.07033 3.38669 3.89009 
5.13616 7.11529 2.49616 4.44324 7.53691 0.45987 6.44813 2.31183 
5.40453 1.65246 1.26206 0.681626 5.77878 3.06663 5.09877 2.23357 
0 1.90459 4.27895 0 0 0 0 0 
0 0 0 0 0 0 0 0 
0 0 0 0 0 0 0 0 
0 0 0 0 0 0 0 0 
0 0 0 0 0 0 0 0 
# RVDC U2 t0 parameters T0 Error 
0 0 0 0 0 0 0 0 
0 0 0 0 0 0 0 0 
0 0 5.65685 0 0.707107 1.30656 0 3.11386 
0 4.37696 0 7.492 2.834 5.09877 2.62149 0.681626 
3.67111 7.62194 1.87467 5.07645 2.39109 2.71224 2.8142 2.83029 
2.58736 1.44016 5.82302 0.540034 0.863285 6.95555 5.18416 2.85543 
2.27297 3.62249 8.26294 4.51368 9.18124 3.03717 6.49005 4.34702 
2.78095 4.83689 1.82357 5.05063 4.3298 3.2983 5.18416 2.41553 
9.04036 3.33756 5.82302 2.93184 3.73268 3.57156 27.229 9.19168 
3.84386 1.86665 4.8 2.06903 2.97965 7.20873 4.8 2.56424 
2.20453 4.03837 10.829 2.62068 2.95732 3.16011 2.88075 2.75913 
7.15077 2.55502 7.62588 1.09003 4.82798 4.12759 5.06243 7.66728 
4.92203 8.45879 15.4726 0.730338 1.78561 5.13824 2.94124 3.53337 
5.7784 0.593286 7.55247 2.77145 3.60156 1.58687 8.78779 1.16656 
2.98219 10.7956 1.0025 2.97342 4.97638 8.09422 2.1597 4.43125 
6.81445 5.07645 0.606445 11.6391 6.78042 4.62861 7.97453 9.1504 
6.32527 4.12813 4.18778 1.5859 3.06412 5.46661 3.24621 3.6149 
1.48153 14.3779 2.56746 1.45775 3.04383 2.13593 6.0528 2.36161 
4.89218 2.97965 2.45389 1.61984 11.9706 10.4853 7.56528 2.51931 
2.36872 4.47795 2.25224 13.91 2.09154 3.35358 2.56424 1.36918 
8.84374 1.02288 4.32393 5.39877 5.12066 8.78779 6.42673 3.81832 
6.64865 2.30538 4.07709 6.2695 6.38045 8.26086 7.8705 4.34702 
2.32352 3.25535 5.10383 6.4173 7.19054 5.53187 4.06423 6.78145 
4.35586 5.32619 6.97953 1.7799 1.97002 8.22222 10.0925 2.93371 
4.38963 4.66245 3.34519 3.68235 2.08156 9.60239 5.8732 4.44671 
2.05832 4.20533 5.30412 2.06479 3.97963 3.12342 1.359 6.70632 
3.48483 12.907 11.8848 10.7177 8.20589 3.34583 8.35964 3.62189 
1.78383 0.695764 4.47385 2.43118 2.85468 2.38381 1.18285 3.68692 
2.84685 3.15799 4.7065 4.02279 3.89803 9.38433 2.62149 4.38763 
4.78078 6.3104 3.50797 5.75075 6.05444 3.85089 1.96683 3.27572 
3.05666 1.69838 3.18308 5.44553 2.26687 2.45432 2.80927 3.94646 
2.50115 5.01596 3.4973 6.08093 2.17427 6.4099 3.00627 2.09181 
2.77145 2.72127 2.86245 5.7784 3.6874 5.70772 3.21137 2.35173 
1.31864 2.58736 3.7421 3.37759 2.6204 3.64931 6.76156 6.53198 
4.50819 4.55799 4.88277 3.24943 9.94411 1.9975 4.07455 4.95744 
1.70513 9.58638 12.6264 1.88977 4.54132 1.03358 6.31858 1.10164 
2.65796 6.21684 4.75786 4.62861 6.08027 3.8628 1.86401 4.21839 
7.1679 3.58751 6.56844 1.68628 11.6292 1.7823 3.46268 2.21099 
3.89908 6.64865 10.5659 1.00082 1.45584 1.95124 1.57093 2.21152 
2.03492 3.30031 5.57923 6.90305 16.3938 13.6209 4.72759 2.86969 
9.58454 2.27256 8.45244 2.75689 5.14245 3.60489 6.16046 1.86665 
3.10371 1.61449 1.04737 3.27746 4.17871 1.29267 7.9576 2.30479 
4.60056 2.48069 2.44949 1.8235 3.11386 5.72194 3.53159 0 
4.27895 0 0 0 0 0 0 0 
0 0 0 0 0 0 0 0 
0 0 0 0 0 0 0 0 
# RVDC V1 t0 parameters T0 Error 
0 0 0 0 0 0 0 0 
0 0 0 0 0 0 0 0 
0 0 0 0 0 0 0 0 
1.01835 1.90459 5.09877 0 2.44949 5.11081 0 5.11081 
4.86209 1.44016 12.6496 3.10371 14.3084 2.48069 4.58258 4.92278 
0 12.8078 3.03799 4.42693 1.81728 7.93301 0.778466 2.834 
12.7201 4.18472 4.47892 5.14245 2.30113 5.4207 2.62932 2.93184 
3.53337 1.81728 4.07033 1.68784 5.36898 3.88876 4.67108 6.52259 
3.7286 7.36873 3.45452 4.21608 1.96567 2.51959 2.48231 5.62639 
2.09043 1.50436 1.2682 5.82302 4.30632 1.77775 4.2797 5.4389 
3.19806 3.92363 8.41955 5.62639 3.21396 9.44544 2.69728 2.15719 
3.91616 10.3398 1.72903 2.8806 5.14309 3.6411 4.86797 14.7052 
0.888656 4.979 8.90705 7.15077 6.27324 4.02236 2.41315 5.56616 
3.68235 3.08275 1.79652 3.45924 2.63747 2.73751 0.741895 4.66831 
4.76273 10.7869 7.58263 6.66708 2.5151 7.99407 6.19649 3.15376 
1.94912 1.10529 4.31647 2.59011 3.81998 2.45461 4.36313 5.13306 
1.23157 2.55032 3.56975 1.68784 3.07626 2.60206 3.16327 16.7401 
2.09433 1.42068 4.77409 4.2797 4.47411 2.66557 4.21839 9.46734 
2.03799 11.0033 3.88188 8.70307 2.59115 5.34414 8.06821 20.3638 
4.55155 14.1828 5.91808 5.7335 4.66864 1.74578 2.18216 19.0421 
3.28838 3.34124 3.79792 3.79087 3.08671 1.46778 5.12683 3.15477 
7.27748 4.16342 6.82526 1.68396 4.61099 3.88477 5.05943 4.73678 
4.65411 2.38381 6.62042 9.6753 6.63222 12.2226 6.17649 1.24095 
2.19982 2.34583 7.42165 2.33874 1.64645 2.68439 7.17988 1.3575 
7.17665 3.9576 3.97623 2.48716 1.16342 1.76064 2.67245 2.4478 
7.38956 8.20589 5.46045 7.50607 2.13026 4.4576 3.64953 6.86432 
4.79864 3.66987 2.05831 2.06531 10.6079 6.82642 6.98219 1.91541 
11.3722 0.963965 4.63863 4.77177 2.05832 2.02265 3.82424 4.26268 
6.0528 6.12381 3.97515 4.59517 9.68355 3.12342 5.29441 2.18829 
1.65702 6.53198 2.34395 3.49653 8.70555 6.91542 2.78095 2.0841 
2.96322 10.2703 1.3969 6.61416 6.7831 1.56743 4.95149 2.87805 
2.61616 4.41493 2.49894 5.57738 3.85149 6.65495 4.13426 2.64381 
3.65214 4.32459 11.6275 5.70226 3.40399 4.97102 8.03226 7.55247 
2.85671 3.59002 12.187 2.86876 5.67903 1.88082 6.99262 9.79285 
2.90077 9.55302 5.48886 5.3803 5.16902 5.49285 4.05777 7.24124 
4.57768 3.39663 3.87017 7.27665 1.95124 6.77701 6.21684 1.70291 
12.7027 4.29662 4.31647 1.44083 3.73106 4.23702 3.60156 6.16463 
9.0829 2.08183 4.21137 3.5415 3.55352 5.13824 3.0769 1.86665 
6.12587 8.00961 10.802 7.07898 2.45461 1.26206 1.78548 3.3368 
1.03009 1.13178 10.0312 14.3084 2.63561 3.18049 2.37103 2.48051 
1.50375 4.86209 1.46302 2.76455 2.76455 6.10432 0 4.27895 
1.90459 1.49071 1.01835 0 0 0 0 0 
0 0 0 0 0 0 0 0 
0 0 0 0 0 0 0 0 
0 0 0 0 0 0 0 0 
0 0 0 0 0 0 0 0 
# RVDC V2 t0 parameters T0 Error 
0 0 0 0 0 0 0 0 
0 0 0 0 0 0 0 4.27895 
0 0 5.65685 0 0 4.27895 1.29267 1.29267 
1.29267 0.707107 2.31183 0.982114 6.68353 2.834 3.7286 2.30898 
2.85412 2.07356 1.46302 1.58442 3.03717 8.08462 4.02194 6.26016 
14.7354 0.681626 1.17235 0.441649 5.77851 1.77775 11.8217 3.75485 
6.71689 8.14137 2.69002 3.53337 0.634862 1.49295 4.3298 4.72918 
5.98401 8.5791 2.89685 1.61445 6.96183 2.08205 3.91233 11.479 
1.56436 5.31352 1.48883 1.1247 4.14433 2.67542 15.1619 3.59928 
9.58454 13.8086 1.79085 1.03009 4.42793 2.00648 5.59209 1.91212 
10.035 3.24823 1.50436 7.23361 2.66139 2.74594 6.67148 2.68006 
2.2546 3.60156 5.62639 3.44399 3.19806 5.62594 5.13306 4.05471 
1.86057 3.02066 3.21367 2.53264 0.519539 11.7066 2.89926 1.13178 
2.85872 11.5951 3.12342 7.68035 2.4013 6.98219 7.56528 7.00385 
1.50075 6.20288 1.69184 4.1211 3.80402 4.00489 11.6464 2.58199 
4.97864 4.36782 5.34975 7.40481 3.93601 2.38411 3.81832 1.85927 
5.77311 12.3861 3.62249 1.89172 2.23531 1.56743 3.74947 5.21843 
2.91139 4.65411 4.07169 0.284687 2.82955 17.2318 7.14092 5.07691 
3.84294 4.21608 3.16327 6.71611 5.94992 5.36898 6.94445 4.76271 
1.56787 3.28838 1.12688 8.48595 15.3006 2.02018 8.2455 3.38576 
1.94149 2.9157 6.59143 2.60808 2.93068 2.06064 5.82305 4.17983 
6.59365 4.67108 2.15847 1.96541 5.4389 2.07654 11.3385 5.13075 
2.79036 6.79164 3.6149 2.15847 2.85902 1.4824 7.70721 9.70732 
3.28838 6.78145 4.89793 6.29643 2.57192 8.29259 0.620091 6.89676 
0.901602 7.7199 7.70141 2.6879 3.75333 8.45879 4.34593 4.7578 
12.3943 8.89654 7.99297 6.78145 4.22591 1.28813 2.30538 15.1306 
16.9947 1.5128 4.36782 9.17869 2.30617 8.99283 1.56743 11.8419 
3.12406 11.0048 5.1959 1.42844 1.75951 1.59696 2.62314 2.1741 
18.3898 5.34208 2.51798 1.76722 3.6411 3.65214 7.09172 2.51534 
2.62888 12.5747 1.30512 4.26268 9.57164 5.32214 1.79912 1.94958 
8.28445 4.0382 2.2704 5.25923 5.99538 2.29418 2.6224 2.43937 
9.06104 7.16662 7.12058 4.15438 4.53865 2.94377 3.6989 1.55645 
2.24349 10.9445 4.79188 6.53812 7.88891 3.40168 2.23404 9.0234 
2.90142 6.98484 4.89476 5.69205 4.09794 3.05236 4.10009 9.89022 
3.19707 1.78438 7.38625 3.66054 7.79067 12.4525 5.46661 1.88274 
2.31077 1.77574 4.23702 3.71917 4.71492 5.55625 3.74719 1.22855 
5.62072 1.7799 11.8419 4.79145 2.43308 5.53722 4.9334 8.06821 
5.33453 4.4666 1.45944 2.03799 1.30322 2.12888 4.22451 7.97453 
4.2797 3.3105 12.0609 4.20923 1.53382 5.22653 3.39026 2.07311 
17.9773 12.0036 4.34702 3.37759 5.31011 10.1982 6.46697 2.30113 
1.38441 6.72442 4.6576 1.68527 5.70448 5.98401 2.20195 3.91233 
3.71471 2.89685 4.55077 3.45443 10.432 3.06663 1.87467 0.598324 
2.60726 3.43295 2.50954 1.88389 0.681626 4.11439 0.951057 2.68135 
1.01835 6.75779 0 0 0 0 0 0 
0 0 0 0 0 0 0 0 
0 0 0 0 0 0 0 0 
# LVDC U1 t0 parameters T0 Error 
0 0 0 0 0 0 0 0.707107 
1.90459 0 3.61068 1.88389 0 2.76455 0 0 
3.53159 2.48069 4.27895 1.49071 0 3.06663 1.89021 1.88389 
0 5.11081 0.951057 2.48069 1.87467 8.39833 0.707107 0 
0.951057 3.13031 4.11439 4.37696 1.88389 7.02947 5.21886 0 
4.18838 3.0075 3.47555 8.04668 5.72194 2.42369 3.59815 5.18416 
1.83152 10.6809 8.55939 6.48682 6.52259 7.05623 0.985211 9.42424 
0.951057 1.39285 6.71689 1.89445 3.3886 2.45389 4.01126 5.56616 
6.81821 5.31352 4.36782 2.34487 3.12289 3.53337 0 1.39285 
2.93184 4.36148 19.6778 3.95016 9.01989 4.87472 2.00048 4.77379 
1.23122 4.05471 1.22474 4.00788 6.67685 1.03009 3.17135 0.64777 
0.892755 1.10493 10.3894 2.1472 6.40149 9.78855 15.7639 0.515213 
2.60808 5.07305 0.690047 9.18284 5.06243 6.35851 3.01987 1.52981 
0.782886 6.81821 3.46954 1.89567 2.63027 11.7631 4.32393 10.9924 
5.87988 1.67724 8.61224 4.36148 1.39951 4.1994 8.22053 2.4013 
4.66831 9.04786 4.89218 2.80614 4.52477 2.27695 1.45642 3.03799 
4.20533 1.82357 2.74594 3.51364 7.38956 3.67014 3.44893 3.53656 
7.68035 13.8086 4.87472 5.3839 2.86969 1.02023 5.034 6.29643 
6.71488 8.87512 13.2828 5.06243 7.37581 14.9453 4.16553 2.23404 
1.84524 4.44996 6.37431 4.04421 3.44893 2.07311 2.30898 5.79855 
6.10956 0.939184 7.83341 1.64154 3.0842 11.416 2.97342 4.21137 
1.42953 4.88516 1.7136 10.161 2.19425 3.49558 8.60768 6.72721 
4.18838 2.55726 3.93245 2.73504 3.93245 3.61762 1.65654 7.24211 
2.43023 3.76028 9.20032 0.826175 0.236643 0.864761 2.74594 4.3298 
2.19425 2.43243 5.76281 9.99005 1.27641 5.67387 2.69728 4.01126 
4.36313 3.97946 1.51429 3.6874 2.47343 11.2067 7.1553 0.553057 
8.26182 2.29292 5.19746 2.06522 3.28343 4.68773 3.36314 2.15889 
9.19168 2.94124 5.36898 9.04639 5.034 1.58442 1.89172 1.86065 
3.94884 0.400766 5.23096 4.9334 14.4242 2.08205 2.58961 5.74395 
3.53656 5.01596 8.96271 14.233 3.1311 2.30889 6.60174 3.60156 
3.65323 2.94124 3.88876 3.12342 2.45689 7.89098 3.08474 5.80611 
3.62249 2.25224 4.51633 2.83258 1.0492 23.6156 1.65795 2.30538 
4.22591 12.7956 12.4315 5.36898 1.7116 8.58467 4.47795 2.74653 
9.65304 11.6464 2.71903 1.77775 6.976 7.89098 1.12088 3.81998 
1.89567 2.09565 4.75532 3.64727 5.27921 8.44885 1.22474 2.63561 
5.34414 3.49879 3.05666 4.02407 3.24621 0.864761 2.3427 5.88148 
6.4099 6.78145 0.695764 5.62438 0.816964 1.09804 6.46697 3.04177 
8.63252 7.00675 4.49336 4.11694 7.05623 2.59138 2.89685 4.82764 
1.79637 6.28642 1.65246 4.21608 2.62149 0.402575 5.77851 3.67111 
2.64944 1.49891 5.53413 2.5151 4.11694 7.70921 9.41238 0 
2.37134 5.9716 3.40369 0.524599 1.48856 2.37134 3.51257 1.40833 
2.10819 4.86209 2.68135 2.48069 9.55595 4.11439 13.3218 1.87467 
1.01835 1.01835 0.707107 1.90459 0 2.10693 1.30656 1.01835 
0.536656 2.89278 0 2.89278 0.707107 0 0 0 
0 0 0 0 0 0 0 0 
0 0 0 0 0 0 0 0 
# LVDC U2 t0 parameters T0 Error 
0 0 0 0 0 0 1.90459 2.76455 
1.90459 0 1.30656 1.90459 1.8235 3.61068 4.27895 5.65685 
0 1.01835 0 5.65685 1.30656 5.09877 5.65685 0 
1.89021 8.41245 2.76455 4.11439 5.09877 6.75779 0 2.48069 
1.30656 8.41245 1.08766 5.09877 14.7354 0.982114 3.13031 4.63885 
0.423443 4.81797 3.05511 4.98019 10.1866 1.65654 1.91491 2.41315 
18.2842 1.23469 1.53819 2.31183 8.60768 15.0879 1.2682 2.06903 
14.3084 8.84145 2.05794 5.7016 2.73751 2.91448 3.82114 1.65246 
1.18285 2.88347 2.85468 5.49047 6.8328 4.19075 3.17779 3.10371 
1.39285 4.0487 9.04639 1.91212 6.25522 3.48159 10.9859 2.05794 
7.68035 1.22498 1.15815 4.15912 7.9013 3.33016 4.80804 4.36148 
6.20848 0.758947 2.72538 1.2946 8.84145 1.45584 2.51172 3.82391 
6.51831 5.7016 2.73751 9.31324 3.46026 10.5942 7.90933 2.54378 
3.77676 5.8586 1.70166 1.20356 3.18049 2.95494 4.82764 4.29061 
5.56616 9.51002 6.81864 3.45592 4.4666 1.1262 3.82114 11.9207 
5.49047 2.69002 5.45476 6.67685 1.22498 2.9427 1.21539 11.0187 
3.53656 3.53337 4.07709 2.75152 2.23357 11.3995 7.68035 2.27919 
6.37431 2.32691 3.75809 1.12688 0.482068 1.32886 7.00385 6.16046 
3.44399 6.41839 5.15553 1.73205 2.03933 14.7052 3.31714 2.33778 
2.27695 7.37061 6.24284 4.50819 1.50994 1.68527 9.78855 1.39285 
0.741982 2.17174 12.634 0.402575 2.82505 2.94124 1.97633 3.08275 
1.7116 3.36669 0.810018 3.21396 6.91932 3.89026 3.95587 2.65118 
5.54375 1.4824 4.36313 0.379518 6.50617 2.3988 1.30675 2.11213 
3.05511 1.95511 1.61959 4.06423 3.27746 6.03531 9.19168 0.955939 
3.06412 9.44544 3.45142 6.35851 1.83784 1.58442 7.17279 1.29072 
4.65437 3.01987 4.19075 4.36148 7.38956 9.55336 5.31352 11.1101 
2.38562 0.972754 2.85902 3.17196 2.06064 1.03177 2.0883 2.36524 
5.59209 2.46305 0.696468 1.67973 7.10027 7.12524 4.39425 2.27297 
3.18597 6.24284 4.79046 5.39204 5.98963 1.67724 3.28838 4.89793 
2.73751 3.83818 2.75689 6.72442 4.57248 6.49005 3.64918 0.809925 
1.86222 4.33464 4.21137 2.60808 1.99549 1.63975 5.38282 11.0232 
2.8806 2.74955 1.44083 3.44399 1.75244 1.68628 12.6572 3.4688 
9.54604 3.24003 5.99236 2.94696 6.79229 2.67337 1.1577 1.68628 
5.02247 7.7199 7.60756 1.4783 4.20533 2.1457 5.25923 14.1828 
1.47261 2.17174 4.86797 13.0092 3.04274 2.06903 7.50291 7.79067 
6.33753 4.57248 2.44736 4.70949 2.41838 5.8732 3.6745 16.0786 
6.00516 8.17243 0.963965 3.43167 5.53885 5.59209 4.66718 6.76577 
2.05501 4.92242 0.816964 4.18778 7.8705 4.77379 0.839675 3.93245 
3.94884 5.48872 1.1577 2.8003 3.05904 6.67923 4.79046 5.45865 
3.92363 1.88274 1.96541 3.78864 0.358162 4.44324 3.82114 3.89026 
1.02437 5.1479 12.6196 1.68628 5.53413 5.45614 8.27866 12.6196 
6.67685 4.63885 4.26367 4.55077 0.985211 1.88105 6.26281 1.0492 
3.0769 0.951057 3.64933 2.34487 3.88581 5.03908 2.42369 6.26281 
0.951057 4.18838 0 0.646128 2.834 1.01835 6.84075 2.89278 
0 1.01835 1.30656 1.49071 1.01835 0 0 0 
0 0 0 0 0 0 0 0 
# LVDC V1 t0 parameters T0 Error 
0 0 0 0 0 0 0 1.01835 
0 0 0 1.88389 2.89278 0 2.44949 3.61068 
3.56009 2.15154 4.37696 0 0 0.536656 0 2.68135 
1.29267 1.40833 0 2.76455 1.29267 5.72194 6.10432 2.74597 
2.89278 7.9576 4.60056 4.22958 6.84075 1.0492 5.11081 0 
10.5618 5.18416 2.5151 5.039 0.598324 1.87467 6.44813 5.93587 
3.45924 3.47325 8.26294 1.77775 4.58261 3.67111 3.27746 12.272 
6.51831 7.10027 5.7016 4.0076 17.8226 4.17871 4.30041 1.7104 
5.80611 2.82505 2.27695 4.49117 3.48993 1 3.69311 2.67245 
1.49295 1.77775 5.12469 2.53976 1.88105 4.43469 7.67026 23.0601 
2.18456 7.32481 2.83493 4.71492 2.97917 11.241 0.972754 2.4013 
4.52477 2.45389 4.97406 2.95494 4.98019 3.31614 3.66637 1.17235 
4.4952 1.09003 1.40055 6.70632 0.741982 2.27298 1.70166 2.93831 
2.64102 7.05623 2.48231 2.74955 17.8167 5.43039 2.31074 0.658132 
2.55726 1.65246 3.59815 3.63081 1.21539 3.51117 3.51391 1.83805 
0.918695 2.60206 1.41978 11.3722 4.4952 1.56743 5.7016 3.63463 
17.6111 6.47711 7.10027 17.8167 5.36898 2.58663 2.73414 3.51172 
2.6267 6.6394 4.36148 4.52956 4.54229 1.86222 10.0045 5.30244 
1.64031 4.7216 10.247 3.68304 3.19808 3.40523 12.3462 3.61934 
5.59209 3.74719 8.86134 3.34583 12.4091 1.94149 3.1511 1.74686 
6.60174 3.74947 2.42416 1.23762 1.1262 12.0094 7.97453 3.14367 
9.20032 3.18754 7.02952 1.1867 1.82284 0.848369 6.51831 4.1994 
7.20873 8.13148 3.18308 9.58377 4.23894 2.98763 6.6394 2.30898 
2.78587 5.73593 4.5426 2.00048 3.74947 5.44289 6.12587 3.7361 
4.47411 3.14388 5.31352 2.39109 2.32234 3.77676 7.93301 4.52956 
5.54375 9.98273 3.71917 8.44885 4.65437 15.8037 4.58221 2.85181 
1.24086 4.95149 8.90705 7.67026 1.49295 8.26294 1.56743 5.44683 
0.423783 2.94124 3.54776 8.91493 13.6631 10.423 5.52475 3.9576 
1.23157 6.79164 21.958 1.42947 8.91493 4.05044 2.04169 8.44885 
2.58631 2.33874 1.35871 3.00627 7.37061 5.87988 7.67026 1.21141 
6.27324 1.79912 6.6394 2.57029 10.8097 5.26688 3.56584 8.14137 
7.08359 2.36161 0.902201 3.40546 3.16692 14.2723 4.05471 5.54375 
2.31915 6.48682 4.68773 3.0842 2.51181 2.69637 3.84291 1.09003 
1.9995 0.627963 2.15272 3.44893 1.48583 2.18456 2.85543 2.51586 
5.53722 5.40157 3.62249 5.82302 7.90933 4.89355 3.37759 2.97342 
3.68615 2.71903 1.84696 4.52102 4.90625 6.20288 3.07888 4.86378 
1.6155 2.11213 2.69002 7.89098 3.6796 5.94992 2.99909 2.08205 
5.40157 5.71144 4.03837 4.0487 3.1511 5.12466 1.76064 2.69637 
4.21207 7.9013 4.30994 10.1344 0.379886 3.91233 5.06933 26.0874 
37.8888 3.67111 0.741982 1 5.07305 4.60056 0.918695 3.51257 
6.28642 3.13031 6.26281 2.42369 0.918695 12.6496 2.44949 0.781387 
6.13969 1.09689 0.536656 3.11386 3.43295 5.11081 5.65685 3.53159 
3.53159 4.27895 0.536656 0 2.44949 3.53159 4.11439 5.09877 
0 1.01835 1.30656 0 0 0 0 0 
0 0 0 0 0 0 0 0 
0 0 0 0 0 0 0 0 
# LVDC V2 t0 parameters T0 Error 
0 0 0 0 0 0 0 0 
1.01835 0 0 1.30656 2.76455 2.89278 4.27895 2.68135 
2.76455 4.4479 5.09877 0 0 2.23357 0.536656 5.11081 
1.30656 1.11536 0.951057 4.86209 3.88581 0.788403 3.88581 3.47555 
1.87467 0 0 5.78722 2.21437 4.4952 10.5372 3.17779 
2.62149 11.5787 9.92799 6.44813 8.38218 5.14245 1.345 1.53819 
7.19438 5.3076 6.79456 1.83152 3.0769 3.31614 1.39951 3.04274 
5.49047 1.80132 4.51633 0 0.781387 3.53337 1.64031 0.816497 
4.66831 1.44674 4.11694 9.04036 2.09154 11.3635 4.01779 2.57881 
2.71224 2.74594 6.24284 5.31011 1.44674 3.15376 6.60174 6.12524 
1.78548 4.52477 4.97638 3.71691 5.12469 1.77734 2.1733 3.05031 
3.63081 6.67923 2.56424 7.37061 1.71407 2.84572 0.97182 5.56616 
3.672 9.1766 1.42947 7.492 2.27919 3.45452 3.08671 5.45614 
6.16046 3.46954 4.88516 2.79036 6.95555 5.31352 1.68527 2.68006 
1.4838 5.06798 4.17871 0.985211 3.49558 1.33451 2.84575 7.8705 
2.58663 9.01989 9.73441 3.35388 6.36413 3.71471 2.73504 6.11767 
5.61989 1.82812 5.58019 6.48682 16.0172 0.714765 1.74686 2.69637 
6.82612 11.6391 6.81821 3.06454 1.95482 9.41238 8.90705 6.10956 
0.782886 4.83283 8.69005 2.16087 5.99236 5.70448 3.52614 6.26016 
6.67148 2.75152 2.36524 4.80804 3.50797 6.24284 4.04421 8.13148 
9.97382 2.93068 2.60206 2.66021 2.64944 4.46351 7.17607 3.68615 
3.55352 2.83756 4.72759 2.87266 5.06798 5.13824 5.4207 5.74875 
2.42369 3.84291 1.52134 1.36951 6.80053 1.345 1.1867 4.44324 
1.62259 1.72765 5.62594 6.12587 3.07018 4.00489 2.4884 1.94912 
6.54696 6.16046 2.06903 1.78784 2.9157 5.62438 4.19594 14.3461 
6.10898 5.36838 2.15889 8.03549 5.01325 1.92559 1.42947 2.98763 
1.15815 11.9807 2.66021 2.23441 2.52615 2.6224 6.45917 4.54229 
7.5967 2.23404 2.20736 6.81445 2.45689 12.5038 4.31647 3.28343 
2.85872 2.23303 2.27256 2.77663 3.62308 6.79825 2.85247 3.57156 
0.851341 0.920442 3.06454 2.58631 5.98401 3.89099 14.5263 4.71492 
2.1807 5.00675 2.93427 4.579 5.97804 9.3476 2.66557 7.41154 
2.32352 1.21539 1.77648 2.23404 4.19594 2.86245 1.00402 1.45295 
4.93142 6.39659 2.27297 0.998722 2.09154 9.76066 3.22838 2.66021 
3.3368 3.21367 5.14309 3.76165 2.93184 8.94812 20.8657 15.9146 
15.4507 6.32527 2.98978 9.69501 1.44674 4.8 7.7199 3.47701 
1.61449 4.53382 4.67622 1.7799 2.8003 1.57421 5.16774 1.40869 
4.57827 1.53819 7.16662 5.88118 6.20288 10.5426 2.04642 3.55352 
1.95511 1.65246 2.33778 9.44544 3.18754 9.31324 9.73441 3.1511 
5.30264 1.74686 4.4666 11.416 8.17243 1.53819 2.31354 1.39951 
2.97965 10.5372 9.01989 9.18284 1.28813 2.29177 2.18837 0 
5.7016 1.40833 16.0227 37.626 5.40453 6.40149 8.04668 9.94544 
7.492 5.18416 6.28642 1.38441 4.30632 2.31183 2.48069 9.41238 
0.536656 3.59815 6.13969 1.11536 3.79645 2.68135 0.982114 3.11386 
0.524599 1.94874 8.41245 1.82428 1.08766 6.75779 3.53159 0.707107 
2.68135 2.76455 0 5.65685 2.76455 0 0 0 
0 0 0 0 0 0 0 0 
