# RVDC U1 t0 parameters 
2644 2947.1 2947.1 2947.1 2947.1 2947.1 2947.1 2947.1 
2947.1 2947.1 2947.1 2947.1 2947.1 2628 2645.83 2614.17 
2916.5 2606.5 2604.17 2609.83 2640.5 2639.5 2619.5 2640.7 
2626.17 2639.17 2643.5 2634.83 2636.9 2636.83 2636.5 2634.36 
2646.36 2633.5 2636.83 2640.7 2640.28 2636 2639.96 2637.1 
2639.28 2640 2641.04 2636.61 2638.79 2639 2636.5 2639.95 
2641.75 2639.5 2640.43 2639.22 2641.4 2639 2647.21 2641.08 
2637.73 2638.72 2639.6 2636.96 2637.31 2637.68 2638 2638.17 
2640.92 2641.93 2642.69 2639.89 2640.02 2640.67 2640.72 2641.59 
2642.5 2643.33 2643.17 2639.97 2642.72 2641.92 2639.07 2636.39 
2640.47 2636.2 2636.97 2636.32 2637.92 2640.24 2635.64 2637.03 
2639.06 2632.64 2634.31 2635.24 2635.21 2633.3 2637 2634.56 
2645 2642.86 2642.45 2639.55 2640.9 2639.89 2641.18 2639.21 
2642.3 2639.14 2642.35 2643.58 2641.88 2641.88 2639.89 2643.94 
2644.13 2641.62 2644.64 2643.24 2642.17 2643.74 2643.11 2645.82 
2644.5 2639.76 2640.89 2641.74 2642.33 2641.21 2640.73 2640.82 
2646.67 2644.38 2646.88 2642.71 2647.98 2645.91 2642.27 2643.72 
2643.07 2644.17 2645.6 2644.33 2645.97 2645.5 2641.38 2643.47 
2643 2643.46 2642.03 2644.36 2646.27 2640.83 2644.91 2646.05 
2642.29 2639.5 2641.5 2642.9 2644.6 2639.45 2642.43 2642.21 
2645.4 2640.64 2644.2 2646.43 2646.19 2647.7 2646.5 2643.18 
2645.83 2648.3 2648.91 2644.65 2644.83 2645.07 2648.43 2645.02 
2648.38 2647.78 2646.06 2645.89 2647.47 2649.5 2648.09 2648.58 
2643.21 2642.6 2644.04 2642.77 2641.46 2641.41 2642.6 2641.94 
2650.56 2642.62 2646.19 2642.91 2649.14 2645.06 2645.56 2646.28 
2644.68 2646.19 2646.96 2645.38 2644.37 2647.1 2643.65 2644.66 
2645.79 2644.99 2645.18 2647.64 2647.74 2644.7 2646.78 2648.35 
2644.12 2642.34 2644.15 2644.42 2644.74 2645.62 2644.79 2642.99 
2647.24 2642.29 2645.88 2645.17 2645.1 2646.64 2642.82 2646.43 
2647.1 2645.19 2646.95 2643.55 2646.01 2644.77 2644.22 2644.45 
2643.12 2641.47 2647.69 2641.73 2643.18 2646.27 2644.65 2647.7 
2644.14 2643.22 2645.88 2642.17 2647.4 2644.47 2641.61 2641.87 
2649.82 2648.57 2650.44 2645.94 2649.39 2647.7 2647.77 2648.71 
2645.61 2648.91 2649 2649 2648.68 2646.28 2645.37 2644.67 
2647.33 2639.4 2647.03 2646.61 2646.38 2643.61 2643.93 2645.91 
2644.05 2644.73 2644.02 2641.72 2646.3 2643.13 2639.71 2641.06 
2649.62 2652.06 2651.79 2647.22 2649.43 2648.07 2644.75 2649.69 
2648.63 2646.3 2651.24 2648.2 2648.65 2648.23 2649.58 2645.97 
2648.19 2647.86 2649.44 2652.18 2648.22 2650.45 2647.84 2648.44 
2647.17 2645.85 2652.59 2647.3 2647.3 2646.32 2643.86 2645.36 
2653.5 2649.25 2653.5 2648.5 2646.17 2653.75 2648.5 2655 
2647.75 2647.5 2649.83 2641.3 2636.5 2639.9 2651.5 2649 
2639.5 2639.17 2621 2622.5 2604.5 2617.5 2642 2604.5 
2608.83 2605.83 2641.5 2945 2945 2945 2945 2945 
2945 2945 2945 2945 2945 2945 2945 2945 
2945 2945 2945 2945 2945 2945 2945 2945 
# RVDC U2 t0 parameters 
2634.6 2934.9 2934.9 2934.9 2934.9 2616.17 2934.9 2618.5 
2609 2617.5 2934.9 2628.5 2629.1 2934.9 2635 2626.1 
2637.7 2626.83 2624 2625.7 2623.5 2635.3 2635.5 2626.1 
2625.83 2627.9 2627.5 2628.75 2627.32 2627.86 2631.67 2627.7 
2629.88 2630.37 2627.36 2631.73 2634.17 2629.25 2629.39 2632.88 
2630.32 2630.67 2633.36 2635.64 2632.36 2631.85 2627.63 2629.66 
2628.68 2630.03 2630 2629.54 2632.56 2629.72 2630.61 2628.53 
2631.5 2629.12 2628.85 2628.29 2627.35 2628.33 2628.74 2626.69 
2631.5 2627.09 2630.88 2630.39 2629.07 2630.3 2629.18 2628.96 
2631 2628.07 2630.24 2630.68 2627.64 2628.72 2626.67 2626.65 
2633.98 2632.27 2630.2 2630.36 2628.81 2628.81 2630.44 2629.72 
2629.76 2627.43 2629.65 2629.98 2629.22 2627.68 2629.31 2626.24 
2634.66 2638.14 2640.36 2631.38 2635.9 2633.86 2634.26 2636.67 
2638.3 2635.11 2637.53 2637.5 2634.63 2634.95 2634.73 2637.13 
2640.9 2633.79 2636.03 2633.09 2635.1 2636.5 2633.4 2635.4 
2631.63 2633.07 2633.12 2631.62 2634.92 2633.05 2632.71 2632.98 
2636.36 2634.98 2637.06 2637.7 2637.59 2632.87 2633.12 2635.54 
2639.17 2635.5 2634.7 2633.09 2637.17 2632.43 2633.65 2635.46 
2640.5 2636.57 2637.91 2636.56 2636.69 2637.24 2635.5 2638.73 
2633.01 2636.88 2634.81 2635.57 2634.62 2635.98 2636.22 2633.56 
2636.2 2634.48 2636.24 2637.77 2635.98 2637.72 2637.18 2639.5 
2637.35 2637.61 2636.56 2637.4 2635.76 2639.43 2639.06 2635.01 
2638.5 2638.85 2636.95 2637.65 2640.72 2637.11 2640.2 2641.62 
2635.73 2634.71 2636.81 2638.93 2636.14 2633.32 2633.83 2632.32 
2639.83 2632.61 2634.79 2630.56 2634.5 2635.86 2634.95 2635.88 
2636.05 2634.17 2637.58 2633.17 2635.73 2630.71 2635.88 2635.18 
2640.13 2637.88 2637.75 2635 2635.09 2637.85 2636.17 2634.47 
2633.1 2636.79 2635.34 2637.98 2637.81 2634.3 2635.57 2633.36 
2638.47 2635.26 2639.05 2636.76 2640.02 2638.69 2637.89 2637.85 
2636.83 2635.15 2638.02 2638.67 2636.07 2632.96 2638.48 2634.09 
2635.37 2636.5 2633.4 2632.78 2632.62 2634.42 2636.08 2633.76 
2633.5 2631.7 2636.11 2633.99 2633.89 2636.43 2635.09 2633.63 
2640.5 2639.29 2641.5 2637.77 2638.18 2637.82 2639.31 2640.14 
2640.81 2640.26 2640.88 2636.5 2638.99 2637.5 2637.22 2639.81 
2638.9 2637.55 2639.36 2639.34 2638.16 2638.85 2639.75 2639.18 
2636.05 2630.5 2634.13 2635.2 2634.81 2633.71 2636.09 2632.55 
2645.68 2638.81 2642.02 2640.69 2641.41 2641.61 2641.92 2643.29 
2640.45 2638.65 2642.28 2640.55 2642.18 2639.56 2639.96 2638.5 
2645.8 2640.46 2642.16 2639.66 2645.3 2641.17 2643.95 2645.55 
2644.42 2645.34 2645.14 2642.12 2644.38 2637.5 2639.44 2642.7 
2646.5 2639.34 2638.68 2639.66 2643 2638.04 2640.5 2645.17 
2639.42 2644.1 2640.37 2644.64 2640.3 2638.93 2641.9 2643 
2638.5 2640.72 2642.5 2647.5 2643.86 2642.07 2639.93 2640.07 
2635.5 2636.25 2625 2608.17 2615.83 2640.3 2630.5 2631.17 
2633.5 2639.83 2635.17 2943.2 2639.17 2943.2 2943.2 2943.2 
2943.2 2943.2 2943.2 2943.2 2943.2 2943.2 2943.2 2943.2 
# RVDC V1 t0 parameters 
2649.3 2943.8 2943.8 2943.8 2943.8 2943.8 2943.8 2943.8 
2943.8 2943.8 2629.5 2630.5 2612.5 2614.83 2636.5 2631.5 
2612.5 2634.5 2621.5 2624.17 2614 2621.17 2636.5 2647.5 
2623 2639.17 2618.83 2644.36 2640.75 2642.5 2640.21 2641.9 
2650.25 2640.5 2647.35 2645.3 2648.7 2648.5 2646.79 2645.93 
2645 2644.83 2648 2637.5 2647.92 2645 2647.64 2643.85 
2650.12 2645.37 2647.41 2644.8 2646.93 2646.93 2650.58 2647.12 
2644.74 2642.17 2645.79 2648.37 2650.19 2643.26 2644.31 2643.71 
2652.07 2642.98 2647.78 2647.63 2646.77 2644.32 2648.39 2646.92 
2643.22 2644.93 2645.45 2646.13 2643.66 2644.37 2643.8 2641.8 
2645.45 2646.6 2645.56 2643.52 2649.94 2646.12 2645.19 2645.2 
2644.57 2644.68 2643.74 2640.03 2645.82 2645.09 2646.17 2641.72 
2648.79 2646.19 2646.43 2646.17 2647.85 2647.05 2650.02 2647.26 
2646.23 2648.43 2647.11 2645.06 2646.62 2647.62 2645.75 2646.5 
2650.9 2646.12 2649.8 2644.68 2648.59 2643.81 2645.92 2648.92 
2646.81 2645.14 2646.5 2647.91 2648.14 2643.98 2646.1 2645.24 
2650.78 2647.3 2647.88 2646.92 2646.62 2645.55 2647.69 2646.08 
2648.58 2647.71 2648.09 2648.05 2648.73 2643.7 2645.45 2645.13 
2647.96 2645.77 2646.02 2645.56 2648.23 2645.81 2647.24 2646.95 
2644.7 2644.97 2645.03 2645.44 2648 2647.26 2646.12 2644.24 
2647.89 2648.3 2646.12 2645.65 2649.27 2648.18 2650.93 2647.79 
2650.09 2648.78 2649.81 2650.41 2646.95 2647.68 2650.54 2648.03 
2652.5 2649.88 2648.65 2647.74 2650.02 2649.83 2650.86 2649.4 
2648.05 2648.28 2646.26 2646.03 2646.22 2645.75 2645.59 2646.03 
2655.95 2649.73 2651.11 2648.05 2652.5 2652.91 2651.79 2650.79 
2650.24 2649.89 2649.88 2650 2649.44 2649.89 2651.29 2648.17 
2649.01 2645.82 2650.6 2651.81 2653.97 2650.38 2649.14 2652.8 
2648.12 2646.6 2646.01 2647.61 2651.57 2645.35 2646.78 2646.71 
2651.92 2647.79 2649.89 2648.19 2649.25 2648.62 2647.74 2648.91 
2648.57 2648.5 2649.63 2646.04 2649.76 2645.63 2648.38 2650.02 
2649.6 2646.33 2649.14 2649.97 2649.88 2649.08 2649.59 2648.91 
2646.5 2646.68 2646.55 2647.87 2649.12 2644.86 2649.18 2647.62 
2652.5 2644.86 2651.17 2647.81 2649.55 2647.92 2649.6 2647.23 
2647.29 2651.24 2647.79 2651.26 2645.8 2647.38 2649.56 2647.68 
2648.02 2648.62 2646.62 2646.43 2648.73 2647.36 2649.64 2648.1 
2646.24 2644.9 2647.56 2648.18 2646.56 2645.95 2647.53 2646.79 
2653.88 2643.88 2651.77 2650.5 2654.81 2649.77 2652.13 2650.17 
2651.6 2651.31 2653.33 2656.07 2641.62 2645 2653.27 2652.53 
2649.23 2647.08 2647.93 2651 2652.39 2651.31 2652.74 2649.71 
2649.38 2646.66 2649.1 2650.7 2648.88 2645.21 2650.32 2643.83 
2653 2649.9 2649.39 2648.17 2644.5 2645.7 2646.75 2651.17 
2647.21 2634.5 2613 2646.5 2642.5 2650 2654 2628 
2646.5 2639.83 2642.83 2789.17 2952.5 2617.5 2625.83 2623.17 
2615.5 2952.5 2632.83 2952.5 2952.5 2952.5 2952.5 2952.5 
2952.5 2952.5 2952.5 2952.5 2952.5 2952.5 2952.5 2952.5 
2952.5 2952.5 2952.5 2952.5 2952.5 2952.5 2952.5 2952.5 
# RVDC V2 t0 parameters 
2652.7 2945.8 2945.8 2945.8 2945.8 2609.17 2616.5 2627.5 
2647.5 2609 2945.8 2631.7 2625 2635.5 2608.17 2643.7 
2607.7 2644.5 2645.9 2639.7 2639.83 2636.61 2639.7 2642.5 
2644 2641.95 2643.07 2641.19 2643.03 2638.97 2643.33 2641.5 
2640.67 2642.63 2646.7 2644.3 2645.23 2644.88 2646.97 2645.27 
2647.38 2644.41 2648.07 2648.83 2647.93 2643.34 2646.38 2642.83 
2647.62 2643.26 2645.79 2644.09 2643.76 2644.17 2645.62 2645.62 
2642.6 2642.98 2642.63 2644.08 2640.69 2644.28 2640.68 2638.69 
2643.7 2640.67 2641.93 2646.62 2645.75 2643.85 2645.61 2645.28 
2642.33 2644.77 2643.6 2642.81 2642.12 2638.9 2644.31 2639.5 
2644.42 2640.5 2642.45 2643.14 2643.98 2643.76 2643 2642.75 
2639.56 2640.64 2640.37 2640.07 2640.29 2638.74 2636.85 2638.12 
2649.6 2644.5 2643.77 2643.54 2645.05 2644.68 2645.45 2644.71 
2647.6 2645.86 2647.38 2648.05 2645.4 2644.59 2644.27 2644.06 
2641.66 2640.5 2640.43 2639.15 2640.98 2640.02 2643.12 2645.59 
2640.21 2640.47 2639.38 2642.88 2638.69 2642.12 2639.58 2638.89 
2642.75 2641.12 2638.41 2641.58 2640.25 2640.65 2641.12 2640.9 
2640.27 2639.96 2644.63 2640.58 2640.53 2639.25 2643.41 2640.37 
2644.5 2642.63 2644.97 2643.2 2645.92 2644.27 2645.22 2646.8 
2640.86 2642 2643.96 2643.57 2644.06 2642.74 2641.5 2641.58 
2644.83 2640.99 2642.89 2643.8 2645.77 2644.06 2648.92 2645.36 
2643.6 2644.24 2643.44 2644.67 2642.76 2644.66 2645.14 2644.09 
2645.27 2646.14 2642.52 2641.97 2642.88 2644.83 2642.97 2641.47 
2641.17 2640.2 2637.96 2642.98 2639.66 2638.29 2640.98 2640.57 
2649.86 2645.8 2646.88 2645.72 2646.43 2646.34 2645.08 2646.75 
2644.76 2647.17 2646.5 2649.58 2647.47 2646.19 2644.71 2646.19 
2645.75 2648.08 2645.83 2646.33 2647.93 2644.73 2645.69 2643.17 
2642.3 2641.4 2644.29 2643.21 2643.69 2643.78 2645.25 2644.1 
2649.97 2647.62 2647.7 2647.94 2648.94 2648.31 2644.74 2645.17 
2644.56 2644.96 2647.4 2644.91 2645.06 2644.05 2645.45 2642.69 
2648.42 2641.18 2646.67 2643.53 2643.28 2643.23 2646.23 2644.61 
2640.65 2644.44 2641.41 2645.71 2642.06 2642.05 2645.29 2643.83 
2647.71 2643.28 2643.72 2645.36 2645.66 2645.65 2647.55 2646.67 
2649.69 2647.36 2645.55 2649.27 2644.99 2648.5 2647.17 2641.74 
2645.3 2643.56 2643.17 2642.93 2643.66 2644.53 2646.21 2642.41 
2641.22 2645.91 2644.87 2641.78 2641.55 2643.06 2639.98 2643.66 
2653.44 2648.82 2653.01 2652.11 2653.18 2651.63 2652.07 2651.18 
2651.59 2649.82 2652.14 2652.13 2651.42 2649.17 2651.79 2647.17 
2651.58 2650.76 2648.74 2648.43 2651.02 2647.74 2648.82 2647.6 
2650.58 2646.33 2649.04 2646.83 2651.57 2651.31 2649.45 2645.54 
2650.63 2644.83 2646.72 2645.12 2643.61 2648.73 2647.36 2644.66 
2645.59 2649.5 2643.17 2640.96 2646.67 2643.63 2650.61 2646.21 
2648.95 2645.21 2643.17 2646.07 2648 2644.17 2646.07 2645.5 
2644.83 2645.5 2644.9 2640 2636.5 2645.5 2641.17 2623 
2645.17 2647.17 2942.4 2621.83 2942.4 2942.4 2942.4 2942.4 
2942.4 2942.4 2942.4 2942.4 2942.4 2942.4 2942.4 2942.4 
# LVDC U1 t0 parameters 
2940.5 2906.17 2947.1 2937.83 2909.5 2909.5 2936.5 2933 
2908.5 2920.5 2929.79 2938.93 2939.5 2936.5 2937.17 2937.3 
2938.3 2930 2938.79 2938.83 2940.5 2937.1 2935.77 2940.3 
2937.5 2923 2934.75 2939.5 2938.5 2936.64 2930.25 2935.5 
2936.12 2945.83 2938.25 2941.9 2939.5 2941.5 2938 2940.5 
2939.25 2937.64 2938.17 2937.17 2935.79 2939.3 2938 2937.36 
2939.88 2934.83 2935.72 2936.55 2938.33 2938.83 2939.74 2941.27 
2934.6 2938.93 2936.64 2935.7 2936.37 2939.06 2934.89 2935.3 
2939.34 2936.18 2939.18 2938.17 2941.97 2940.5 2938.79 2940.5 
2939.61 2942.4 2942.17 2940.32 2939.54 2939.28 2935.66 2936.35 
2943.43 2945.97 2940.08 2940.11 2946.32 2942.38 2943.02 2943.41 
2940.36 2938.14 2940 2939.2 2938.72 2939.64 2935.5 2936.81 
2942.97 2945.05 2943.5 2944.79 2945.98 2948.34 2945.71 2942.93 
2945.3 2946.33 2947.19 2944.96 2943.83 2945.66 2942.73 2941.54 
2946.96 2944.85 2944.3 2942.17 2942.73 2942.6 2944.17 2943.17 
2942.3 2943 2942.59 2942.76 2941.61 2938.73 2941.5 2939.75 
2945.83 2942.74 2943.43 2943.93 2943.6 2940.42 2941.65 2942.9 
2941.06 2940.43 2942.09 2940.33 2941.32 2939.14 2939.82 2937.17 
2943.97 2939.96 2940.5 2942.68 2942.17 2940.66 2945.95 2941.22 
2941.41 2940 2939.17 2937.86 2938.4 2939.33 2936.09 2935.5 
2941.6 2936.58 2938.5 2937.7 2939.92 2937.95 2939.27 2939.74 
2939.42 2935.86 2938.5 2939.2 2938.7 2936.7 2938.24 2938.02 
2940.67 2936.93 2937.39 2935.28 2940.78 2936.68 2938.17 2938.86 
2933.89 2936.6 2937.28 2936.8 2935.13 2935.43 2935.08 2936.05 
2945.15 2943.74 2943.64 2945.74 2944.43 2942.57 2944.38 2945.19 
2947.5 2944.61 2944.54 2943.22 2943.83 2941.85 2940.64 2943.61 
2944.69 2940.27 2942.32 2943.29 2944.73 2942.18 2941.76 2945.3 
2940.3 2938.42 2941.66 2938.94 2940.5 2940.67 2938.24 2938.5 
2945.67 2940.56 2944.5 2941.78 2944.72 2941.44 2943.5 2945.42 
2944.09 2941.29 2944.94 2943.25 2942.96 2941.72 2941.68 2942.96 
2943.04 2941.17 2940.12 2941 2941.96 2942.5 2941.71 2940.56 
2941.91 2937.5 2938.95 2941.7 2940.43 2939.37 2941.59 2939.42 
2945.25 2943.27 2944.73 2943.09 2946.39 2946.5 2943.29 2943.5 
2943.6 2946.8 2943.8 2944 2942.81 2944.15 2942.81 2942.73 
2944.5 2945.57 2944.33 2947.31 2945.75 2945.54 2948.23 2946.39 
2944.42 2941.69 2941.99 2946.89 2944.6 2945.79 2943.3 2942.42 
2947.25 2947.36 2948.08 2946.42 2944.83 2947.63 2944 2947.14 
2948.09 2944.77 2945.86 2946.98 2945.6 2943.65 2945.12 2945.79 
2946.18 2941.61 2943.62 2943.32 2942.97 2943.21 2941.07 2943.6 
2941.38 2941.1 2943.59 2941.97 2940.38 2941.88 2944.9 2940.83 
2948.72 2942.77 2944.95 2944.59 2943.68 2940.9 2948.1 2946.39 
2949.3 2943.37 2941.36 2940.83 2942 2940.93 2948.3 2944.5 
2940.21 2939.64 2944.17 2939.83 2942.25 2942.17 2940.83 2944.5 
2935.5 2939.21 2942.64 2942.9 2932.1 2931.3 2932.83 2940.5 
2946 2931.3 2938.17 2945 2939.17 2932.83 2942.5 2935.17 
2945 2945 2934.17 2945 2945 2945 2945 2644 
# LVDC U2 t0 parameters 
2924.5 2927.5 2927.17 2931.5 2906.83 2904.5 2930.1 2915.17 
2926.5 2920.83 2929.1 2933.5 2931.5 2929.5 2928.5 2929.17 
2927.1 2929.5 2931.17 2930.5 2928.39 2926.1 2925.5 2930 
2922.83 2930.3 2923.5 2925.64 2927.17 2926.25 2926.64 2924.3 
2929.1 2928.36 2927.5 2929.28 2927.27 2929.19 2930.21 2930.38 
2930.07 2931.25 2930.88 2929.13 2930.19 2928 2933.35 2929.81 
2930.33 2929.5 2930.3 2929.83 2930.77 2930.07 2930.91 2930.94 
2930.74 2929.15 2932.64 2928.45 2929.89 2929.94 2933.33 2932.25 
2933.42 2929.88 2930.14 2931.77 2933.36 2932.12 2935.5 2929.54 
2931.72 2931.94 2931.12 2932.91 2930.06 2931.29 2931.02 2929.3 
2929.12 2926.82 2928.63 2926.64 2930.06 2929.8 2931.39 2930.5 
2928 2928.03 2925.77 2928.25 2929.83 2928.95 2926.1 2925.06 
2940.94 2938.11 2937.4 2936.05 2939.37 2939.4 2940.94 2941.33 
2937.93 2941.07 2942.38 2940.95 2940.5 2940.58 2940.17 2939.61 
2941.37 2937.91 2942 2939.63 2940.02 2937.19 2937.05 2943.7 
2938.55 2935.83 2940.5 2937.75 2937.18 2936.5 2934.62 2933.07 
2942.85 2935.57 2940.97 2937.02 2935.21 2936.75 2938.8 2935.14 
2936.74 2936.7 2938.15 2935.92 2932.92 2933.75 2931.95 2934.38 
2932.19 2932.68 2931.97 2933.29 2933.74 2933.17 2931.26 2934.32 
2930.57 2931.61 2930.74 2929.83 2931.8 2931.28 2932.06 2927.47 
2936.17 2932.53 2934.42 2935.45 2935.86 2933.3 2935.1 2935.93 
2935.32 2936.68 2934.65 2937.67 2935.17 2936.24 2934.13 2934.66 
2934.96 2935.92 2933.82 2934.62 2936.26 2935 2937.23 2935.75 
2933 2932.26 2934.3 2933.54 2932.4 2932.76 2929.87 2930.62 
2938.29 2935.98 2937.58 2937.41 2937.86 2938.02 2935.3 2940 
2936.41 2937.76 2938.9 2936.13 2936.98 2939.21 2938.79 2933.5 
2941.66 2938.08 2937.5 2936.91 2935.71 2937.2 2938.04 2940.72 
2936.47 2935.43 2937.63 2935.5 2936.43 2937.12 2934.5 2931.91 
2940.58 2941.08 2940.62 2938.1 2941.67 2938.54 2940.65 2940.94 
2940.93 2942.36 2942.07 2940.58 2939.88 2942.87 2939.14 2939.27 
2940.14 2938.71 2938.02 2940.61 2938.87 2937.65 2939.91 2939.07 
2935.91 2935.54 2937.66 2936.14 2935.16 2936.64 2938.09 2935.2 
2938.44 2937.8 2939.3 2935.69 2939.97 2936.74 2940.38 2937.86 
2938.64 2937 2941.5 2938.73 2937.76 2938.88 2938.17 2934.57 
2939.5 2937.35 2938.55 2937.83 2934.57 2938.95 2937.95 2938.19 
2934.98 2936.93 2936.58 2934.98 2934.12 2936.5 2935.62 2932.5 
2944.24 2945.13 2944.5 2945.26 2946.81 2946.6 2945.43 2945.29 
2943.97 2947.77 2948.59 2944.85 2943.83 2946.81 2942.17 2944.74 
2944.12 2938.98 2942.33 2937.98 2940.64 2940 2940.5 2940.83 
2941.5 2937.94 2940.2 2939.22 2942.28 2942.27 2935.44 2936.8 
2943.73 2940.83 2940.76 2941.94 2944.33 2938.83 2943.35 2939.42 
2941.27 2943.19 2943.12 2944.17 2938.71 2940.5 2938.07 2938.5 
2940.36 2940.72 2939.3 2933.93 2940.07 2940.72 2946.23 2935.21 
2940.06 2937.94 2936.61 2937.1 2937.07 2933.79 2937 2934.9 
2933.7 2941.3 2934.83 2939.1 2933.5 2941.5 2943.2 2925.5 
2915.3 2934 2926 2921.5 2939.83 2926.83 2928.17 2910.5 
# LVDC V1 t0 parameters 
2940.5 2917.17 2918.83 2911.1 2942.83 2937.9 2941.83 2943.8 
2934.5 2942.3 2941.3 2943.3 2937.28 2943.5 2933.17 2938.07 
2943 2941.93 2937.28 2938.5 2941.5 2936.17 2943.83 2936.64 
2939.7 2936.75 2942.17 2940.07 2936.79 2938.5 2941 2939.17 
2942 2939.83 2942.5 2939 2943.21 2945 2942 2942.61 
2944.41 2940.32 2941.5 2941 2941.42 2941.5 2944.9 2937.6 
2943.17 2944.64 2943.9 2941.5 2944.27 2942.65 2940.39 2939.5 
2938.28 2941.67 2939.42 2941.88 2939.17 2940.96 2940.45 2938.5 
2946.62 2940 2947.6 2942.64 2942.95 2943.13 2944.25 2942.34 
2942.58 2943.17 2944.75 2946.67 2947.36 2942.5 2941.18 2940.92 
2944.61 2939.5 2945.88 2942.5 2944.86 2944.58 2942.74 2943.42 
2942.32 2939.8 2941.59 2941.5 2940.16 2943.72 2943.42 2939.38 
2951.02 2949.67 2949.79 2950.37 2950.28 2949.91 2947.26 2952.1 
2949.14 2947.5 2950.85 2951.5 2948.34 2952.98 2953.5 2946.41 
2951.42 2949.17 2946.71 2949.39 2951.5 2953.57 2948.88 2951.43 
2950.4 2947.76 2948.45 2946.35 2948.37 2947.46 2950.72 2943.78 
2950.17 2948.39 2949.55 2948.27 2952.12 2948 2947.23 2949.94 
2948.37 2946.32 2947.68 2944.46 2946 2945.07 2944.98 2943.95 
2947.92 2942.97 2945.12 2946.06 2947.02 2945.28 2946.46 2943.5 
2940.74 2944.09 2942.57 2941.79 2946.62 2944.31 2940.11 2939.74 
2944.97 2946.71 2948.58 2946 2948.34 2945.86 2948.28 2948.13 
2946.04 2943.91 2943.31 2944.42 2948.83 2946.03 2942.58 2944.74 
2947.75 2946.26 2947.11 2943.83 2943.93 2944.46 2945.55 2945.5 
2943.32 2942.06 2942.88 2944.1 2941.98 2940.68 2939.98 2942.1 
2952.07 2944.64 2947.3 2946.57 2947.42 2948.76 2948.14 2945.3 
2948.5 2947.64 2951.97 2946.46 2946.29 2948.3 2948.5 2948.09 
2948.5 2947.61 2946.64 2945.43 2946.43 2945.91 2946.68 2947.18 
2945.6 2944.05 2947.58 2941.69 2946.8 2944 2943.86 2942.81 
2948.36 2944.64 2945.83 2946.17 2947.38 2947.9 2949.25 2949.43 
2949 2947.5 2946.27 2946.91 2949.28 2946.71 2947.68 2945.38 
2950.71 2947.5 2951.17 2948.47 2952 2949.21 2949.45 2947.23 
2947.2 2947.43 2948.24 2947.98 2947.79 2945.95 2943.37 2944.98 
2950.87 2951.27 2950.17 2950.43 2949.62 2950.42 2950.38 2950.22 
2948.7 2950.07 2949.74 2949.42 2947.36 2951.46 2947.96 2948.85 
2951.12 2948.86 2952.42 2950.68 2951.07 2954.37 2953.65 2953.14 
2948.67 2951.25 2951.36 2950.65 2949.67 2947.13 2946.75 2950 
2955.94 2956 2955.42 2960.23 2952.3 2956.83 2957.24 2952.17 
2951.98 2953.46 2953.29 2951 2952.4 2955.94 2954.04 2949.05 
2951.64 2952.38 2950.72 2949.62 2951.02 2952.35 2951.03 2949.9 
2952.33 2947.5 2949.83 2949.5 2951.64 2951.12 2951.06 2943.21 
2951.5 2952.23 2950.96 2950.33 2952.17 2951.61 2946.93 2953.17 
2952.75 2947.5 2948.7 2952.3 2949.1 2949.17 2947.64 2945 
2948.95 2944.7 2939.17 2946.83 2947.25 2944.75 2938.83 2950.17 
2948.9 2949.3 2944 2942.5 2948 2940 2946.7 2952.5 
2924.83 2941 2932.83 2908.83 2920.17 2917 2910.17 2936.83 
2931.83 2939.17 2952.5 2952.5 2952.5 2952.5 2952.5 2947.1 
# LVDC V2 t0 parameters 
2937.5 2945.8 2913.17 2928.83 2927.7 2930 2920.7 2941.5 
2913.1 2937.7 2941.5 2945.8 2936.3 2936.5 2925.5 2935.17 
2938.5 2938.17 2937.3 2936.5 2933.79 2940.5 2936.5 2934.83 
2936 2933.21 2934.72 2935.5 2936.9 2934.42 2938.67 2932.86 
2941.5 2933.1 2938.42 2934.33 2939.95 2938.62 2936.38 2939.83 
2939.75 2937.04 2941.17 2937.32 2941.32 2936.21 2936.5 2934.8 
2941.79 2934.62 2940.41 2937.83 2939.62 2938.88 2940.08 2939.6 
2938.38 2935.5 2941.83 2935.09 2935.39 2935.66 2938.35 2933.29 
2941.68 2935.5 2939.3 2940.5 2939.73 2937.83 2945.25 2937.59 
2941.45 2939.98 2940.03 2940.12 2940.83 2937.65 2942.15 2941.82 
2938.61 2939.39 2939.1 2937.17 2938.14 2941.43 2942.83 2941.77 
2939.67 2936.98 2939.2 2937.31 2938.5 2936.83 2939.41 2936.79 
2948.74 2943.06 2945.58 2942.8 2945.28 2944.24 2946.41 2945.36 
2946.43 2943.5 2948.5 2946.78 2946.17 2945.55 2948.27 2948.3 
2946.26 2946.25 2947.94 2944.64 2944.72 2943.26 2943.89 2945.98 
2941.29 2942.76 2942.28 2943.17 2940.81 2940.41 2941.17 2939.15 
2941.5 2938.44 2937.5 2936.61 2939.69 2939.83 2936.38 2941.12 
2934.88 2938.97 2938.31 2933.61 2934.29 2934.02 2935.14 2935.4 
2939.95 2937.4 2940.46 2942.28 2940.79 2940.06 2941.64 2941.8 
2939.25 2937.39 2939.59 2936.21 2936.67 2934.23 2935.5 2933.53 
2939.57 2942.04 2942.5 2939.69 2942.04 2939.95 2940.93 2938.05 
2941.23 2939.72 2941.18 2940.03 2939.5 2936.5 2937.9 2938.61 
2939.5 2939 2941.86 2938.43 2940.32 2942.92 2940.23 2938.66 
2941.5 2935.5 2934.24 2935.98 2937.74 2937.43 2934.39 2933.31 
2943.98 2941.88 2942.98 2939.97 2943.76 2944.5 2942.81 2945.03 
2943.93 2942.33 2943.07 2945 2943.07 2940 2942.17 2941.98 
2941.36 2942.1 2943.74 2942.38 2940.6 2941.42 2942.46 2943.69 
2940.37 2936.29 2942.8 2938.58 2938.5 2939.3 2939.12 2937.5 
2940.21 2943.28 2944 2944.17 2942.22 2942.64 2943.12 2941.7 
2944.98 2943.93 2945.41 2941.42 2939.5 2938.64 2940.38 2938.5 
2940.56 2939.7 2941.63 2943.64 2944.82 2940.63 2941.6 2944.33 
2938.46 2941.26 2941.61 2940.35 2942.5 2940.21 2942.1 2939.2 
2942.5 2940.92 2944.6 2940.93 2946.42 2944.18 2941.88 2942.37 
2943.45 2942.32 2942.74 2940.56 2943.17 2943.69 2939.66 2938.86 
2941.69 2940.79 2941.73 2938.68 2943.22 2943.07 2943.4 2941.5 
2940.31 2938.05 2940.29 2936.25 2940.85 2940.29 2937.6 2937.34 
2949.26 2949.18 2952.45 2949.96 2950.5 2950.19 2949.5 2951.11 
2949.34 2947.57 2947.48 2947.63 2950.72 2946.63 2946.26 2946.39 
2947.75 2942.5 2945.2 2948.79 2944.38 2948.43 2945.23 2942.69 
2947.18 2943.62 2945.31 2943.56 2945.56 2944.55 2943.06 2940.5 
2947.68 2942.9 2947.36 2946.1 2953.23 2947.5 2947.06 2946.97 
2945.7 2945.67 2945.3 2942.3 2943.5 2945.21 2945.42 2945.67 
2949.77 2945.17 2945.05 2943.83 2948.83 2946.94 2945.5 2947.95 
2942.9 2946.75 2941 2942.64 2941 2943.36 2944.75 2941.5 
2939.93 2931.21 2933.5 2938.7 2939 2930.83 2938.1 2930.83 
2935.5 2933.5 2932.17 2913.7 2932.83 2935.5 2929 2947.1 
