# RVDC U1 t0 parameters T0 Error 
0 0 0 0 0 0 0 0 
0 0 0 0 0 100 100 4 
100 0 100 100 2.27614 4.82405 100 2.27614 
2.27614 100 1.67303 100 100 3.72975 5.90444 13.6161 
10.8892 0.693217 1.53644 1.60571 2.26412 6.25176 2.26114 3.71169 
2.38455 2.37608 4.0207 0.792847 4.12538 2.36526 5.67617 2.74676 
2.09311 5.44129 4.99506 12.2951 4.97897 2.64675 1.69208 1.59471 
5.09459 1.86454 3.1068 2.64791 1.357 3.88251 3.54576 1.79824 
4.07615 5.37535 3.64706 2.67002 5.18199 1.07532 4.61063 1.53106 
3.79902 3.28949 2.6496 5.53641 1.51902 2.49329 3.7794 1.43323 
3.29436 2.48991 1.42111 1.55053 2.01775 3.60681 4.15059 3.88956 
2.25607 3.58286 2.22768 2.86304 1.29925 2.92661 2.60724 3.16731 
2.78333 3.42899 2.01006 1.45576 2.21312 2.06219 0.891733 2.61894 
2.53863 2.21353 4.68138 1.42573 2.13464 2.97279 1.68902 2.45636 
3.30324 2.66439 2.52246 4.4163 3.08109 3.32133 1.82143 1.37183 
2.14296 2.97346 3.13967 4.38375 1.6403 1.98354 6.81025 1.51216 
2.34967 6.03472 1.82931 1.60448 1.46617 2.32429 1.51162 2.31037 
0.982046 2.33308 2.41656 4.14863 1.50539 5.39668 3.23443 3.57836 
0.722328 2.93711 1.51548 2.57273 2.48591 1.86536 2.54802 2.26018 
6.48988 2.47609 3.39466 1.16968 1.52064 5.83534 10.0492 1.73297 
2.45394 2.12866 3.10008 2.93432 1.23396 2.19225 1.74129 3.43212 
3.29177 2.28558 0.907882 4.58229 1.13993 1.98556 3.10555 4.21394 
8.51964 2.07099 2.09954 2.17043 2.74847 1.76762 2.6129 2.44238 
2.09487 1.19262 2.64346 2.45125 3.11969 1.995 1.18524 4.09012 
4.03314 3.94075 3.86188 1.45096 5.18836 1.72522 4.99773 2.74847 
5.45084 2.78557 1.93305 1.43565 4.10834 3.40772 4.13673 1.02316 
2.10783 2.33164 1.47068 3.51391 3.07349 3.52728 1.56195 1.8654 
1.64564 1.92314 2.42242 1.55894 2.35267 2.54445 3.88441 2.52601 
2.70094 2.63945 2.02662 3.00593 1.3205 3.58029 5.88314 3.01438 
3.63924 4.8512 6.48127 3.60769 5.15425 1.15789 1.4594 3.714 
4.15737 3.49081 4.93044 5.25309 1.19591 1.20896 1.46678 2.63393 
5.15686 1.75791 7.43898 2.88018 3.71362 4.708 2.35592 2.19435 
3.10573 5.16908 1.52715 3.69526 2.07279 3.40477 1.60475 2.27706 
4.08231 4.33407 1.06891 2.31785 5.17726 1.22367 2.62997 1.47216 
2.34977 2.84122 2.61446 3.50606 2.04699 3.12124 2.12571 2.41899 
3.59497 2.34748 4.47447 8.3925 2.92262 5.78896 1.95613 3.03259 
3.83753 2.64239 3.27716 2.47083 4.99401 3.51104 2.56474 5.04481 
1.68658 3.17505 6.22954 8.27274 2.49109 2.39185 1.70775 1.94893 
1.52269 4.27612 2.37912 2.50903 1.53764 5.53544 3.92409 3.42869 
4.06678 1.02641 1.11464 4.925 2.40278 2.01548 3.36679 1.9874 
2.55419 6.37349 1.04414 1.96315 3.16883 1.27641 1.90384 100 
100 0.963659 4.05008 2.92858 2.51841 2.63555 100 2.61803 
2.07955 1.33333 3.14058 1.33333 0 100 1.33333 0 
100 0 100 0 0 0 0 0 
0 0 0 0 0 0 0 0 
0 0 0 0 0 0 0 0 
# RVDC U2 t0 parameters T0 Error 
0 0 0 0 0 0 0 0 
100 100 0 0 100 100 100 2.27614 
1.90384 0 100 100 5.15345 1.45072 100 3.50687 
0.85893 2.33679 3.28532 2.89592 4.25498 2.01161 1.29002 1.66134 
4.62991 2.46012 2.57901 2.13464 1.27345 6.6347 2.63126 1.30318 
3.03742 5.29217 1.52431 2.27756 3.07687 2.12912 3.22936 2.64183 
3.71901 1.54376 4.8823 3.38654 2.49545 1.13896 1.82226 1.14631 
5.64867 2.57555 3.58126 4.63176 1.63848 3.24441 3.35034 1.69563 
4.41525 1.92405 1.31289 2.47124 2.7195 2.24238 1.01814 1.69799 
3.22431 2.78333 3.17926 2.65461 2.07402 3.80045 2.79126 10.1176 
2.45933 3.5304 4.23907 2.60206 1.73298 2.03219 3.0419 1.35757 
0.832563 2.47835 4.03695 2.1191 3.22169 1.91853 0.9609 3.23362 
1.36719 4.43468 3.7545 1.43683 2.2897 3.18551 3.64147 1.88183 
4.93622 2.33489 3.02302 1.10009 1.12577 1.55326 1.13637 1.50026 
1.28646 2.62076 3.20895 2.01405 2.20808 2.24289 3.69207 1.7445 
3.59507 1.80652 1.58626 5.35218 2.94794 4.84324 1.10375 1.85493 
2.17248 4.391 2.09808 1.95585 5.51763 1.47289 4.07061 2.75263 
7.41182 2.32918 2.64037 1.42207 2.8895 3.67024 2.22251 1.82463 
5.26469 2.17334 1.29293 2.14423 3.57641 2.52316 1.32662 2.10726 
3.0715 1.72264 1.44101 1.98406 1.86142 3.33728 1.95291 3.58558 
1.46836 0.801178 5.37821 0.776515 3.04967 1.77572 1.18808 2.22096 
2.28496 3.48189 2.93844 1.62454 0.927039 3.40544 1.12513 3.47579 
1.20872 3.18034 3.13099 3.29602 3.33315 1.29592 4.58976 2.86881 
1.61728 3.54508 3.57628 4.51484 3.79565 1.61056 4.87384 1.47375 
1.76167 2.61801 2.65427 1.87027 2.28849 3.92364 4.79158 4.35045 
3.23937 1.1042 4.96494 4.06553 3.21928 1.26724 1.17884 1.52991 
5.12427 5.26883 2.29018 2.76173 1.71721 3.42241 6.427 2.09952 
3.38895 2.05663 0.815109 2.21199 1.47973 2.70152 3.79758 1.65867 
1.68378 1.25052 4.24387 5.5221 0.989707 1.81044 2.06797 3.67569 
2.75352 1.21151 3.11131 2.21468 2.81113 1.74883 3.22962 1.91127 
4.9942 4.81308 2.94104 1.58075 2.93555 4.02954 3.27112 2.23699 
2.07417 1.62493 4.78494 2.48964 3.05809 1.75931 3.94023 1.03156 
2.07751 2.39521 3.02056 3.00736 4.81805 2.79161 3.28412 4.36916 
3.16372 3.35123 4.71815 3.63209 1.08004 3.83149 3.91012 3.65329 
2.9225 2.108 1.96636 2.11758 1.74229 4.28089 1.3575 1.41674 
2.71286 4.27557 1.59476 0.814995 4.11542 3.45871 5.33882 1.19273 
2.37303 1.29816 2.7568 3.5749 2.37491 2.73475 3.96648 2.17693 
1.76452 1.4789 2.42354 2.82571 4.32493 3.60469 0.810377 1.5333 
2.68596 4.39813 7.25229 4.28143 1.81618 2.13168 2.43326 4.53254 
1.28021 5.71657 5.45011 2.46054 3.46061 2.57349 3.14038 3.92409 
9.28614 3.73606 1.87942 2.34571 4.07177 2.54073 1.9149 2.20638 
3.04001 2.4584 2.63854 3.91366 1.6177 2.33698 2.41204 7.13241 
2.10483 2.72001 0.772748 5.97271 1.29212 5.58359 2.80127 1.27409 
3.12132 1.19648 2.25935 3.1889 100 6.13687 5.05026 0 
2.61803 100 0 100 100 0 0 0 
0 0 0 0 0 0 0 0 
# RVDC V1 t0 parameters T0 Error 
0 0 0 0 0 0 0 0 
0 0 100 100 100 0 0 100 
100 100 3.58822 3.1547 100 1.90384 5.63299 3.85416 
3.53285 3.41421 3.14058 1.43773 3.74753 2.39385 5.23212 1.94694 
1.28446 0.624582 0.683185 1.34622 2.26336 2.59169 4.87821 3.91366 
1.92819 3.76253 2.9945 1.82398 2.68277 4.64589 6.51925 5.69396 
5.60887 2.57844 3.11659 4.56589 3.69012 3.79039 3.23365 2.00594 
3.8511 1.64696 3.57854 1.797 4.39449 2.20604 4.29134 3.82782 
1.55947 2.61378 2.3514 5.60032 4.1808 0.981463 2.53469 2.22392 
2.56243 1.97535 2.04211 3.22118 5.83718 2.30929 4.63444 2.74124 
2.01608 1.58568 0.680143 0.918617 2.45583 4.73211 1.37399 1.95613 
1.95753 2.39016 3.26763 4.29701 2.24434 2.12201 3.8346 4.37848 
2.86258 3.86883 2.82195 3.7191 1.35961 1.84643 1.75637 4.08017 
1.3028 1.84422 5.32852 6.29388 2.3967 2.56709 1.71813 0.883671 
2.46128 2.63162 5.99422 4.79674 2.34697 2.65336 2.46415 1.80046 
1.63549 2.97234 4.76961 1.78954 2.80384 3.30104 2.20376 1.99199 
4.38936 1.21732 2.81895 6.3849 3.4332 7.92297 0.996968 4.38503 
1.27195 8.17097 3.18458 1.95173 3.24973 4.01521 3.10279 2.48406 
4.84324 2.97143 3.78446 1.13699 8.67935 2.24289 3.19903 4.29474 
3.35982 2.23168 3.99997 4.91146 3.01783 2.62638 2.84902 3.72614 
1.89091 3.0604 5.96456 1.00839 1.54942 3.35746 2.68819 3.468 
5.77884 3.36092 1.87773 5.01655 4.52126 4.03506 3.22584 1.9002 
1.70428 1.224 1.60001 2.61191 3.79698 4.73903 0.809091 1.5618 
2.26222 1.59367 0.746455 1.84512 6.60425 2.69647 1.53152 2.54597 
1.27747 1.93866 4.3347 3.46629 4.30738 1.97985 4.13227 1.67835 
2.82856 2.20149 1.73383 2.2413 6.27591 2.20387 2.17224 1.31615 
1.9452 1.66056 2.11432 1.99708 2.68129 2.13438 2.72346 1.67309 
0.593226 3.34956 3.77372 2.26986 5.03344 3.9862 2.13216 3.76974 
4.03333 1.54088 5.86044 2.4944 1.70594 3.86621 1.60026 3.18675 
1.75087 4.51169 3.02388 1.80016 1.59635 1.5158 4.14967 2.15459 
2.6661 1.50442 3.75 2.31994 3.08663 2.56293 1.63222 2.63829 
5.91265 1.61278 1.96179 1.63096 1.87217 2.47894 2.48305 1.0859 
2.85704 4.1445 4.07498 1.88619 0.906206 2.91809 1.3818 2.51113 
1.77305 4.85142 2.74376 4.36951 3.24042 2.42926 3.7112 0.975319 
2.41633 1.26157 2.95676 4.91036 2.50247 4.29673 5.0275 1.50986 
2.26102 2.09012 1.49297 1.77425 1.89595 2.63147 1.48129 2.6357 
2.88584 3.29713 2.99513 1.16625 4.53683 1.49931 2.24448 2.11646 
1.75873 5.38013 1.69251 2.95941 1.94293 4.05525 2.42186 2.11702 
3.52043 1.89648 2.5603 5.49558 3.18096 2.63254 1.48792 5.65151 
4.04317 1.74725 3.39587 6.20129 7.05349 1.79465 3.06492 2.15899 
2.86384 2.95736 2.4307 1.71354 2.58339 8.12622 1.03539 3.58114 
5.58359 2.03175 2.31491 4.5081 5.15345 100 100 2.07955 
100 3.58822 100 0 100 100 0 0 
0 0 0 0 0 0 0 0 
0 0 0 0 0 0 0 0 
0 0 0 0 0 0 0 0 
# RVDC V2 t0 parameters T0 Error 
0 0 0 0 0 0 100 100 
100 100 100 100 2.07955 100 100 1.28446 
0.963659 2.67669 8.99056 4.39058 4.08137 0.666666 1.48605 2.00732 
1.97384 7.44179 4.13414 2.6705 1.81839 3.63586 7.32843 2.27179 
1.9597 1.25635 1.53429 3.39587 3.18599 3.27235 2.85537 3.33942 
2.00844 1.69965 1.62958 3.73947 1.36425 4.14949 2.49177 2.37403 
8.20424 4.81247 3.51904 3.05754 2.28603 2.46289 3.11093 4.89867 
2.23397 1.54118 4.34708 1.33062 1.86058 3.42115 3.4394 1.03978 
2.40781 3.6049 2.21348 3.5092 2.4667 2.09097 1.24273 1.85192 
4.66606 2.77385 1.6723 2.21097 2.47689 2.21857 1.11106 2.99163 
1.25017 7.46667 1.14387 2.63171 5.1092 2.08565 1.62939 0.985927 
3.90819 2.26895 0.80369 1.14225 2.75707 2.91093 2.20344 3.42612 
2.80697 0.859117 4.86006 1.08512 2.8253 2.13737 2.26185 2.6982 
2.78406 2.22455 1.70087 2.07535 4.04028 1.56589 1.3079 3.56923 
5.37177 1.10648 2.30678 4.37441 5.10994 4.23907 4.70305 3.23479 
2.24434 3.85777 1.22836 2.32867 4.12211 3.53564 4.29703 4.52866 
3.35722 0.732469 1.71575 1.15146 4.64841 3.22941 2.12062 1.23436 
2.50258 3.10894 2.6129 2.62169 3.58836 4.98126 3.16338 1.34197 
4.9191 3.20328 1.34384 2.43471 2.56896 3.04022 3.47338 2.08195 
4.34494 4.15601 2.13214 1.55382 3.21571 2.58733 5.02348 1.88821 
2.40944 1.54475 1.73917 3.3821 0.838037 1.96191 2.69634 1.52271 
2.19073 4.32648 2.05675 4.06337 0.805535 5.27269 4.69892 1.86215 
4.40409 1.59913 1.70377 2.43582 1.1846 4.34555 2.41579 3.18189 
1.37197 1.1074 2.79522 1.65511 5.89726 1.78968 0.909705 4.76414 
1.63032 2.31091 1.80368 1.55154 1.46362 3.0116 5.87736 3.9437 
5.07266 2.44794 2.94024 1.57572 3.13791 3.00932 2.53283 2.54135 
3.20398 3.64577 2.41418 2.63627 2.68046 3.93253 1.8597 1.70591 
3.47169 2.65636 1.12311 1.94886 3.05485 1.97286 2.76125 0.938831 
4.57913 5.80564 0.884904 2.38143 3.28147 4.46937 2.6758 2.20176 
1.93706 2.22742 3.20066 2.97069 1.56395 1.03799 4.25043 6.00743 
4.22802 0.9015 4.2601 3.76626 4.35754 3.37999 5.09383 1.17179 
2.19948 1.77007 3.92033 4.10467 2.6191 2.83165 1.74543 1.89008 
4.92544 3.46677 3.57341 2.37795 1.80306 2.43102 5.2528 1.84185 
3.83803 3.39069 3.88617 2.43133 3.9676 3.33938 2.18749 2.80499 
1.87106 4.99606 0.867594 3.46198 2.04723 1.89951 2.61259 2.23402 
2.31419 0.946643 2.14337 1.88886 3.80946 2.64908 2.90756 6.02147 
1.73056 1.87304 2.55474 4.42624 1.45837 3.47972 3.68595 3.73148 
2.21725 2.39858 2.77034 1.97149 3.28176 3.67289 2.41132 3.8473 
1.15386 1.04753 2.15005 1.19769 6.3906 1.46394 7.06543 1.00817 
3.17781 2.52913 1.77986 2.156 0.897352 2.61894 6.14853 0.971295 
2.00594 4.17456 1.89266 2.2838 1.92819 1.19866 2.34681 7.51385 
3.61459 3.08684 2.46 1.87279 3.29501 9.63918 1.49981 3.27455 
0.272293 7.11821 4.92578 5.59909 1.85427 3.57107 0.535875 100 
2.23071 100 4.33137 3.53285 100 100 1.33333 3.1547 
100 2.27614 0 0 0 0 0 0 
0 0 0 0 0 0 0 0 
# LVDC U1 t0 parameters T0 Error 
100 100 100 2.56516 100 1.51612 2.93185 0 
1.66721 1.66721 2.25935 2.93185 2.01612 4.84607 100 2.88947 
100 2.15431 0.485483 2.89443 12.211 3.58114 1.5207 2.09919 
2.27614 1.78089 1.83464 2.81019 2.07955 1.80218 2.81019 0.603553 
1.80218 2.9295 1.48435 4.58631 3.18165 1.25 1.8746 1.82137 
1.17115 3.67544 3.79515 1.36237 2.48616 4.12604 0.566827 2.74155 
2.41171 2.83441 3.58436 0.730725 2.72482 2.52913 1.7941 0.979785 
1.42513 1.28515 4.30648 0.74683 1.0651 1.57748 4.87284 1.66459 
2.60078 1.79191 2.09148 3.92465 1.25141 2.90202 1.67824 2.83999 
1.13523 2.01702 1.19829 1.34752 4.59564 3.59151 1.88833 5.86149 
2.13397 2.50163 0.905438 3.81373 2.4262 1.98574 1.71894 1.22536 
1.68489 5.31904 2.79241 2.98802 1.72417 2.32684 2.11668 3.11237 
4.22474 2.57 8.77453 1.0713 1.52913 3.02841 2.16231 2.30839 
1.57597 1.91587 2.66397 3.06935 3.68763 1.42111 3.42115 1.52241 
2.50903 2.1087 1.71186 2.16165 2.57735 6.31393 2.99133 2.33463 
2.82818 1.11382 4.82709 5.51578 2.89675 2.36944 4.06095 5.98897 
1.61474 2.15196 2.76807 4.58511 1.58046 1.00857 1.74998 4.11264 
2.21825 4.18282 1.65262 7.54102 5.61292 4.04716 2.56117 5.03362 
3.24117 3.35897 4.71388 1.20502 4.37789 5.33984 1.31796 2.96478 
2.33911 5.97954 2.5645 3.05709 1.82163 2.927 1.87684 2.51014 
2.66971 1.59701 3.57623 1.82434 7.22893 3.68816 0.758062 4.24769 
1.47271 4.28262 1.67196 1.63373 2.89027 2.98802 3.23479 3.27589 
5.38841 3.52875 2.90151 5.59423 2.25376 2.91709 4.40409 2.85009 
4.60165 2.98466 2.45599 1.85003 1.26156 2.62863 2.66007 3.55642 
1.64187 1.61424 4.51406 2.07259 4.14365 2.71223 3.35714 1.01384 
3.51086 1.14358 2.0981 2.44312 1.23113 2.97095 1.3009 3.18138 
3.17926 1.78924 1.00246 2.54432 1.94603 5.05813 1.95767 1.75879 
1.72416 4.03791 2.67659 3.53999 3.00836 0.855023 1.86282 5.13257 
3.946 1.01442 2.93882 3.52043 3.39124 2.46339 2.3276 1.32973 
3.93971 3.17244 3.27915 2.04526 2.4233 2.37818 1.39755 0.644246 
5.18088 1.75575 3.72001 1.61474 2.64081 3.07767 1.94055 1.69064 
1.97781 2.03895 1.68441 4.70305 1.65542 3.32443 2.47105 2.78274 
3.07615 2.41527 2.23552 1.23032 3.19109 1.1976 4.02264 2.19282 
3.43887 1.54813 2.87292 5.97631 2.25254 1.93963 2.39113 2.79604 
2.37588 4.09088 3.22387 2.22579 4.60107 2.88104 1.46889 1.8369 
1.897 1.6011 1.29413 7.13293 4.38503 4.58823 2.352 4.09515 
1.1135 2.78122 2.49545 1.53678 2.06848 3.74466 2.80756 3.28825 
2.97654 1.98568 3.43255 3.75896 2.07316 5.96353 0.932893 2.4816 
1.40825 2.88585 2.22324 4.06169 1.26019 1.20707 3.50945 4.26585 
2.02765 2.18193 2.17008 2.73214 0.846024 2.86058 2.42556 5.3858 
100 3.76244 2.06785 5.51929 1.46465 2.68524 4.96812 1.89844 
1.37558 1.23631 1.7239 4.25937 4.5081 4.7194 1.29536 1.55681 
4.41831 100 0.451278 2.38802 100 3.41067 4.05008 100 
3.92202 4.12252 0 1.60948 2.61803 100 0 1.5959 
3.85416 2.27422 100 3.1547 2.61803 4.5081 4 100 
100 2.27614 0 0 0 0 0 0 
# LVDC U2 t0 parameters T0 Error 
0 0 100 0 100 1.18498 0 5.46289 
2.93185 2.51841 2.93185 3.94239 1.67303 2.53726 1.5959 3.61217 
1.90384 100 10.7985 100 2.90119 5.05026 2.2495 1.5207 
4.82168 100 1.0753 1.75806 2.91506 2.40627 1.37478 1.43773 
1.559 1.71354 3.93657 1.67084 0.827008 100 2.36828 3.29948 
7.44474 5.06904 1.63721 2.71905 6.69617 3.70002 1.70288 1.617 
1.89832 1.81002 3.40894 2.56575 1.98719 5.28905 7.50366 2.13831 
2.09847 2.30844 2.13464 2.29722 1.4456 1.46338 1.73053 1.17955 
6.07326 3.41224 2.09097 2.74174 0.540516 4.00018 2.22727 2.29091 
1.97517 0.837226 5.17251 2.35323 1.55016 2.8637 0.992683 4.60723 
1.94877 2.14661 2.03225 1.84111 1.78638 1.6006 2.75901 1.38589 
1.70625 1.66242 4.41565 3.59639 2.93687 1.02735 7.40128 1.26787 
3.51053 1.90048 3.28912 3.47081 4.39224 2.06848 3.27585 1.49706 
1.87262 1.83223 2.42377 1.2444 6.75684 1.01626 1.68433 2.5343 
3.00297 1.60077 0.642043 3.43354 2.77385 2.29829 1.86573 1.5684 
0.849198 1.98218 2.12944 2.1668 1.23797 3.21271 6.51523 1.54375 
1.97788 2.03169 4.78047 3.64431 2.53273 1.13101 1.25426 1.99852 
5.88871 3.6455 2.83857 1.64621 8.198 6.11133 3.03961 2.48394 
2.43768 3.54988 2.03974 2.50106 2.504 2.51146 1.69995 1.5712 
1.84114 2.27766 2.08531 5.65432 3.50193 2.83857 3.94347 2.06282 
1.17778 3.31552 5.02594 1.19862 2.50835 2.74928 1.5466 1.52855 
6.10342 1.016 1.6509 5.04501 1.85301 3.52538 5.92517 4.77823 
3.10132 3.27644 1.31651 1.55634 2.62551 5.58915 2.08529 2.2258 
2.09666 4.94292 2.07319 3.37881 2.664 2.70038 1.90492 2.03882 
2.6775 4.47155 2.03813 1.64027 2.09822 2.87414 4.99351 4.5637 
1.0847 1.23692 2.59364 4.53004 2.89953 1.77572 5.88336 1.38167 
2.61623 0.720679 3.06441 6.16205 4.87764 3.58075 3.8499 1.19483 
3.15532 2.02823 1.16953 1.24422 2.6249 2.50631 4.35364 2.914 
2.8157 1.07457 2.67232 1.26117 2.70813 5.97336 2.506 2.88293 
4.06587 1.42465 0.77938 1.85097 1.98574 3.16741 7.45858 1.74616 
2.23074 2.16735 2.32712 6.51642 2.66324 1.85778 1.35554 3.96641 
2.26813 2.45842 2.25607 2.43316 2.19906 2.04856 5.30821 3.11711 
4.53152 1.45187 2.82028 2.29315 2.56293 1.7178 2.66112 3.57405 
4.12621 2.93475 2.26945 1.4939 3.61685 3.79109 4.31004 2.32211 
2.12062 1.35049 2.64929 2.87114 4.76922 2.00585 4.107 1.27179 
4.18885 2.87848 1.18965 1.44593 2.53157 1.8415 3.5473 2.7257 
5.47454 2.15324 2.20888 1.17474 0.855724 1.87751 1.6075 0.969646 
4.23907 5.06026 3.8511 4.29422 6.33581 3.00734 3.05873 1.76907 
3.43619 3.32463 1.98384 2.61081 3.11849 3.26527 1.42374 1.93466 
2.25654 1.16267 3.38333 3.46744 3.33607 4.0557 1.58314 8.1495 
2.09521 4.32941 1.73331 1.86588 1.07972 3.23967 3.72089 2.31039 
3.50743 2.69791 2.30657 7.00183 1.03192 0.917467 2.2252 2.82951 
1.73581 2.31669 3.84211 9.58786 2.4421 1.79411 2.70416 100 
1.49981 2.54205 1.18895 2.28678 4.16907 1.71823 5.59909 2.01713 
2.63555 2.80127 5.08681 1.36603 2.71862 0.963659 0.724797 100 
1.18498 2.31491 4.82405 100 0 0 2.27614 2.27614 
# LVDC V1 t0 parameters T0 Error 
100 100 0 4.57803 6.50004 4 0.982963 3.1547 
2.5077 3.33188 100 2.29971 100 2.52747 8.99056 2.82843 
100 5.08681 1.89847 0.800126 0.982963 1.84977 1.60948 3.94239 
4.5081 1.84977 100 4.89842 6.15279 100 3.57107 1.1384 
3.0413 2.78528 5.3057 5.73669 1.18301 2.81019 5.51929 2.83067 
2.29691 1.75493 7.595 1.45321 5.26237 6.2702 5.27975 2.16569 
2.13048 4.17466 3.40894 1.26508 1.88859 1.35931 2.36526 2.38605 
5.17032 2.65461 3.1566 1.49755 1.79335 5.5941 3.92409 3.89001 
2.43591 1.84033 1.81618 3.02064 1.67538 3.0215 4.13654 1.62958 
4.38241 3.62965 1.15892 2.67221 3.74391 8.51539 3.71012 2.84628 
1.70921 2.00379 2.55085 2.2773 1.3019 3.77917 2.12944 2.73022 
2.1668 3.78254 2.58324 1.72882 4.25838 2.13144 1.25951 1.36171 
2.96696 2.4113 1.23375 2.97868 3.11734 1.38157 2.46371 3.456 
5.28739 7.72309 1.76913 2.2375 5.72367 1.31671 1.74694 2.02918 
1.41525 1.87044 3.01725 1.86901 2.76933 2.95364 1.27866 1.76776 
3.24117 2.56743 1.31301 6.33545 1.58695 3.69612 1.24286 1.70743 
1.39232 1.92859 4.5908 2.8255 2.13289 1.77165 2.32941 4.11223 
1.79475 3.62307 2.57 4.55172 5.93238 2.11308 3.26589 4.56701 
2.38665 3.69383 1.39148 1.70605 3.20495 2.08841 3.5368 1.83866 
3.56614 3.96099 1.15688 1.7067 0.99608 3.08284 4.59026 2.10321 
5.0408 2.34553 1.0805 6.33016 1.61076 2.76807 2.22251 2.4099 
0.902237 2.50131 1.09352 4.94678 2.29644 2.10878 4.16224 3.04525 
1.69366 5.32747 1.34419 4.11047 3.41046 2.29843 1.21767 5.26068 
2.36132 2.27766 2.70126 3.98623 2.53829 6.77889 2.62131 2.08531 
7.61059 3.38892 1.63142 4.33082 5.54744 1.70644 1.86742 7.14005 
2.78406 2.52609 1.18807 1.39094 4.08999 1.61648 4.30263 1.98521 
4.26187 1.41939 1.84114 2.26217 1.9958 2.25665 5.72228 2.22837 
1.59703 1.19604 2.20137 2.26964 2.71548 1.43553 3.30417 3.14626 
1.78778 2.61187 2.7195 5.471 2.49397 2.8141 2.76191 2.96224 
4.57787 2.41736 2.26686 2.41555 2.55412 4.66128 4.78217 2.73864 
0.797806 2.13299 4.82982 2.30183 3.52756 1.12509 5.8088 3.06662 
4.12087 2.63466 4.33947 1.36526 2.25246 3.3945 4.51484 3.26613 
1.38706 1.36108 4.15049 4.40982 3.48769 5.03362 1.63369 3.90331 
2.02894 2.84148 1.81209 1.94685 4.46957 1.42003 3.53804 2.78271 
2.74156 2.26986 2.00588 1.61648 4.13553 4.87271 2.54941 1.24271 
3.19155 2.39428 2.85589 1.63099 4.19477 2.72635 2.51861 2.14641 
1.82629 6.48487 3.62914 4.33424 2.71341 1.95958 4.44432 4.40547 
2.13464 2.21075 3.37736 7.63452 1.86058 1.82525 1.98436 3.32788 
1.53855 3.02792 4.51705 4.32362 4.9524 8.63886 2.7253 2.07012 
2.54991 2.00639 3.13707 3.11973 2.24607 1.92924 8.70055 2.03969 
4.82142 6.34946 3.53719 5.12059 2.41421 4.92578 2.07156 1.68072 
2.95582 100 2.64313 1.98623 1.33886 4.09046 2.38455 1.1384 
5.90444 2.4981 5.90444 2.71862 1.43773 15.7639 2.07313 3.68363 
2.89443 100 5.79202 1.80156 4.15444 100 1.47683 100 
100 100 4.15444 3.14058 100 4 100 0 
0 0 0 0 0 0 0 0 
# LVDC V2 t0 parameters T0 Error 
100 100 3.1547 4 100 3.14058 1.90384 2.07955 
100 4.57803 2.07955 2.53183 1.29212 0 3.8583 0.904508 
2.09919 3.36603 1.78734 2.4 100 1.5207 2.72216 100 
2.17932 4.33942 2.81019 2.25935 11.1708 0.971047 3.4353 3.59716 
4.06782 3.3337 5.51032 4.82142 1.54215 2.77982 1.51501 7.72636 
2.57673 2.34793 0.836871 1.19245 1.25823 2.77457 3.23561 7.41428 
2.11093 6.37459 2.96603 1.92943 1.9874 2.20344 6.25746 3.10031 
4.36515 2.53791 2.5925 2.36132 2.11191 1.78623 2.63125 0.881519 
3.27898 4.79266 2.43514 2.42636 4.35382 1.24299 4.50066 2.44758 
5.29466 1.79794 1.95526 2.88585 2.92907 1.97 4.67427 1.72994 
1.35961 5.79809 4.10254 4.28089 2.36654 2.6833 1.27284 4.30998 
3.87947 1.45312 4.34086 4.42022 2.38554 2.69673 1.78713 2.82247 
6.18695 2.63287 2.5603 2.35728 5.25778 1.65819 1.82724 3.08082 
7.04711 3.46731 0.839106 5.2292 3.38993 0.785996 3.26998 1.70298 
2.22455 4.05089 2.87013 1.13523 1.72465 2.82785 1.99395 2.64773 
1.75766 1.46765 6.25794 2.67221 3.8303 2.13152 1.73874 1.77573 
3.15432 1.70377 2.87026 0.727032 3.00293 4.18074 4.11414 4.15074 
3.31673 4.15126 2.37273 1.41646 1.86765 2.0422 4.76414 3.40281 
7.17618 2.26976 1.03629 3.25077 2.92062 4.35405 3.68701 9.74986 
2.00791 2.60975 2.57 3.88636 1.80302 4.09543 2.80073 0.793704 
2.60975 3.67732 0.676334 4.37293 0.441733 3.10132 4.95104 3.04565 
1.80678 4.50224 1.75874 4.21615 2.00692 2.37349 2.75941 1.04425 
0.935869 1.66103 2.41827 2.62047 2.90179 3.24279 2.16849 4.6781 
3.14316 3.50445 1.22141 2.46886 2.91223 1.40803 1.28112 3.66018 
1.69422 3.09466 1.96138 2.10642 1.7855 2.7618 2.68916 2.47683 
1.05303 2.77065 3.35763 2.02088 1.84857 1.58966 4.81528 4.40341 
1.27765 1.53471 3.64728 4.8533 3.83146 4.08977 3.00604 3.404 
1.12009 4.46017 1.1746 4.8035 5.27472 2.71163 1.61648 1.52572 
3.7658 6.03134 6.03333 2.99163 5.7328 1.09291 1.39887 2.70271 
1.94166 1.82549 3.38002 3.67774 3.17453 2.84148 1.36916 4.19038 
4.05476 4.23907 3.83936 5.98683 1.12013 4.24821 2.11702 1.09785 
5.48362 0.916103 5.1838 0.995347 2.24065 1.15184 3.55067 1.73794 
1.62852 3.09773 2.78399 1.65528 5.23229 1.38068 0.838739 2.30817 
2.92622 2.57743 1.7953 3.1183 1.80852 4.41715 2.58135 3.29373 
1.22715 2.5709 3.07392 1.9009 2.53193 4.30249 3.07611 1.05886 
2.35609 1.77981 3.27689 3.42124 1.81998 2.86441 3.06832 5.62814 
2.43949 2.11505 1.27156 0.386804 2.18664 3.12576 5.1249 0.670052 
1.95114 2.0537 4.10762 0.832353 4.84135 2.80377 1.60146 2.91097 
2.54468 4.89344 1.88244 1.49505 0.653375 2.47064 3.20663 3.94364 
6.151 2.09835 3.29909 1.20056 1.9646 2.3871 1.328 4.26716 
4.20829 3.01835 4.05453 7.79215 3.74539 1.8551 2.9771 6.28451 
2.70337 1.66308 2.88597 2.79788 3.60434 4.51911 4.05411 2.68524 
2.53317 5.65204 3.99735 3.06274 1.4797 4.12548 1.92235 3.0413 
3.23715 3.51061 2.01713 4.87242 2.93444 5.12059 3.41067 2.71862 
7.61667 4.33137 0.441977 0 5.54775 3.33904 1.84977 1.5207 
2.93185 3.53285 2.27614 3.14058 0 100 0 0 
