# RVDC U1 t0 parameters T0 Error 
0 0 0 0 0 0 0 0 
0 0 0 0 0 100 100 0 
100 100 100 0 0 0 100 100 
0.982963 2.93185 2.93185 100 100 3.04594 2.72216 2.31491 
1.04499 100 1.36603 2.95736 2.07166 2.83721 2.21145 5.18114 
3.02809 0.563684 1.80232 5.13311 3.68109 0.988209 3.51053 3.29501 
3.12338 2.32311 2.00159 1.51501 1.50892 4.11264 1.16344 4.2763 
2.77178 3.60958 2.22324 0.942536 1.82518 3.37344 3.19795 2.41765 
2.29268 4.03727 1.27465 5.34523 2.38207 1.32415 1.69902 3.10319 
1.46548 2.80744 2.43745 2.19576 1.05921 3.44597 5.1161 2.33812 
1.67597 3.68038 1.07205 3.26677 8.02603 1.40955 2.73552 2.02818 
3.17429 1.9488 2.45762 3.11821 5.24828 1.07137 2.52837 2.91652 
3.59485 5.69261 1.85572 3.81367 3.39816 1.34862 1.42679 1.1785 
1.67869 1.8268 1.56624 5.73766 4.26749 4.6485 3.74418 2.05539 
1.96595 2.66397 1.35612 4.74923 5.13298 1.61413 1.7445 1.76601 
2.53138 1.63007 0.714069 2.05196 5.93336 4.53392 3.2011 6.42005 
4.04284 3.2457 2.85373 3.84418 1.53945 2.08316 2.88293 1.75187 
7.04517 2.82541 2.32552 1.32143 1.32112 1.95921 5.61335 2.4832 
0.943264 3.00062 2.26843 4.25846 1.32526 3.96464 1.89779 3.71152 
3.20193 2.11934 1.71299 1.66876 1.8349 3.79391 1.19733 1.7318 
2.19753 4.00433 3.48617 1.66078 4.06337 3.60324 4.44013 1.57744 
2.01916 6.42995 1.56952 3.68102 2.13262 1.50129 2.39887 4.0331 
1.90719 1.51317 1.83866 3.42277 0.996656 2.23892 0.961471 2.59607 
1.87042 3.58429 2.95559 3.67876 1.96019 4.11066 2.87564 2.26268 
2.82552 3.66438 2.26567 4.20669 3.76712 2.22498 1.14468 2.94215 
4.74923 7.77913 1.97641 5.56374 1.54813 4.10525 5.05087 2.57026 
6.06803 1.43006 6.50408 3.46723 2.84921 1.6731 5.90174 2.78186 
7.02768 4.06261 0.851178 0.983971 3.16477 2.3139 1.86705 2.44897 
1.52624 3.30786 7.46959 2.40495 1.15054 2.01457 4.24808 1.34648 
2.62131 2.42168 1.98466 3.25947 2.50653 1.36966 2.52261 3.31744 
2.68596 0.958691 6.5691 1.31602 1.17149 1.70377 4.09088 1.9692 
2.65809 5.22113 2.25019 3.91947 4.30305 2.79676 3.26413 1.85694 
5.21823 3.9466 1.95921 1.55501 2.33929 2.35863 3.22089 1.09613 
1.4506 2.02519 1.79045 3.14877 1.07526 1.31314 1.4209 1.9739 
2.72027 1.77651 3.16651 5.19282 1.83527 2.48874 4.77139 4.06193 
1.69173 1.65337 1.40357 2.60773 4.66788 3.48343 1.70414 0.955843 
2.10051 2.06452 1.67278 2.21557 2.09804 6.19299 7.94185 1.53855 
4.67659 2.86999 1.63138 4.40409 3.36982 2.66522 4.198 3.89257 
2.5675 5.08713 2.45198 3.87183 2.89429 2.70084 3.29105 8.33998 
3.45816 10.9751 2.68549 2.13831 5.87203 6.9856 1.17803 3.59692 
2.7749 2.7749 1.27409 5.71668 2.51841 1.28446 2.71862 5.79202 
5.8778 3.41421 4.84607 4.70362 100 2.56516 0.904508 0 
100 0 100 0 0 100 0 100 
0 0 0 0 0 0 0 0 
0 0 0 0 0 0 0 0 
0 0 0 0 0 0 0 0 
# RVDC U2 t0 parameters T0 Error 
0 0 0 0 0 0 0 0 
100 0 0 0 100 100 0 1.51612 
100 0.904508 100 9.64194 100 1.78734 1.09418 100 
6.40083 1.48435 1.05921 2.83067 3.74539 6.95403 4.12548 2.99634 
2.20123 1.34318 4.41373 1.47602 1.92819 4.49528 1.6899 0.593265 
3.62341 4.45525 2.00077 4.1724 1.98614 1.39609 1.81864 1.13077 
1.85064 2.74842 7.64509 2.4321 2.91206 2.63348 2.32001 4.43836 
0.95714 2.10085 5.36333 2.00846 7.65747 0.961127 1.34279 3.12422 
1.14216 7.53929 3.75896 5.51339 7.89943 2.19482 8.43277 1.80474 
2.1347 2.32941 1.80902 4.76922 6.69336 1.13679 2.75161 4.67782 
1.11651 2.63926 2.84669 2.94726 1.3845 2.44752 2.11081 1.34075 
4.56239 1.60995 2.79214 4.68918 2.05188 1.10814 1.0606 1.84114 
1.60747 1.10524 1.13245 2.09409 4.65765 2.98519 3.3851 2.11313 
1.69902 7.06781 2.00607 4.15238 2.45077 2.76529 4.06156 1.73669 
2.89597 2 2.0838 2.35768 2.29488 1.92971 5.20619 3.70548 
2.63607 1.99824 1.53191 3.36603 1.02724 4.80168 1.87216 2.16226 
0.783898 2.00895 1.88859 3.85885 1.77465 2.13488 1.08143 1.3304 
1.87035 2.32799 5.32629 1.83866 1.71723 0.873201 3.01349 1.94895 
2.56516 2.75972 2.61606 4.02206 0.770078 1.91275 2.48084 6.31701 
1.6273 1.8732 1.932 3.18851 1.68007 2.08016 2.49003 1.78158 
3.62056 1.73317 2.22682 2.42317 1.97345 2.97383 2.51417 1.13779 
2.94808 2.64176 3.46005 2.94707 2.22392 1.30953 4.2256 1.46829 
3.08125 1.56742 2.99548 1.65665 0.915246 2.98376 4.58965 4.6163 
1.1934 3.80648 3.04435 4.56168 2.86669 2.52767 5.77211 2.37373 
4.53924 2.88396 1.80933 3.21598 1.74357 5.0938 3.63512 3.39043 
3.91864 8.13796 3.51866 4.03314 1.64978 3.70017 4.53924 2.18538 
2.66331 5.91963 2.12852 3.8822 1.04249 2.84243 4.91892 2.05063 
1.12604 2.59793 2.27706 3.63158 2.12101 2.99898 1.77824 2.4804 
1.03361 2.40123 1.60338 4.15889 1.4506 2.17033 3.65989 2.54842 
3.23065 3.26677 4.67593 3.05485 2.00607 4.46162 2.47412 3.91727 
1.73515 4.72432 4.0546 4.04388 1.82719 1.94406 1.4561 1.76143 
3.31821 1.26563 1.65549 2.40592 4.32144 4.49787 2.06405 4.49611 
2.18068 3.03832 1.79819 1.36053 2.89329 1.80185 3.15692 3.85541 
2.23864 3.63723 5.37821 5.83985 3.7306 2.2413 2.1285 4.42469 
1.51548 2.31597 1.22123 1.86805 1.94055 2.76704 3.55935 2.18534 
3.05945 1.94769 2.75172 3.63589 1.57398 1.77562 1.78882 1.42905 
3.50476 2.75492 2.14934 1.73141 4.78535 2.26632 2.87803 3.23852 
3.32738 2.06116 2.48872 1.56493 3.36966 6.13476 4.46162 2.1087 
8.40816 3.07519 3.94282 4.23665 2.91783 1.15561 1.47554 3.82235 
2.24065 2.43574 6.12877 2.05196 1.68066 6.27827 2.83381 4.57048 
2.65461 2.17067 12.4634 6.64868 4.88538 6.73627 2.7425 1.95797 
5.45411 5.83958 2.34263 4.17507 2.80852 1.5457 4.55809 2.60055 
6.07952 5.82799 1.33886 5.20947 5.12059 8.01976 2.89443 100 
2.71862 2.29971 4.5081 0.982963 100 100 100 2.27614 
3.1547 3.1547 100 0 0 0 0 0 
0 0 0 0 0 0 0 0 
# RVDC V1 t0 parameters T0 Error 
0 0 0 0 0 0 0 0 
0 0 0 0 0 0 0 100 
2.27614 100 100 100 4 1.51612 4 2.27422 
100 100 100 2.56314 3.1889 2.51841 2.95108 1.875 
2.38455 3.20354 2.1435 0.925795 1.58018 2.72823 5.43649 2.17871 
2.7549 1.96382 2.62439 3.04565 1.79899 6.14747 4.12986 2.9887 
2.98802 2.76907 2.54222 6.44949 4.59088 2.93219 1.27805 2.45545 
2.95544 2.7425 4.06068 1.01111 1.42202 4.57983 4.36077 1.54868 
2.15965 2.24423 2.61182 1.37908 3.01403 2.3862 3.26376 2.88065 
3.68981 1.67074 3.23499 1.05145 100 4.16293 3.11112 3.29734 
4.6503 2.69753 2.92341 1.72966 4.36542 1.03766 5.22972 3.47604 
1.76886 3.00336 1.27866 5.21456 3.66018 2.13603 4.7737 4.41871 
1.13541 3.05873 3.18434 1.63757 9.55673 4.11982 2.71834 2.02636 
2.19679 3.0272 5.02204 1.23066 3.09521 3.8064 4.58511 1.34934 
5.68545 3.8632 2.55412 2.79877 0.903913 3.14907 5.39324 1.51417 
3.56417 2.00565 1.56564 3.23852 4.56047 2.12837 1.23163 1.46413 
3.34531 2.60566 1.80669 2.79955 1.75849 2.7332 2.94244 3.43348 
3.89684 3.42265 3.16161 2.8059 2.47105 3.31573 3.56923 1.33773 
5.39574 3.8346 1.99176 3.39328 1.02409 1.90162 3.77577 3.3986 
1.75384 1.80126 2.77065 3.08559 2.09122 2.15491 4.12211 1.34074 
3.63196 1.45352 2.80697 1.23998 2.31973 2.91686 4.71633 1.39433 
3.98303 4.55148 3.41865 1.78949 1.48396 7.98734 1.47607 1.50582 
1.64522 3.93699 3.71185 3.98249 0.78058 7.6648 5.84271 2.18265 
4.72333 1.85301 2.62345 2.80501 4.60582 4.41374 1.56564 4.81324 
4.29822 4.16614 2.60766 3.36093 1.76922 5.46453 2.99352 3.20907 
2.11719 2.73877 7.57105 4.77136 3.45867 1.30772 2.10611 3.28738 
2.82817 3.02254 3.53987 2.97037 5.02913 4.23446 1.10987 4.83824 
4.57913 3.19162 3.00226 1.03883 1.51631 1.87514 1.91694 2.80497 
3.2845 4.87594 3.70051 4.59311 1.73392 4.38733 2.19393 1.98452 
2.09877 2.41956 3.72654 5.08183 4.00013 4.70177 6.2606 1.6788 
4.98879 2.4573 2.42712 2.27358 4.47456 3.60622 2.78085 3.49786 
3.78242 1.45036 2.77562 3.12833 1.89925 1.84309 1.30534 3.07935 
2.13038 3.26976 6.68177 1.01165 4.73841 4.38909 3.57494 1.42601 
2.80419 2.72608 2.07341 3.21282 1.94383 2.5886 1.26072 2.64142 
4.75504 2.6117 2.66201 1.18972 2.70118 3.59372 1.74451 5.9932 
7.08866 4.01037 2.95329 1.75158 1.82525 1.96141 1.64258 3.13824 
3.70799 1.4919 3.83936 2.37533 1.40425 3.11902 1.72445 2.77485 
1.27593 0.611499 2.55314 2.59637 2.23224 3.66806 1.66176 3.85034 
3.77474 1.92924 2.09432 1.3197 6.03703 1.52688 3.02081 3.34262 
1.58443 3.01398 1.13041 1.25072 3.53784 1.5594 1.30242 2.70606 
2.49709 4.4971 1.2302 1.52638 1.85671 2.09919 1.63743 2.47869 
2.53726 3.92202 3.61217 5.54658 2.93185 4 0 100 
100 100 100 100 3.1547 100 0 0 
0 0 0 0 0 0 0 0 
0 0 0 0 0 0 0 0 
0 0 0 0 0 0 0 0 
# RVDC V2 t0 parameters T0 Error 
0 0 0 0 0 0 0 0 
100 2.27614 1.33333 2.27614 0 0.675959 100 100 
0.982963 2.29971 100 4 2.36828 5.94691 1.18301 2.31491 
2.78769 1.6335 3.57107 2.41421 3.46762 3.92285 0.706324 2.34793 
4.05411 1.36381 3.50743 1.21309 2.30657 3.35338 0.833252 1.37399 
0.722481 3.19843 4.10721 3.69875 3.97575 1.7843 1.92819 2.12594 
2.51218 1.41729 2.17261 1.14383 2.48018 3.80474 1.15889 4.65212 
3.69012 2.94512 6.15673 7.03741 1.47666 1.09569 0.961496 5.09459 
1.72285 1.98732 1.92862 5.42664 4.07704 4.65414 4.23658 1.11206 
3.02538 2.03545 3.464 2.17555 2.73022 3.37736 4.98512 1.62122 
6.45125 1.43235 1.17242 2.84486 3.98865 3.35363 3.26589 4.04748 
1.74024 5.63272 4.41233 5.90651 4.23083 4.14896 2.22727 3.2607 
3.83323 4.17557 3.73978 0.861502 4.4337 2.62145 7.89481 4.8608 
3.57006 2.46386 6.09389 3.58126 2.79362 2.05071 1.72001 1.81639 
3.44127 2.36392 1.86347 3.47731 1.7106 5.52519 3.97449 5.61621 
2.36562 1.94453 2.86555 1.38494 1.74564 3.25077 4.12519 2.82785 
2.73423 2.92661 3.90741 4.07975 4.0337 1.35927 2.22986 2.48475 
1.27667 2.30346 4.09364 3.32788 7.46959 4.32327 2.35002 5.59361 
5.69288 2.60929 2.76407 3.78776 3.65205 2.3123 1.85268 1.68843 
4.19449 3.45512 1.99428 1.27417 2.19642 0.994236 3.27695 2.30911 
2.93604 2.59607 2.43886 3.38248 7.52767 1.64298 2.06854 1.24153 
7.28587 1.12476 2.77442 2.42844 1.77609 0.780966 1.79746 3.70641 
1.16801 6.61806 4.02206 2.52128 2.90628 4.82751 1.61587 2.94707 
5.02858 1.98074 2.395 3.67121 2.39985 0.878212 1.88977 3.94434 
2.84372 1.83762 1.72859 6.08614 2.55483 4.13801 4.97863 1.57899 
1.14302 5.2005 3.56742 1.86961 1.81648 5.2837 2.97914 7.17131 
1.92127 1.96044 3.55375 3.50188 2.77562 2.89547 1.37799 2.08443 
3.16731 4.50381 5.39972 2.46415 3.97343 1.2162 1.39887 1.98732 
1.51114 3.54241 3.12178 3.36983 2.25682 2.8178 7.02768 3.58649 
3.73338 2.96164 1.83024 1.61458 2.00383 1.33365 2.92803 1.64099 
3.26321 1.82682 2.81457 4.17515 2.20611 1.15858 4.37551 1.23711 
1.53555 1.73395 1.77075 1.04932 3.44608 1.7281 3.32843 1.48016 
2.0504 1.62274 4.23304 3.22342 1.04349 3.92865 2.90354 2.96696 
1.35212 1.67719 3.26802 2.15464 3.49973 3.23363 1.02937 4.05788 
5.77211 1.37934 1.92484 1.88514 1.6722 3.36018 2.08868 4.80043 
1.12702 2.71362 3.8278 1.60591 3.57357 3.72763 2.54842 2.11607 
3.58732 0.683265 4.30899 2.07875 4.21337 4.4394 4.21959 1.78782 
2.20288 1.91347 2.01184 2.83209 1.90867 4.19781 5.69822 2.57081 
0.81162 1.03759 1.26418 0.799321 3.14773 1.35689 0.636577 0.672814 
7.01611 4.56425 3.45816 6.2331 2.35079 2.46362 4.0749 2.87012 
5.99047 1.60645 2.58351 2.66728 1.32552 2.40278 2.2589 1.79899 
4.33481 0.796801 5.06466 3.94744 2.35168 2.53317 3.06492 2.6251 
1.23806 2.36828 1.42633 6.65824 2.82288 1.90384 100 1.66721 
1.60948 2.51841 2.25935 1.90384 4.57803 2.61803 100 4 
100 100 0 0 0 0 0 0 
0 0 0 0 0 0 0 0 
# LVDC U1 t0 parameters T0 Error 
100 1.33333 2.27614 100 100 2.61803 1.51612 100 
2.27422 1.5207 3.14058 1.60948 2.05981 4.91329 2.63555 2.61803 
2.51841 3.3798 0.465886 17.7975 5.90444 3.05377 8.99056 3.18165 
100 2.40627 5.08681 1.4781 100 3.33188 2.00188 4.47982 
4.27207 5.08681 2.07669 1.60571 2.81019 2.71862 5.48249 2.72216 
2.49103 0.716586 4.51911 2.28228 1.04046 1.02429 2.36828 3.17841 
0.846038 1.86674 1.12061 0.751292 2.13414 1.37997 10.9666 1.76237 
2.72448 1.87084 3.15931 2.73675 1.46413 6.36497 3.17319 4.74149 
2.03413 1.41939 1.09768 3.22599 4.42386 0.762251 4.53827 0.666553 
2.85537 2.19138 1.00908 1.89408 1.49066 2.39197 2.22492 1.80818 
1.47379 3.10617 3.60424 6.96037 3.89683 2.34427 3.14311 1.32269 
1.05833 2.35549 4.6097 3.51053 0.985131 2.73658 1.27991 1.74177 
1.45932 3.65547 2.11313 2.74134 0.901177 1.81546 4.88263 2.08529 
2.48774 4.8823 1.90308 3.38248 2.79757 2.26392 1.93034 3.07687 
1.19958 2.23482 4.54104 1.59169 3.80474 2.06854 1.52203 0.823867 
3.98134 1.88859 4.86976 3.36683 0.984439 3.22762 1.62274 1.6692 
2.64839 1.46516 0.760349 1.04791 1.12429 3.54734 1.53318 3.17301 
1.39762 2.59071 2.95178 2.00127 8.8152 4.83276 0.777973 2.29079 
3.23852 1.70864 0.877975 2.16094 6.0506 1.38743 4.41924 1.96791 
1.89832 1.80818 1.00536 3.80944 3.63786 5.22247 4.2526 6.07005 
5.21523 4.10732 2.88025 1.7933 8.70958 1.5469 3.11659 0.946667 
1.98348 2.70438 2.09417 3.5767 3.21411 3.04547 1.328 2.03944 
1.79464 1.73202 4.96063 2.65436 1.74883 1.25229 2.39268 1.91137 
2.33876 3.55466 2.80177 4.12983 2.88065 1.26401 3.96276 2.07608 
1.329 4.95029 2.20462 3.45665 2.1101 2.73178 1.02509 2.93436 
4.62402 3.6974 1.83206 2.09064 3.20456 0.953026 2.61159 0.871589 
2.73597 4.88148 4.99351 3.13564 2.50422 5.71501 1.49673 1.46139 
4.8035 4.2567 1.73297 2.29711 1.08517 2.95948 6.10556 0.937503 
3.16547 1.27932 4.00196 2.67762 1.73893 2.75423 4.58473 4.1399 
4.61733 2.30469 1.26045 0.784867 3.05362 1.25141 5.48579 1.28166 
3.25345 1.89861 3.26321 2.26698 3.67283 2.09432 2.51215 1.62772 
2.18474 2.13194 2.5267 6.96443 0.707664 1.66637 1.5684 2.38852 
1.94691 3.07846 3.66895 2.67084 4.09639 2.03974 3.20582 2.40073 
1.73984 2.02486 3.17678 1.67745 1.50581 6.03222 1.40045 1.96562 
1.31529 1.83683 1.61424 2.65394 4.69158 3.92341 1.36412 4.24631 
2.76866 4.14964 1.3314 2.7618 2.566 0.868982 2.44167 1.78981 
3.94517 1.53513 2.36682 2.35182 4.62989 3.81315 1.53361 0.894585 
1.92064 1.289 3.87605 1.27939 3.66159 0.953028 6.38496 6.15545 
4.29504 0.860486 4.05367 4.93284 1.21877 4.09691 2.04944 5.96161 
3.2211 1.72542 3.00847 1.23648 1.59397 1.59824 1.5976 2.11191 
100 6.63634 2.5716 2.70337 2.54129 2.31273 3.52389 5.32224 
2.63442 2.67062 2.15381 1.55681 1.56077 2.07166 7.79647 3.05663 
6.07719 1.14448 3.6518 5.15345 0.808013 1.18402 0.862059 3.1889 
1.78734 2.67669 2.27614 1.75806 0.716586 1.27409 100 4.5081 
1.66721 2.27422 1.51612 4.82405 2.61803 3.53285 100 0 
100 100 0 0 0 0 0 0 
# LVDC U2 t0 parameters T0 Error 
2.27614 100 100 0.904508 0 3.58822 100 1.5207 
100 1.67303 1.51612 5.15345 100 2.23071 3.14058 2.31491 
2.27422 3.05377 0.716586 5.90444 1.92387 1.04723 100 3.1547 
4.48354 1.97384 1.56077 4.28732 2.39385 1.63689 6.70332 2.36828 
5.53476 1.18301 3.03259 1.13807 1.36425 5.3858 4.0428 1.9368 
5.93687 1.36237 4.1856 1.79217 2.88326 5.44144 1.09935 2.03169 
0.906797 2.00406 6.05186 1.65966 3.78415 3.77907 2.33564 3.32774 
1.30444 2.10084 1.18301 6.07952 2.03798 2.11011 3.08975 2.12895 
3.05944 2.83571 4.453 6.96423 3.18579 6.09328 1.51406 2.04599 
0.459965 2.4321 1.34215 0.783941 2.44775 1.7463 3.2211 2.24238 
1.0407 2.58351 3.34322 1.07236 3.95338 3.39594 2.20701 2.27376 
2.33508 2.57349 6.55392 4.24351 1.59543 1.19604 2.31039 1.13779 
4.28009 3.60991 2.01602 0.88872 1.90386 2.79624 2.30657 4.19026 
2.73125 1.50129 3.82137 4.43836 1.02659 2.84556 1.61823 0.936656 
3.89638 1.00996 2.68358 3.56851 1.05833 4.35249 3.95744 3.2323 
2.31895 2.69395 1.85083 1.56386 1.29637 3.05423 3.92498 3.83667 
2.91955 2.76529 6.51061 2.18534 1.59456 2.64791 5.29466 2.44576 
1.85229 1.80221 1.91984 1.45674 0.97225 1.44082 2.56004 2.76326 
0.5167 4.05656 3.27898 0.687232 3.06441 1.25664 3.47096 2.23376 
1.39433 3.4072 1.56555 3.14909 4.7226 1.96539 2.67174 1.78715 
4.95154 2.83025 2.58648 2.4755 4.0994 2.46128 3.05428 0.975626 
2.21825 2.33508 1.67452 2.63081 2.44758 5.39672 2.87093 4.3064 
2.55228 1.50801 3.51299 2.21795 4.35847 5.00793 3.30373 1.5768 
3.50818 0.962538 5.38299 0.638704 2.24423 1.52361 2.4689 3.81818 
0.870819 2.55366 3.28363 1.70288 1.27854 1.04671 1.28985 2.2568 
1.63605 3.22875 2.04431 3.2712 2.24497 3.87874 0.75824 3.54734 
3.96326 5.48445 2.70067 5.04357 1.39792 2.59722 1.94622 3.23806 
2.06389 2.22455 4.44613 1.71448 4.45982 1.48548 1.31883 2.38708 
4.77759 2.81798 1.52065 2.70919 2.13363 2.74897 2.2568 2.09225 
1.44473 3.47096 3.99227 1.63775 1.83431 0.801388 2.28558 2.61208 
1.9183 3.54488 1.39469 2.71907 3.70017 4.46072 2.34133 1.86675 
1.95936 1.18497 2.63926 2.32467 3.70117 2.10785 3.44142 1.72966 
0.778259 4.92468 1.95114 2.43574 2.36885 1.99925 2.09672 2.05921 
2.15464 1.94243 3.51968 5.45826 1.42727 3.97097 3.06441 4.18788 
3.62364 1.67869 2.05188 1.55211 1.74535 1.16355 4.0661 4.68582 
2.0857 1.41284 3.59643 2.70067 1.90771 5.10106 0.989396 2.99476 
3.31164 3.91614 3.85938 4.80114 1.13679 4.20274 1.67607 1.49309 
3.42265 1.44632 3.48708 2.3616 2.13438 2.65436 2.30395 2.16697 
2.80633 1.96101 1.19269 2.69901 3.31427 5.6966 1.89462 2.85067 
1.81326 2.79872 5.04766 1.29251 2.11768 2.28712 3.03486 2.77128 
6.45719 5.51435 3.13567 1.82724 3.71805 4.2627 2.04667 2.17309 
2.16033 2.6618 3.68057 1.48435 1.73022 1.31413 2.62805 2.64361 
6.41808 2.15899 3.83799 3.54312 2.28678 1.92486 1.94128 3.33466 
2.4981 4.58601 2.38455 100 3.78166 4.70362 1.60948 1.89847 
3.36603 100 2.05981 5.90444 3.04594 2.5077 2.51841 2.93185 
1.75806 100 100 3.1547 3.1547 3.14058 0 0 
# LVDC V1 t0 parameters T0 Error 
100 2.27614 3.1547 0 5.54658 2.80127 1.67303 3.53285 
7.44205 1.28446 2.31491 0 2.71862 0.675959 1.90384 3.23715 
100 100 4.82168 2.15431 1.21528 2.31491 1.40562 0.904508 
2.15431 3.41067 4.33942 3.92202 2.66739 4.26027 2.34102 100 
1.1789 6.10934 2.16751 4.49385 100 1.04851 1.86362 11.1512 
2.78769 3.76244 3.93657 3.15365 2.97535 2.74827 4.13291 3.09089 
2.16137 1.33252 2.18939 1.33858 2.64089 2.39981 1.94135 2.65918 
6.85277 2.91172 6.20129 0.609568 2.51218 4.453 4.10013 2.29686 
4.74149 1.80579 1.75156 2.73658 2.40781 5.48579 2.14813 0.750457 
3.60314 3.15587 2.19482 4.41011 1.87942 2.60078 3.41417 2.56218 
2.22579 2.15833 3.21553 0.995384 3.34209 1.25928 1.69439 2.10481 
1.88525 3.04891 2.58812 3.55624 3.63984 3.51937 2.16656 3.7658 
7.52466 4.91904 1.27872 3.50358 1.76571 1.70234 3.53456 1.85427 
1.04341 3.99633 1.533 1.20681 2.53008 3.34238 1.74535 2.8435 
1.64342 3.04565 5.81851 1.54627 1.43896 1.47645 2.58648 9.44027 
3.772 3.94117 2.91539 2.71631 0.83002 2.43297 2.50433 0.987153 
2.13891 2.41941 2.26361 3.96 0.4668 1.97934 0.773716 2.94013 
2.69901 3.33556 3.52892 3.23739 3.37139 2.52739 2.56303 5.42388 
2.70919 7.04704 3.81818 1.57786 3.00873 3.09571 1.7086 3.01725 
2.34571 4.59026 4.48984 2.54731 2.55278 3.81818 1.35044 1.93505 
5.42554 3.55799 3.11734 1.91584 2.71594 1.66876 1.01079 1.91213 
1.57748 6.43522 5.63333 1.29873 2.92864 2.54357 2.39168 1.24863 
2.04652 1.83572 4.56143 2.55366 2.57831 4.09083 4.30399 3.11734 
6.68984 3.93725 0.888637 1.64099 1.80663 4.03999 2.57831 2.51759 
6.56371 2.19885 2.42035 1.6858 1.54868 1.25015 4.2567 4.08796 
1.11132 2.00127 2.43955 5.87764 2.77974 6.10288 6.86391 3.04647 
2.52998 1.33812 2.25412 3.62307 2.26513 5.45751 2.09951 2.20546 
3.59485 1.77651 2.5936 3.23365 2.40066 3.74438 2.33164 1.25229 
5.08801 2.63348 2.21044 4.51563 1.55611 3.40951 2.2287 2.78548 
1.94779 5.30588 4.79395 7.74511 4.65452 3.97077 1.91347 5.16477 
1.75588 1.58355 1.4534 2.14372 1.16844 2.38823 1.39864 2.20384 
3.66435 1.36893 2.3908 2.59722 4.69605 2.03063 2.30929 3.42081 
2.17023 4.61533 1.64012 2.72043 2.54585 2.52477 2.47689 7.16542 
2.67034 6.19434 1.11795 1.68927 3.26453 1.58398 2.64359 0.977896 
3.38195 1.65598 3.85664 3.8133 4.55172 3.7658 1.17884 3.45935 
2.25571 4.18938 3.71636 3.70441 2.43102 4.36301 4.75957 2.43155 
1.92517 2.55134 0.848274 2.21044 7.01054 2.16723 2.59793 1.22826 
2.53706 2.41768 4.39543 1.90049 3.52339 1.10405 4.55174 2.61369 
4.86122 2.91209 2.87736 1.61137 6.41808 1.58266 1.49359 5.00782 
1.57789 2.52508 1.2444 2.59169 2.18866 2.05423 2.58339 2.33375 
3.42032 2.15934 2.08741 1.11437 2.89381 2.93444 2.39296 3.70582 
2.77982 3.11348 2.93185 3.18771 3.36603 1.60812 4.82168 2.9295 
1.7239 5.71668 2.28777 5.54658 2.89443 100 1.60948 100 
2.67669 100 2.03175 3.33188 3.3798 0 3.14058 100 
5.54658 3.14058 100 1.47784 100 100 100 100 
100 0 0 0 0 0 0 0 
# LVDC V2 t0 parameters T0 Error 
100 100 100 100 3.1547 3.1547 1.47784 3.58822 
1.51612 1.90384 4 100 1.5207 100 100 4.84607 
1.60948 0.675959 1.90384 5.59909 4.08137 1.47046 4.59622 2.53183 
2.28777 1.87084 2.60731 4.05008 2.27496 1.28378 3.52389 3.46007 
4.44444 2.15247 2.54416 1.53772 2.96011 3.59716 1.84979 2.23536 
3.94555 4.45566 2.99882 3.68109 1.09419 5.88027 1.88755 2.40939 
2.11925 5.5941 3.75018 3.29145 3.41792 1.75385 2.15872 1.82144 
6.74249 4.45412 1.5641 1.3635 2.10302 1.82053 4.60472 2.87026 
1.5807 2.48616 3.5984 2.95364 2.9259 4.87373 2.31468 3.54254 
1.3845 2.65394 1.87035 0.97695 0.872366 0.894414 2.20103 2.55104 
1.55191 1.84262 4.23807 3.96 2.46 1.52269 2.70343 1.28391 
2.88005 2.79872 5.68002 3.81292 2.54073 2.88025 0.676241 2.90628 
3.88962 4.57316 1.21306 2.841 1.92975 4.15126 3.81292 1.86743 
4.23625 1.30056 2.9076 3.59485 1.16485 3.23108 1.25322 1.99072 
2.47648 3.97032 6.07368 1.90318 1.52228 2.39341 3.56126 1.2444 
3.19549 2.04856 1.08876 5.92373 1.82594 5.04596 1.76924 1.72398 
1.27939 2.68135 3.20549 2.89144 2.78548 3.91701 9.78244 1.64621 
4.5505 2.10878 1.31883 0.764694 2.42556 6.88917 0.713384 2.7415 
2.01874 2.55092 1.43618 1.26393 1.24563 1.36949 2.11668 3.09799 
5.73551 4.31201 1.44946 1.66813 1.10524 4.06089 2.52063 1.15982 
1.84102 2.75686 2.50933 0.898236 1.53729 5.65007 4.2599 2.24195 
2.23302 1.1224 4.44125 2.47713 1.86314 2.50325 4.15801 2.11525 
2.65686 3.87075 1.29505 3.27838 0.974845 5.05969 4.36726 3.17895 
5.32203 2.21462 2.48774 2.77429 5.86214 1.53799 1.47038 4.9059 
1.89205 4.17508 2.93485 1.31898 2.94454 2.74468 5.69272 0.811342 
3.76867 2.1708 2.3862 4.49456 1.84575 1.13471 4.30992 2.62863 
1.17389 2.45904 1.36337 2.11702 2.42409 6.3983 2.11743 1.88199 
3.81818 1.74869 1.04784 1.78521 2.79502 2.39268 2.89239 2.76933 
2.26026 1.23346 2.34881 1.17955 1.68484 2.90999 6.04603 9.49976 
2.13831 1.31112 2.80843 1.88246 3.98134 1.96191 3.37639 4.58043 
4.70026 5.6862 2.35976 2.88585 4.531 4.31336 2.7332 2.16211 
3.47266 3.83565 2.14636 2.02427 3.42368 2.6179 1.87165 3.05709 
1.42508 5.78067 2.41712 2.13299 1.37089 1.77986 2.7298 2.504 
0.493145 1.9037 2.11379 2.65786 2.07663 2.36359 3.44142 1.82864 
3.8034 2.60474 2.96478 1.52065 1.3629 1.74454 3.3895 1.02816 
100 1.19245 2.99961 2.30173 2.47927 1.12021 1.60812 2.75841 
3.70866 0.747813 2.54863 2.13587 5.71162 2.89924 2.70535 4.13271 
1.25146 2.30839 2.73874 1.09298 1.67013 2.64791 2.70221 2.30074 
4.56975 1.42212 1.29184 6.59184 3.6968 0.955911 7.22638 2.77597 
3.02538 4.62168 2.31952 8.45622 1.43497 8.87532 4.49475 3.18117 
3.54008 3.86243 2.9983 2.591 3.1299 2.63854 5.1273 5.27325 
2.90977 1.61731 2.91506 6.23683 2.07166 1.80443 1.1384 1.10238 
1.96928 2.16994 2.33559 1.62113 1.54313 1.63772 2.81019 3.78736 
2.03175 1.69998 4.47982 2.17932 4.47982 6.65028 3.61803 100 
4.48354 4.8 100 3.1889 1.75806 1.5959 4.57803 2.63555 
1.90384 2.27422 0 3.53285 0 100 100 1.33333 
