# RVDC U1 t0 parameters 
2644 2947.1 2947.1 2947.1 2947.1 2947.1 2947.1 2947.1 
2947.1 2947.1 2947.1 2947.1 2947.1 2635.5 2947.1 2636.17 
2616.83 2646.5 2620 2944 2609 2616.5 2641.5 2615.17 
2648.17 2630.5 2612.5 2609.83 2637.5 2636 2635.5 2637.5 
2641 2633.5 2640.64 2635.17 2635.25 2637.5 2637.83 2635.94 
2638.77 2637.32 2638.17 2641.61 2638.93 2639.5 2639.17 2636.83 
2642.83 2640.94 2640.5 2640.38 2641.03 2642.62 2643.02 2641.41 
2637.6 2638.17 2640.93 2638.4 2641.3 2640.06 2638.83 2635.24 
2641.43 2639.09 2641.08 2642.25 2642.32 2638.81 2638.5 2640.27 
2638.17 2640.94 2640.14 2643.15 2639.29 2639 2638.84 2639.17 
2642.68 2635.58 2637.86 2637.6 2639.1 2638.5 2639.57 2639.14 
2635.14 2633.12 2634.94 2635.35 2637.44 2632.83 2633.6 2634.74 
2643.5 2643.5 2643 2639.5 2640.96 2641.79 2641 2641.37 
2641.59 2640.27 2642.42 2643.88 2641.63 2640.1 2640.27 2640.5 
2643.12 2641.19 2644.14 2640.7 2641.57 2643.89 2644.66 2644.77 
2641.13 2638.98 2643.45 2641.18 2639.78 2639.57 2639.5 2641.6 
2646.65 2644.1 2646.85 2642.18 2646.97 2646.18 2642.96 2644.69 
2646.92 2642.59 2645.39 2643.81 2646.11 2643.96 2644.54 2641.96 
2643.23 2645.83 2643.21 2640.5 2647.12 2640.32 2646.33 2645.94 
2643.4 2639.79 2640.55 2643.1 2641.86 2640.91 2641.53 2639.83 
2646.14 2642.82 2645.61 2642.91 2646.34 2644.96 2647.76 2644.69 
2648.9 2646.63 2645.94 2644.13 2643.01 2643.32 2645.5 2643.54 
2647.03 2644.21 2646.83 2644.85 2646.53 2646.93 2646.02 2645.27 
2644.94 2641.96 2646.06 2642.15 2644.5 2644.2 2642.71 2640.45 
2648.32 2645.18 2644.63 2644.71 2649.4 2642.35 2644.34 2647.91 
2646.89 2642.92 2648.9 2643.95 2647.98 2644.75 2645.23 2645.33 
2648.79 2647.34 2644.66 2646.86 2645.63 2648.11 2648.85 2648.95 
2643.82 2645.56 2645.5 2645.12 2643.34 2645.29 2644.73 2639.6 
2645.92 2642.66 2646.4 2647.82 2647.36 2643.5 2643.82 2643.03 
2644.74 2646.08 2647.57 2645.02 2647.04 2645.86 2644.79 2644.14 
2648.02 2642.88 2650.98 2641.64 2642.59 2645.19 2644.37 2641.28 
2641.98 2644.87 2644.05 2643.98 2646.82 2638.55 2641.53 2641.88 
2650.04 2644.25 2650.5 2646.03 2653.55 2649.09 2646.97 2649.5 
2647.4 2645.93 2647.89 2649 2649.15 2647.83 2645.43 2644.89 
2646.53 2643.06 2645.29 2643.63 2649.22 2645.21 2644.79 2644.76 
2641.8 2640.73 2640.85 2640.64 2646.62 2644.02 2642.21 2639.68 
2651.72 2649.33 2649.5 2648.1 2649.91 2648.07 2648.69 2649.08 
2650.85 2646.64 2645.88 2652.92 2648.61 2643.72 2643.5 2647.23 
2651.37 2645.68 2649.38 2647.1 2650.41 2648.15 2651.61 2647.58 
2647.42 2645.5 2643.88 2646.5 2645.35 2646.5 2642.5 2642.1 
2650.9 2649.5 2649.32 2646.94 2647.9 2643.21 2645.28 2645.5 
2651.5 2651.5 2651.5 2621.5 2650.5 2628.5 2644.17 2631.5 
2945.8 2650.5 2649 2945 2724.5 2638.83 2945 2642.83 
2630.83 2616.5 2945 2945 2945 2945 2945 2945 
2945 2945 2945 2945 2945 2945 2945 2945 
2945 2945 2945 2945 2945 2945 2945 2945 
# RVDC U2 t0 parameters 
2634.6 2934.9 2934.9 2934.9 2934.9 2934.9 2934.9 2617.83 
2620.83 2617.17 2606.17 2626 2633 2630.17 2641.17 2632.5 
2627.17 2618.17 2630.5 2626.5 2625.83 2627 2630.3 2628.1 
2625.9 2628.77 2625.5 2623.7 2630.77 2627.77 2638.5 2624.61 
2633.12 2630.32 2632.77 2631.36 2629.63 2630.83 2632.19 2633.9 
2631.83 2629.26 2630.95 2632.21 2631.32 2632.63 2630.88 2627.82 
2631 2630.12 2630.3 2628.23 2629.23 2628.3 2629.02 2629.5 
2626.5 2625.61 2629.93 2633.39 2629.3 2629.38 2630.32 2627.93 
2629.74 2628.58 2627.69 2626.16 2626.58 2634.42 2630.19 2629.5 
2630.1 2630.88 2626.25 2629.81 2627.62 2628.37 2631.68 2628.17 
2634.38 2630.64 2630.11 2629.42 2628.24 2630.35 2630.8 2628.02 
2631.26 2628.07 2629.5 2626.75 2627.16 2626.73 2630.08 2622.56 
2637.07 2634.5 2634.09 2634.45 2636.88 2632.31 2633.58 2635.27 
2635.67 2635.07 2636.23 2635.07 2636.96 2634.02 2637 2634.67 
2638.23 2631.21 2636.73 2635.18 2633.47 2633.95 2632.53 2638.5 
2633.02 2633.95 2635.18 2631.37 2632.5 2633.9 2634.25 2631.65 
2637.61 2632.57 2634.06 2631.95 2631.96 2633.79 2635.66 2635.36 
2635.46 2637 2634.31 2634.8 2634.58 2632.14 2634.24 2632.43 
2637.42 2631.42 2637.03 2634.57 2635.44 2637.02 2636.06 2637.19 
2637.95 2637.24 2634.75 2631.47 2635.83 2632.91 2635.2 2631.65 
2634.24 2634.17 2637.87 2635.44 2635.65 2635.72 2636.65 2633.88 
2636.36 2636.5 2638.5 2637.42 2636.54 2637.94 2635.91 2639.05 
2642.95 2637.33 2639.3 2638.02 2638.81 2637.17 2639.46 2639.17 
2634.35 2633.21 2635.37 2633.31 2636.98 2632.83 2632.74 2631.92 
2639.39 2635.94 2637.2 2635.15 2634.5 2632.53 2635.62 2638.41 
2632.03 2635.02 2632.39 2636.11 2631.89 2632.06 2635.5 2633 
2638.61 2634.91 2635.67 2634.74 2636.56 2633.5 2634.35 2639.9 
2633.63 2634.62 2632.47 2633 2632.78 2634.62 2635.31 2633.42 
2637.83 2635.67 2638.59 2637.36 2637.18 2638.5 2640.81 2638.15 
2635.71 2637.09 2638.87 2637.74 2636.24 2637.05 2638.5 2633.57 
2633.58 2632.44 2637.17 2638.46 2631.33 2632.76 2636.57 2634.93 
2633.76 2630.97 2634.5 2636.58 2637.5 2632.94 2635.04 2633.95 
2639.28 2638.9 2641.65 2638.56 2637.99 2637.32 2640.57 2640.9 
2637.28 2638.4 2639.27 2639.02 2638.1 2636.03 2634.02 2634.27 
2635.82 2638.03 2639.02 2640.56 2635.42 2636.98 2640.22 2639.98 
2634.2 2629.09 2636.84 2634.81 2635.35 2635.39 2632.67 2637.21 
2641.92 2640.85 2642.86 2639.63 2640.66 2642.29 2639.69 2644.62 
2641.39 2641.67 2640.85 2644.36 2645.07 2644.61 2637.4 2640.08 
2641.14 2644.2 2644.83 2645.61 2641.14 2640.57 2643.68 2646.04 
2641.58 2641.05 2643.17 2640.86 2639.5 2638.6 2639.5 2642.23 
2641.17 2638.06 2640.5 2634.2 2640.17 2637.97 2642.5 2638.1 
2637.1 2640.13 2642.23 2639.09 2641.68 2638.83 2641.75 2640.5 
2640.9 2639.33 2635.68 2642.7 2634.5 2648.1 2638.5 2641.61 
2628.5 2636.93 2629.7 2634.7 2633.5 2920.5 2627.5 2627 
2629 2603.17 2612 2618.5 2943.2 2943.2 2943.2 2943.2 
2943.2 2943.2 2943.2 2943.2 2943.2 2943.2 2943.2 2943.2 
# RVDC V1 t0 parameters 
2649.3 2943.8 2943.8 2943.8 2943.8 2943.8 2943.8 2943.8 
2943.8 2943.8 2639.83 2649.5 2638.5 2943.8 2638.5 2660.5 
2617 2943.4 2610.5 2648.5 2650.83 2615.5 2644 2646.5 
2640.17 2605.3 2644.5 2641 2647.5 2639.25 2631.93 2641.3 
2649.33 2645.25 2645 2648.64 2646.67 2646.32 2646.05 2650.05 
2648.06 2646.28 2648.9 2643.03 2650.04 2649.41 2646.7 2643.91 
2650.93 2647.12 2651.83 2646.83 2646.65 2648.75 2647.97 2647.37 
2647.03 2645.5 2645.61 2644.83 2648.9 2645.26 2642.24 2641.32 
2648.97 2645.5 2649.79 2644.6 2645.58 2646.87 2648.08 2645.41 
2644.5 2647 2646.23 2645.61 2644.23 2644.17 2645 2643.41 
2646.83 2644.9 2650.07 2644.02 2645.14 2646.5 2644.58 2644.5 
2644.42 2641.25 2641.47 2641.92 2645.62 2641.65 2645.3 2642.79 
2647.83 2642.57 2646.61 2647.78 2645.54 2644.23 2644.53 2646.8 
2645.74 2642.99 2644.32 2645.42 2645.07 2644.62 2647.2 2646.06 
2649.98 2648.72 2648.33 2646.32 2651.59 2646.46 2648.85 2649.12 
2644.86 2646.27 2645.59 2645.55 2643.91 2646.07 2645.97 2646.08 
2647.93 2646.38 2644.44 2645.79 2644.33 2647.93 2647.54 2646.41 
2649.33 2648.03 2648.7 2646.5 2648.7 2645.9 2645.11 2648.02 
2647.69 2644.76 2646.93 2647.58 2646.21 2644.28 2648.41 2649.2 
2643.57 2643.38 2641.77 2644.81 2644.43 2643.37 2647.83 2644.57 
2648.29 2646.58 2646.18 2646.88 2647.17 2645.88 2647.15 2648.7 
2647.43 2648.74 2650.91 2648.67 2649.27 2648.15 2649.68 2646.35 
2650.83 2647.95 2649.2 2646.47 2650.39 2646.14 2646.97 2647.58 
2647.07 2645.69 2647.88 2645.63 2646.85 2644.26 2643.88 2641.19 
2654.81 2647.25 2650.21 2647.95 2650.34 2649.09 2649.53 2650.41 
2651.42 2650.65 2650.75 2651 2652.27 2652.37 2649.62 2646.97 
2650.74 2646.89 2651.71 2649.08 2648.45 2648.21 2647.39 2651.7 
2644.79 2645.5 2648.56 2651.4 2648.44 2646.35 2647.16 2646.74 
2651.23 2649.5 2647.01 2646.31 2647.79 2647.5 2648.79 2650.02 
2648.3 2650.34 2650 2645.89 2650.55 2645.45 2650.2 2647.5 
2649.58 2647.62 2646.24 2651.37 2647.83 2649.42 2648.8 2648.44 
2648.03 2648.14 2646.42 2649.47 2648.17 2646.86 2645.56 2646.02 
2649.93 2647.96 2645.89 2647.11 2648.68 2649.81 2648.22 2646.5 
2648.71 2652.46 2651.68 2652.83 2646.9 2649.83 2647.88 2646.22 
2651.75 2644.19 2644.5 2644.65 2648.72 2648.26 2646.97 2645.11 
2645.43 2642.03 2648.24 2646.53 2645.93 2645.13 2649.58 2647.47 
2653.82 2639.3 2650.86 2654.4 2654.5 2651.1 2651.37 2651.75 
2653.38 2649.4 2652.12 2652.29 2639.9 2647.2 2655.95 2653.5 
2653.39 2648.9 2653.15 2650.62 2649.62 2650.45 2651.79 2650.23 
2650 2651.64 2650.72 2650.93 2646 2645.83 2649.04 2646.5 
2647.5 2648.83 2648.1 2652.07 2650.1 2648 2647.17 2642.28 
2648.5 2642.5 2642.5 2615.5 2642.3 2637.5 2651 2649.17 
2637.5 2644.17 2617 2638.5 2613.5 2630.83 2607.17 2637 
2952.5 2952.5 2952.5 2952.5 2952.5 2952.5 2952.5 2952.5 
2952.5 2952.5 2952.5 2952.5 2952.5 2952.5 2952.5 2952.5 
2952.5 2952.5 2952.5 2952.5 2952.5 2952.5 2952.5 2952.5 
# RVDC V2 t0 parameters 
2652.7 2945.8 2945.8 2945.8 2945.8 2945.8 2611.17 2945.8 
2945.8 2945.8 2647.17 2637.83 2614.83 2631.5 2647.5 2631 
2633.83 2622 2625.1 2646.21 2646.1 2642.3 2645.17 2647.36 
2641.25 2641.83 2638.5 2645.7 2645.5 2643 2639.62 2643.12 
2647.64 2642.21 2645.7 2644.3 2647.33 2645.25 2646.97 2646.94 
2646.7 2643.83 2642.8 2645.28 2643.39 2644.43 2642.93 2644.6 
2643.66 2642.27 2643.72 2644.5 2643.5 2643.79 2642.57 2643.96 
2640.37 2644.5 2641.18 2642.82 2642.25 2641.75 2639.5 2642.09 
2643.05 2643.07 2644.71 2642.42 2644.61 2643.5 2644.83 2642.86 
2640.03 2642.18 2645.4 2642.68 2645.28 2641.5 2645.12 2642.93 
2642.44 2643.44 2640.74 2642 2644.39 2641.3 2644.08 2642.02 
2640.41 2639.63 2637.71 2643.28 2640.88 2637.42 2637.98 2636.77 
2643.53 2640.88 2645.77 2642.32 2645.4 2642.79 2645.23 2644.21 
2643.41 2643.25 2646.83 2647.06 2643.35 2646.5 2644.29 2641.98 
2643.82 2640.38 2637.64 2641.3 2642.24 2643.26 2642.3 2639.2 
2643.5 2638.84 2643.5 2641.06 2642.62 2641.86 2641.07 2638.73 
2641.5 2637.75 2640.8 2643.36 2640.6 2638.05 2642.57 2640.14 
2639.83 2639 2642 2644.14 2640.59 2638.73 2640.59 2643.2 
2647.5 2643.6 2643.79 2643.35 2644.21 2644.3 2643.81 2644.3 
2642.12 2641.21 2645.23 2643.5 2641.89 2644 2646.95 2640.56 
2643.64 2644.14 2644.37 2645.07 2642.41 2644.98 2645.06 2642.33 
2643.95 2644.17 2642.71 2644.97 2644.57 2645.73 2644.02 2641.94 
2645.37 2643.96 2642.9 2641.44 2643.33 2641.75 2643.88 2642.81 
2639.98 2640.5 2640.03 2642.63 2639.26 2638.58 2641.4 2639.09 
2648.65 2647.97 2646.14 2644.84 2647.59 2645.33 2647.64 2646.24 
2645.74 2645.74 2647.83 2644.74 2647.56 2645.1 2647.44 2644.63 
2648.74 2647.25 2645.96 2647 2645 2644.55 2647.36 2644.8 
2643.44 2643.69 2645.24 2643.82 2646.57 2643 2642.36 2644 
2648.72 2648.27 2652.71 2649.18 2647.98 2648.9 2643.41 2644.92 
2646.77 2648.5 2645.63 2641.41 2646.94 2642.82 2644.57 2643.83 
2646.47 2643.04 2641.91 2641.87 2643.5 2641.76 2645 2642.5 
2642.98 2641.31 2642.64 2644.69 2644.83 2641.17 2647.7 2641.34 
2645.01 2646.19 2642.56 2643.81 2643.87 2646.91 2648.07 2645.44 
2646.57 2644.83 2645.21 2647.04 2644.53 2644.62 2647.17 2642.69 
2648.44 2644.2 2644.83 2644.21 2643.53 2644.7 2645.12 2641.6 
2640.82 2643.42 2640.83 2644.29 2641.23 2643.92 2641.44 2639.04 
2651.96 2647.81 2654.02 2650.55 2652.65 2653.21 2649.5 2651.85 
2650.55 2653.02 2650.57 2651.17 2650.56 2652.74 2650.43 2649.8 
2648.91 2647.36 2651.56 2648.6 2649.5 2648.12 2647.67 2650.93 
2650.06 2649.55 2647.97 2650.4 2648 2649.93 2651.9 2648.17 
2644.4 2638.08 2646.55 2645.93 2643.58 2648.17 2645.86 2647.04 
2645.07 2647.12 2642.13 2645.04 2647.32 2642.67 2644.06 2647.83 
2646.5 2649.39 2648.9 2646.5 2642.5 2651.17 2651.17 2641 
2643 2640.75 2634.17 2624.17 2952.3 2952.3 2642.83 2642.5 
2623 2609.17 2942.4 2942.4 2942.4 2942.4 2942.4 2942.4 
2942.4 2942.4 2942.4 2942.4 2942.4 2942.4 2942.4 2942.4 
# LVDC U1 t0 parameters 
2918.5 2907.83 2939.3 2941.5 2926.5 2903.83 2947.1 2939.5 
2905.83 2944 2937.9 2935.7 2942 2935.5 2925.17 2936.07 
2938.3 2937.5 2932.5 2938.5 2938.83 2937.9 2938.83 2937 
2937.36 2934.5 2934.7 2935 2934 2930.21 2929.3 2930.14 
2943.5 2938.5 2934.83 2937.79 2938.9 2932 2938.83 2943.17 
2940.5 2940.79 2936.23 2939.9 2938.65 2938.5 2938.17 2937 
2941.3 2942.59 2938.83 2938.88 2939.2 2938.72 2943.95 2942.07 
2936.1 2935.28 2937.64 2939.58 2934 2940.83 2934.2 2933.58 
2938 2935.1 2938.26 2937.43 2941.1 2939.91 2940.63 2940.17 
2938.76 2941.88 2937.42 2941.37 2938.59 2937.75 2939 2938.75 
2942.7 2941.85 2942.39 2940.59 2942.5 2941.8 2941.81 2942.71 
2941.3 2938.4 2938.61 2938.72 2937.17 2941.94 2936.32 2936.91 
2945.57 2946.29 2945.68 2944.17 2945.33 2945.29 2946.4 2944.7 
2943.74 2945.45 2946.72 2947.12 2943.93 2947.28 2943.12 2941.58 
2945.1 2945.38 2944.18 2944.21 2945.5 2943.56 2943.69 2945.87 
2941.42 2940.5 2943.5 2940.94 2941.69 2940.6 2941.2 2941.65 
2946.1 2942.59 2943.38 2942.21 2944.5 2942.8 2944.62 2942.3 
2941.54 2944.3 2939.81 2939.92 2940.17 2940.08 2938.26 2937.38 
2939.42 2942.2 2939.59 2939.94 2939.67 2941.05 2940.1 2942.07 
2940.79 2938.07 2939.67 2938.21 2935.27 2937.77 2936.95 2934.87 
2939.28 2937.81 2938.63 2939.39 2939.18 2939.79 2939.28 2937.21 
2938.08 2938.25 2939.8 2939.74 2939.28 2934.81 2939.6 2937.8 
2941.61 2938.57 2940.5 2942.03 2938.4 2938.28 2939.02 2939.98 
2935.59 2937.79 2940.67 2938.68 2936.34 2935.07 2935.59 2933.92 
2945.32 2945.98 2943.86 2944.58 2944.96 2944.28 2946.45 2946.5 
2945.07 2944.42 2943.65 2942.7 2941.83 2944.17 2943.31 2940.77 
2944.65 2938.62 2943.42 2940.68 2944.5 2942.43 2940.89 2942.74 
2943.24 2943.57 2941.3 2939.41 2941.45 2941 2939.83 2936.79 
2947.68 2940.81 2944.89 2941.09 2947.3 2944.64 2943.76 2944.6 
2943.83 2941.77 2945.83 2946.5 2947.13 2942.32 2942.64 2940.46 
2942.7 2941.24 2939.85 2940.97 2939.25 2942.61 2941.8 2944.17 
2939.92 2940.09 2940.61 2938.86 2938.72 2940.58 2940.59 2941.42 
2946.83 2946 2943.84 2944.59 2948.45 2946.75 2944.41 2942.79 
2945.38 2945.5 2946.28 2942.75 2944.21 2944.38 2941.93 2943.34 
2944.86 2943.89 2946.34 2947.19 2947.82 2944.77 2944.7 2946.1 
2943.2 2941.21 2943.58 2944.94 2942.74 2941.44 2940.43 2940.35 
2950.15 2946.23 2945.3 2944.95 2947.55 2945.02 2946.32 2947.79 
2945.86 2945.8 2947.62 2947.4 2943.69 2944 2943.97 2943.88 
2943.41 2939.9 2941.4 2942.79 2943.36 2939.64 2940.5 2942.71 
2945.5 2942.83 2941.1 2943.35 2944.73 2942.06 2944 2941.5 
2945.81 2942.5 2942.5 2942.72 2945 2945.3 2942.5 2947.61 
2943.7 2941.67 2946.5 2943.64 2941.07 2940.64 2939.1 2945 
2939.83 2939.1 2942 2941.5 2937 2947 2939.25 2942.17 
2940.7 2939 2936.5 2935.5 2933.07 2934.9 2941.17 2945 
2944.5 2921.83 2945 2937 2930 2945.5 2929.5 2945 
2945 2945 2945 2945 2945 2945 2945 2644 
# LVDC U2 t0 parameters 
2934.9 2928.5 2926.17 2925.5 2934.17 2911.17 2932.5 2926.5 
2926.5 2927.5 2930.7 2934.5 2913.17 2934.9 2928.3 2932.5 
2926.9 2932.83 2929.75 2924.5 2925.5 2933.5 2929.83 2931.83 
2925.5 2923.5 2925.83 2921.5 2925 2921.21 2926.21 2924.75 
2929.61 2925.72 2929.79 2926.5 2928.5 2927.61 2931.07 2929.05 
2932.05 2930.95 2929.67 2929.5 2928.7 2930.5 2930.9 2927.59 
2934.25 2927.9 2930.1 2926.83 2927.21 2929.37 2929.43 2930.64 
2927.25 2929.03 2927.26 2931.23 2930.33 2930.67 2928.09 2928.56 
2934.61 2932 2928.61 2928.79 2930.5 2931.67 2933.17 2932.62 
2928.77 2929.97 2930.28 2932.09 2931.12 2930.85 2931.05 2929.38 
2927.83 2930.77 2928.61 2927.28 2929.79 2928.27 2930.94 2927.64 
2925.14 2927.38 2927.79 2925.59 2928.72 2926.92 2926.32 2926.74 
2939.71 2939.1 2939.2 2938.77 2943.5 2943 2938.54 2940.27 
2941.14 2939.98 2939.24 2939.58 2943.67 2940.54 2939.13 2939.25 
2940.38 2936.68 2940.93 2936.9 2940.39 2942.03 2937.46 2938.72 
2937.86 2936.78 2938.68 2938.1 2936.88 2935.72 2933.91 2933.55 
2938.18 2936.87 2940.29 2933.6 2940.37 2937.62 2935.03 2933 
2935.95 2936.18 2935.3 2935.32 2934.5 2933.94 2933.24 2934.21 
2933.28 2935 2934.63 2935.5 2932.81 2932.77 2933.21 2935.06 
2931.5 2930.5 2930 2930.61 2931.29 2932.38 2930.86 2929.23 
2933.92 2936.3 2935.45 2936.79 2936.4 2937.5 2938 2938.17 
2935.55 2937.26 2938.79 2938.5 2937.5 2936.9 2931.57 2930.62 
2935.39 2935.58 2937.71 2935.61 2936.92 2936.05 2936.17 2937.41 
2931.9 2932.98 2931.69 2933.88 2932.87 2935.62 2929.09 2931.27 
2937.23 2937.95 2939.9 2938.5 2938.61 2936.24 2936.5 2936.28 
2937.21 2936.26 2937.66 2938.21 2936.43 2939 2935.5 2937.02 
2939.5 2938.74 2939.2 2940.39 2938.68 2938.73 2939.8 2937.35 
2938.5 2936.41 2937.2 2936.68 2934.77 2936.86 2934.29 2935.55 
2939.41 2939.15 2939.59 2938.66 2940.88 2938.02 2939.87 2942.14 
2940.55 2940.77 2939.75 2939.5 2940.74 2940.92 2939 2940.13 
2939.54 2939.5 2937.2 2940.1 2937.07 2938.02 2939.37 2938.93 
2937.2 2936 2937.31 2935.94 2934.39 2935.34 2935.14 2933.65 
2939.56 2935.89 2938.02 2939.78 2937.09 2937.5 2935.58 2939.98 
2936.56 2939.08 2937.92 2936.98 2937.94 2936.19 2937.5 2937.61 
2939.66 2937.79 2937.38 2937.21 2934.01 2942.28 2935.92 2942.67 
2938.13 2934.88 2934.93 2933.57 2935.21 2934.09 2933.95 2931.5 
2947.5 2945.14 2944.02 2947.77 2947.8 2943.57 2946.14 2945.12 
2947.36 2948.72 2944.5 2948.2 2943.25 2946.77 2942.7 2939.92 
2944.28 2943.17 2940.78 2939.92 2944.75 2942.66 2939.5 2942.97 
2940.57 2938.82 2940.44 2939.92 2939.03 2937.46 2937.6 2937.21 
2938.13 2940.12 2941 2943.12 2938.08 2940.03 2942.32 2940.64 
2941.25 2939.33 2945.03 2938.67 2938.1 2942.5 2943.3 2938.83 
2942 2941.7 2943.94 2936.14 2940.67 2938.83 2939.17 2945.94 
2940.61 2938.7 2937.5 2936.5 2938.5 2936.5 2937.75 2931.75 
2935.83 2928.5 2929.83 2928.1 2908.5 2935 2936.5 2927.5 
2937.5 2932 2943.2 2911 2943.2 2922 2918.17 2947.1 
# LVDC V1 t0 parameters 
2943.8 2917.83 2932.5 2931.17 2942.9 2940.17 2926.3 2913.17 
2908.9 2944.5 2948.5 2944.5 2920.3 2946.17 2939.5 2941.5 
2942.36 2934.83 2940 2938.83 2942.64 2940.36 2938 2945.3 
2942 2938.5 2939 2939.5 2940.64 2935.93 2931.93 2934.83 
2941.83 2940.83 2939.5 2940.61 2939.28 2939.5 2947.5 2939 
2940.5 2943.17 2943.3 2942.5 2941.57 2942.17 2938.88 2937.72 
2942.67 2941.88 2943.38 2939.88 2943.8 2940.37 2940.32 2940.93 
2939.28 2941.64 2940.2 2941.88 2940.74 2936.83 2940.83 2938.75 
2945.83 2945.81 2945.42 2941.5 2945.75 2944.03 2946.7 2944.17 
2942.4 2942.15 2944.28 2945.07 2942.67 2947 2942.97 2945.93 
2944.3 2942.97 2943.09 2945.23 2946.5 2943.67 2944.85 2943.17 
2943.21 2937.54 2943.5 2943.21 2941.56 2940.62 2939.58 2936.32 
2949.21 2948.98 2952.17 2947.83 2953.5 2950.24 2947.94 2950.04 
2950.79 2948.79 2948.95 2949.08 2948.27 2950.62 2950.63 2947.13 
2951.45 2947.24 2948.5 2951.28 2952.41 2950.17 2950.38 2953 
2950.31 2944.75 2949.12 2947.46 2949.2 2949.38 2947.33 2945.82 
2949.79 2948.3 2951.85 2950 2949.72 2948.72 2950.63 2948.7 
2949 2946.79 2948.64 2946.62 2948.77 2943.71 2944.08 2941.11 
2943.36 2942.58 2946.42 2946.45 2947.72 2943.21 2945.32 2943.6 
2942 2946.5 2944.2 2945.14 2941.55 2943.12 2943.9 2940 
2946.17 2948.14 2945.23 2947.35 2946.65 2947.26 2951.12 2947.72 
2947.23 2945.95 2944.46 2946.5 2945.26 2949.23 2943.9 2947.7 
2944.72 2943.67 2945.58 2945.57 2944.68 2947 2944.42 2942.88 
2944.1 2942.42 2942.5 2941.2 2943.63 2941.03 2945.68 2938.08 
2948.76 2946.43 2949.39 2950.38 2947.95 2946.5 2948.94 2947.59 
2949.94 2945.35 2948.76 2946.63 2946.96 2946.83 2945.57 2945.12 
2945.5 2945.58 2947.75 2945.83 2948.39 2947.74 2944.86 2948.79 
2947.42 2944.1 2942.08 2946.5 2949.5 2943.58 2943.82 2941.57 
2949.71 2943.83 2949.03 2946.75 2945.13 2948.45 2948.26 2949.08 
2947.5 2949.63 2948.67 2948.46 2948.5 2947.54 2945.62 2948.5 
2951.98 2948.05 2952.25 2948.3 2949.39 2950.77 2949.92 2952.23 
2949.32 2946.43 2944.84 2945.6 2944.79 2945.63 2945.37 2944.93 
2953.5 2950.74 2948.26 2951.5 2951.3 2948.29 2952.4 2952.5 
2949.96 2949.81 2948.35 2950.8 2948.67 2949.01 2949.83 2946.98 
2949.5 2949.12 2951.67 2953.03 2952.7 2955.12 2957.97 2955.79 
2951 2952.06 2950.5 2948.26 2948.39 2947.79 2948.41 2947.67 
2959.03 2958.59 2955.88 2955.88 2955.59 2956.4 2954.3 2955.1 
2951.76 2952.57 2950.81 2952.44 2953.5 2952 2951.34 2947.74 
2953.25 2948.44 2953.28 2948.35 2952.79 2948.79 2947.83 2955.23 
2948.5 2950.33 2948.96 2952.86 2945.96 2948.5 2949.1 2943.77 
2954.32 2948.06 2951.17 2953.36 2956.17 2952.75 2948.17 2948.1 
2946.7 2953.83 2948.5 2951.93 2942.9 2952.5 2930.5 2945.5 
2952.17 2947.5 2950.17 2945 2936.83 2937.3 2947.7 2948.3 
2948.83 2953.5 2946.64 2942.9 2930.3 2938.5 2934.5 2943.5 
2950.3 2929 2935.5 2921.5 2951.5 2952.5 2952.5 2946.17 
2951.17 2952.5 2952.5 2952.5 2952.5 2952.5 2952.5 2947.1 
# LVDC V2 t0 parameters 
2912.83 2916.83 2939.5 2911.5 2905.5 2934.5 2942 2930.5 
2919.83 2936.17 2906.3 2940.17 2920.9 2936.5 2936.5 2935.5 
2933.3 2938.1 2938.83 2935.17 2938.5 2941.9 2937.1 2939.7 
2936.94 2934.83 2938.5 2937.3 2941.5 2932.94 2937.7 2936.5 
2940.5 2937.17 2938.5 2935.5 2941.88 2937.96 2935.94 2935.39 
2937.79 2937.36 2938.5 2934.75 2942.5 2934.72 2936.72 2936.38 
2935.59 2937.33 2936.88 2937.72 2938.36 2939.03 2938.36 2941.05 
2938.23 2936.62 2938.75 2935.44 2935.72 2937.68 2940.68 2932.59 
2938.12 2935.14 2942.17 2939.41 2940.73 2939.02 2942.96 2939.1 
2940.17 2941.39 2939.97 2944.03 2942.79 2938.83 2942.28 2939.88 
2940.64 2936.6 2938.61 2939.42 2940.9 2938.58 2939.64 2943.5 
2937.43 2934.76 2935.62 2936.6 2940.36 2937.33 2939.33 2936.45 
2946.79 2941.98 2946.5 2945.97 2949.91 2945.77 2947.23 2948.59 
2946.32 2944.83 2947.07 2944.11 2947.13 2943.88 2943.98 2945.1 
2948.06 2945.25 2945.33 2944.7 2945.1 2943.32 2944.09 2944.82 
2943.36 2942.27 2941.42 2939.71 2941.56 2937.35 2941 2938.1 
2940.83 2937.5 2940.36 2937.23 2941.18 2935.96 2935.7 2940.25 
2939.4 2933.74 2939.9 2934.14 2933.3 2935.55 2933.58 2934.26 
2938.06 2938.5 2941.58 2939.12 2937.5 2940.3 2939.67 2941.69 
2938.72 2936.79 2939.88 2935.79 2936.5 2937.59 2936.9 2932.91 
2942.2 2942.23 2941.69 2939.88 2942.45 2940.83 2939.83 2942.04 
2940.24 2938.92 2938.14 2938.08 2941.25 2937.88 2939.41 2937.21 
2942.3 2938.5 2940.85 2938.2 2940.02 2937.54 2943.24 2941.79 
2935.86 2938.03 2935.28 2938.83 2935.98 2933.43 2937.17 2931.65 
2947.43 2941.83 2944.17 2939.66 2941.12 2943.74 2941.7 2942.5 
2942.35 2946.17 2942.67 2942.5 2941.32 2943.8 2943.2 2939.63 
2943.6 2943.59 2941.5 2942.88 2944.77 2939.42 2941.23 2943.94 
2937.4 2937.35 2939.57 2939.32 2941.88 2938.87 2938.4 2936.7 
2943.5 2940.63 2942 2942.9 2945.24 2937.93 2942.8 2940.5 
2944.64 2941.6 2944.06 2944.5 2941.32 2940.22 2944.37 2939.88 
2943.73 2942.59 2944.3 2940.58 2943.86 2943.4 2942.28 2942.33 
2938.74 2944.05 2941.33 2940.5 2940.65 2941.04 2939.95 2936.6 
2945.94 2939.47 2943.4 2942.13 2943.27 2943.2 2941.9 2942.5 
2943.32 2940.19 2943.03 2942.24 2941.21 2940.69 2942.58 2939.31 
2944.29 2941.18 2942.38 2943.83 2942.33 2942.78 2942.79 2943.25 
2936.98 2939.23 2944.5 2938.63 2939.42 2940.5 2940.7 2936.89 
2951.45 2948.17 2951.41 2950.73 2951.03 2947.85 2948.91 2949.88 
2949.72 2951.5 2951.41 2950.17 2951.33 2945.71 2946.5 2944.7 
2947.45 2943.07 2946.23 2944.46 2946.02 2947.36 2946.15 2949.17 
2943.17 2943.12 2942.82 2943.83 2944.79 2945 2945.88 2940.56 
2951.65 2945.38 2947.5 2948.17 2948.04 2946.88 2943.12 2946.7 
2946.94 2948 2946 2944.19 2946.83 2942.25 2948.28 2944.17 
2947.7 2941.39 2947.64 2939.93 2950.5 2944 2946.5 2945.75 
2944.7 2938.61 2942.25 2945.83 2945.28 2942.25 2946.83 2936.21 
2943.9 2938.1 2938.21 2931.17 2938.5 2935.7 2943 2937.83 
2920.5 2921.83 2938.5 2940.5 2937.17 2906.17 2907.3 2944.5 
