# RVDC U1 t0 parameters 
2644 2947.1 2947.1 2947.1 2947.1 2947.1 2947.1 2947.1 
2947.1 2947.1 2947.1 2947.1 2947.1 2947.1 2947.1 2947.1 
2947.1 2944 2944 2944 2944 2635.83 2944 2638.5 
2944 2944 2617.17 2604 2637.17 2634.3 2615.3 2628.5 
2629.7 2632.5 2632.7 2633.5 2638.1 2640.17 2642.3 2638.5 
2636.5 2642.83 2638.35 2639.1 2637.5 2637.9 2638.41 2638.64 
2637.67 2637.41 2644.1 2639 2637.88 2637.9 2641.57 2638.3 
2636.83 2639.1 2639.5 2634.41 2636.75 2639.04 2636.75 2636.5 
2640.68 2639.39 2641.17 2638.86 2641.83 2642.68 2641.75 2642.1 
2640.83 2643.93 2642.5 2640.35 2641.64 2638.88 2640.38 2636 
2639.5 2637.43 2632.88 2633.35 2640.57 2638.08 2635.58 2639.9 
2633.08 2632.38 2636.5 2636.7 2634.67 2635.17 2635.12 2632.5 
2644.5 2638.21 2639.79 2637.94 2639.82 2640.75 2640.97 2642 
2640.5 2640.1 2639.5 2639.79 2640.07 2640.73 2641.27 2638.27 
2642.17 2642.68 2640.5 2641.5 2641.08 2643.19 2643.07 2642.97 
2637.7 2635.39 2641.17 2640.5 2637.79 2640 2643 2636.98 
2645.79 2640.55 2643.3 2641.71 2643.25 2639.88 2643.68 2643.74 
2641.21 2641.87 2642.62 2643.17 2646.54 2641.63 2644.83 2642.5 
2640.96 2641.72 2641.83 2643.5 2643.27 2641.42 2644.12 2642.76 
2640.17 2640.94 2642.58 2640.44 2639.94 2641.1 2641.42 2639.72 
2642.93 2640.83 2643.5 2644.5 2643.15 2643.24 2645.69 2641.6 
2646.3 2645.25 2643.74 2643.55 2645.7 2643.17 2643.42 2640.9 
2647.76 2643.83 2647.09 2643.87 2646.4 2642.92 2647.12 2647.83 
2642.81 2640.32 2644.96 2643.12 2644.17 2641.32 2640.9 2643.59 
2645.5 2644.32 2643.63 2645.2 2646.39 2643.82 2645.5 2648.5 
2646.14 2641.92 2648.12 2642.38 2648 2650.79 2643.75 2641.36 
2649.38 2644.5 2645.85 2643 2644.86 2643.35 2642.85 2646.38 
2645.07 2644.61 2644.13 2645.21 2645.43 2641.79 2639.93 2643.07 
2647.5 2640.58 2646.82 2643.17 2646.97 2643.26 2644.5 2641.97 
2644.45 2642.75 2642.14 2642.12 2641.77 2642.61 2641.08 2641.96 
2642.97 2642.25 2643.45 2643.18 2642.68 2644.94 2647.03 2644.7 
2640.75 2645.88 2642.61 2644.71 2645.57 2639.45 2640.12 2645.64 
2649.74 2645.94 2648.9 2644.14 2649.39 2647.17 2646.6 2649.6 
2645.57 2645.93 2646.69 2645.44 2651.33 2646.17 2645.88 2644.9 
2645.45 2643.5 2644.29 2645.5 2643.95 2643.5 2642.89 2647.3 
2641.24 2640.33 2641.02 2642.17 2643.38 2641.37 2647.37 2639.58 
2650.39 2648.03 2650.39 2649.5 2652.07 2651.43 2647.36 2648.12 
2649.33 2645.5 2646.58 2645 2646.2 2651.3 2647.15 2644 
2643 2648.12 2647.28 2648.75 2649.14 2646.88 2640.64 2651.83 
2641.21 2640.77 2646.23 2649.75 2643.95 2643.5 2641.5 2644.9 
2647.07 2637.9 2649.93 2641.5 2621.1 2645.7 2642.83 2623.7 
2647.5 2633.5 2642.5 2633.5 2628 2650.5 2647.83 2625.83 
2945.8 2945 2945 2945 2945 2945 2945 2945 
2945 2945 2945 2945 2945 2945 2945 2945 
2945 2945 2945 2945 2945 2945 2945 2945 
2945 2945 2945 2945 2945 2945 2945 2945 
# RVDC U2 t0 parameters 
2634.6 2934.9 2934.9 2934.9 2934.9 2934.9 2934.9 2934.9 
2934.9 2934.9 2934.9 2934.9 2934.9 2934.9 2609.17 2608.83 
2934.9 2930.4 2604.5 2626 2633.5 2630.83 2630.83 2626.5 
2623.17 2623 2624.3 2631.5 2629.3 2631.83 2629.25 2620.94 
2631.5 2629.86 2630.83 2633.17 2633 2629.83 2631.83 2628.83 
2627.41 2632 2633.5 2633.28 2627.55 2632.95 2632.14 2627.9 
2631.67 2626.93 2629.23 2626.9 2631.83 2630.7 2629.93 2630.5 
2626.28 2624.73 2627.68 2625.63 2624.7 2631.5 2628.19 2624.08 
2634.3 2626.97 2631.04 2630.28 2629.04 2628.5 2627.33 2630.28 
2629.77 2629.83 2632.59 2628 2630.1 2627 2627.5 2625.42 
2632.35 2635.07 2632.14 2630.63 2630.75 2627.17 2629.81 2627.33 
2633.75 2630.63 2628.75 2625.45 2629.65 2626.67 2627.21 2622.5 
2634.61 2634.5 2633.3 2633.5 2637.43 2636.05 2631.28 2634.5 
2636.1 2630.27 2631.37 2632.26 2633.95 2633 2633.23 2630.97 
2634.34 2632.74 2635.26 2635.67 2634.36 2635.7 2633.5 2636.97 
2635.5 2631.43 2634.77 2632.39 2635.17 2632.83 2628.79 2630.63 
2635.64 2633.17 2632.92 2631.5 2632.83 2631.77 2631 2637.21 
2636.94 2632.67 2638.7 2633.39 2632.93 2635.73 2632.5 2628.73 
2633.97 2634.3 2632.9 2636.5 2634.98 2635.25 2634.21 2638.79 
2632.97 2631.67 2635.33 2634.67 2634.37 2634.07 2631.03 2632 
2630.83 2635.7 2634.71 2633.3 2637.3 2634.62 2637.39 2636.64 
2634.58 2632.66 2635.32 2635.29 2636.13 2633.93 2635.97 2633.02 
2636.26 2635.09 2639.32 2637.33 2636.95 2637.97 2638 2640.93 
2635.74 2635.96 2635.28 2632.6 2638.5 2633.03 2634.09 2633.1 
2634.67 2633.8 2629.02 2631.63 2635.5 2634.3 2631.2 2635.5 
2634 2628.98 2633.28 2638.94 2630.28 2631.85 2633.97 2632.17 
2639.26 2632.23 2636 2633.55 2633.17 2636.5 2636.37 2633.39 
2637.25 2633.27 2638.12 2632.38 2634.35 2633.56 2632.08 2632.38 
2639.93 2635.73 2635.7 2637.64 2635.17 2640.03 2639.5 2638.72 
2633.3 2637.83 2635.17 2637.02 2637.35 2635.32 2637.55 2633.9 
2633.18 2631.67 2631.7 2635.83 2636.88 2631.6 2634.64 2634.87 
2634.58 2633.26 2632.45 2631.34 2631.18 2630.14 2631.8 2634.71 
2640.62 2634.41 2635.54 2639.1 2639.2 2636.9 2640.36 2641.43 
2640.06 2639.58 2639.18 2635.17 2634.5 2636.04 2638.7 2634.21 
2636.17 2635.58 2639.43 2640.83 2637.68 2638.4 2640.88 2637.1 
2635.26 2635.83 2632.35 2636.74 2633.97 2635.5 2635.5 2636.5 
2641.25 2640.3 2639.15 2639.85 2639.59 2642.5 2643.31 2647 
2641.68 2640.98 2639.73 2644.58 2639.26 2636.92 2641.17 2643.36 
2642.5 2640.28 2641 2638.87 2641.17 2640.93 2642.5 2642.37 
2637.43 2640.03 2640.93 2637.07 2641.27 2638 2638.28 2636.33 
2643.72 2643.9 2640.61 2637.3 2642.5 2632.21 2635.79 2636.19 
2641.33 2633.21 2640.59 2637.5 2641.5 2644.83 2638 2637.06 
2647.36 2633 2641.5 2636.17 2642.1 2962.5 2643 2623.5 
2641.17 2641.17 2633.7 2645.5 2635.5 2943.2 2943.2 2943.2 
2943.2 2943.2 2943.2 2943.2 2943.2 2943.2 2943.2 2943.2 
2943.2 2943.2 2943.2 2943.2 2943.2 2943.2 2943.2 2943.2 
# RVDC V1 t0 parameters 
2649.3 2943.8 2943.8 2943.8 2943.8 2943.8 2943.8 2943.8 
2943.8 2943.8 2943.8 2943.8 2943.8 2943.8 2943.8 2943.8 
2943.8 2943.4 2943.4 2943.4 2639.83 2618 2625.5 2604.5 
2640.83 2634.83 2642.17 2617.5 2640.5 2621.17 2642.7 2641.5 
2644 2646 2646.5 2643.5 2634 2648.93 2645.17 2638.7 
2649 2646.64 2647.5 2631.83 2643.61 2641.83 2646.5 2643.86 
2649.93 2644 2646.41 2646.5 2647.17 2647.06 2645.63 2643.93 
2645.3 2646.36 2644.14 2641.36 2646.64 2644.9 2640.64 2645.36 
2645.25 2644.5 2646.75 2645.21 2648.1 2644.26 2643.56 2647.07 
2644.3 2647.28 2643.38 2643.95 2643.45 2642.27 2642.07 2642.36 
2645.79 2647.75 2646.77 2644.9 2645.7 2650 2646.17 2646.77 
2648.07 2644.41 2644.5 2641.77 2643 2641.73 2639.07 2642 
2647.35 2646.21 2650.14 2645.64 2646.83 2641.57 2645.5 2645.83 
2642.82 2647.18 2647.17 2644.9 2642.61 2646.83 2649.67 2643.92 
2650.59 2642.43 2648.5 2647.12 2646.63 2642.29 2648.5 2650.95 
2644.93 2645.3 2645.07 2643.9 2647.65 2643.1 2643.3 2643.21 
2644.92 2642.5 2649 2645.21 2647.17 2643.75 2646.3 2648.5 
2647.66 2648.12 2647.5 2649.83 2645.93 2645.36 2642.83 2647.88 
2646.5 2647.88 2646.07 2642.8 2645.75 2647 2648.58 2647.4 
2645 2642.72 2643.5 2649.93 2642.59 2646.19 2649 2641.43 
2650.83 2644.5 2649.62 2644.88 2647.97 2643.23 2650.33 2647.5 
2649.77 2643.98 2649.81 2647.1 2650.64 2648.75 2646 2647.1 
2652.27 2648.61 2648.63 2647.12 2646.83 2645.7 2646.66 2643.77 
2646.38 2645.07 2646 2643.85 2648.94 2644.17 2644.5 2641.1 
2648.74 2647.57 2655.5 2649.12 2654.36 2649.93 2652.5 2644.72 
2652.4 2648.24 2650.61 2646.56 2652.7 2651.56 2647.59 2646.87 
2648.8 2650.07 2652.64 2646.36 2654.94 2646.39 2649.03 2646.87 
2645.09 2645.08 2645.29 2648.62 2648.26 2647.79 2641.68 2646.44 
2645.41 2645.5 2644.67 2647.5 2647.62 2647.95 2646.72 2647.6 
2644.5 2644.32 2647.56 2648.39 2650.26 2646.56 2649.9 2648.75 
2650.21 2642.87 2649.36 2648.79 2647.62 2648.17 2647.6 2646.54 
2646.39 2648.32 2647.5 2647.22 2644.36 2643.34 2646.86 2645.4 
2651.88 2646.5 2648.4 2648.24 2646.62 2646.21 2653.19 2650.32 
2649.37 2648.24 2651.66 2650.26 2646.45 2648.81 2648.12 2645.14 
2648.69 2646.5 2644 2644.43 2647.33 2644.1 2646.86 2644.15 
2645.92 2644.38 2643.68 2645.42 2647.5 2645.93 2649.5 2650.12 
2653.13 2640.12 2644.71 2651.3 2648.75 2646.97 2650.41 2653.5 
2653.06 2649.7 2652.93 2654.67 2638.91 2637.94 2650.5 2649.97 
2647.5 2646.68 2646.5 2646.83 2646.27 2647.3 2650.81 2648.5 
2647.1 2647.83 2646.64 2650.5 2642.83 2643.75 2647.21 2640.17 
2654 2638.5 2647.83 2649 2639.07 2642.17 2641.9 2634.1 
2642.5 2641.7 2652.5 2605.83 2640 2785.5 2610.17 2631.5 
2954.4 2952.5 2952.5 2952.5 2952.5 2952.5 2952.5 2952.5 
2952.5 2952.5 2952.5 2952.5 2952.5 2952.5 2952.5 2952.5 
2952.5 2952.5 2952.5 2952.5 2952.5 2952.5 2952.5 2952.5 
2952.5 2952.5 2952.5 2952.5 2952.5 2952.5 2952.5 2952.5 
# RVDC V2 t0 parameters 
2652.7 2945.8 2945.8 2945.8 2945.8 2945.8 2945.8 2945.8 
2945.8 2945.8 2945.8 2606.83 2945.8 2638 2945.8 2621.5 
2645.5 2648.5 2609 2639.3 2644 2631.5 2643.17 2646.17 
2637.5 2644.17 2642.5 2939.7 2643.17 2637.94 2642.64 2639.21 
2645.3 2640.5 2644.5 2644.17 2644.72 2640.63 2645.7 2647.83 
2647.3 2647 2644.32 2642.91 2640.28 2642.33 2645.59 2643.77 
2649.3 2642.04 2640.83 2644 2644.94 2644.28 2646.83 2643.03 
2640.5 2639.21 2639.94 2641.93 2639.39 2643.7 2643.5 2642.5 
2643.72 2640.88 2643.33 2642.86 2644.61 2643.12 2642.07 2643.9 
2637.25 2642.5 2640.83 2639.5 2641.5 2640.37 2642.38 2640 
2645.9 2641.36 2640.9 2642.06 2640.28 2642.65 2644.38 2641.9 
2644.33 2638.33 2641.3 2640.93 2640.63 2639.79 2636.65 2636.38 
2645.86 2640.3 2643.62 2644.5 2642.43 2644.9 2644.65 2645.1 
2638.88 2641.83 2648.5 2645.5 2644 2642.77 2645.5 2646.7 
2645.39 2638 2642.25 2641.41 2641.68 2640.88 2643.07 2638.68 
2638.57 2640.67 2639.25 2638.08 2639.1 2637.77 2637.64 2637.24 
2640.5 2638.35 2637.88 2635.95 2640.19 2636.39 2637.13 2639.62 
2637.56 2643.3 2639.67 2639.68 2640.09 2639.9 2640.67 2640.35 
2645.17 2643.25 2645.03 2644.1 2646.32 2644.73 2648.1 2646.35 
2640.12 2639.36 2644.68 2640.79 2642.64 2639.97 2642.5 2636.74 
2646.44 2642.77 2642.65 2644.12 2643.1 2647.41 2645.86 2644.63 
2638.71 2643.25 2647.58 2642.32 2643.59 2643.5 2645.12 2645.03 
2643.8 2640.56 2641.97 2641.58 2639.45 2642.5 2642.69 2644.12 
2638.88 2638.81 2639.46 2636.88 2637.7 2639.3 2642.68 2642.33 
2646.09 2646.18 2646.62 2645.21 2644.64 2647.07 2644.17 2643.28 
2646.37 2644.65 2645.17 2642.8 2648 2647.72 2646.33 2644.68 
2649.17 2643.9 2644.5 2646.85 2644.7 2642.45 2644.2 2644.09 
2645.91 2641 2642.25 2644.62 2641.12 2645.9 2642.3 2641.63 
2651.35 2644.27 2647.95 2645.5 2644.41 2645.39 2645.81 2642.03 
2643.73 2643.93 2645.7 2643.97 2649.77 2641.5 2643.5 2643.6 
2642.97 2639.4 2642.72 2642.62 2647.68 2644.12 2646.5 2645.25 
2640.12 2640.13 2641.43 2642.5 2641.36 2638.19 2642.8 2640.78 
2645.09 2642.62 2644.21 2646.12 2645.74 2645.97 2645.06 2644.76 
2645.07 2646.58 2645.74 2647.95 2642.85 2643.86 2645.25 2644.37 
2649.33 2645.07 2644.64 2644.57 2644.23 2645.1 2644.83 2639.14 
2642.93 2640.32 2646.06 2643.76 2643.8 2642.93 2644.32 2640.85 
2650.75 2647.95 2647.4 2649.61 2652.95 2649.21 2650.61 2651.93 
2649 2649.82 2654.17 2650.81 2649.83 2650.27 2647.4 2648.36 
2647.5 2647.93 2651.4 2648 2650.03 2647.82 2646.28 2651.5 
2652.17 2644.81 2649.96 2648.28 2648.39 2645.93 2647.83 2648.21 
2644.7 2644.21 2645.33 2644.83 2642.86 2646.5 2635.33 2643.23 
2641.95 2644.25 2643.77 2647.75 2645 2639.5 2637.3 2644.83 
2648.17 2640.5 2642.17 2640 2653 2643.7 2643.17 2646 
2619.83 2631.17 2628.17 2616.83 2607.17 2638.17 2952.3 2952.3 
2952.3 2942.4 2942.4 2942.4 2942.4 2942.4 2942.4 2942.4 
2942.4 2942.4 2942.4 2942.4 2942.4 2942.4 2942.4 2942.4 
# LVDC U1 t0 parameters 
2947.1 2947.1 2947.1 2947.1 2947.1 2933.5 2938.83 2947.1 
2947.1 2906.17 2904.83 2915.83 2933.17 2932 2935.83 2937.3 
2905.1 2914.5 2941.5 2928.7 2937.5 2908.5 2938 2915.5 
2937.83 2944 2935.5 2940.5 2933.5 2932.5 2928.5 2923.5 
2942 2939.83 2940.5 2940.5 2936.5 2939.5 2940 2941.5 
2937.17 2937.64 2929 2932.5 2937.17 2940.3 2935.77 2932.72 
2937.94 2937 2936.94 2939.3 2940.1 2936.7 2937.75 2938.25 
2935.5 2940.21 2934.21 2935 2934.5 2937.5 2935.83 2932.7 
2939.17 2936.3 2936 2935.32 2940.35 2940 2940.39 2938.5 
2939.17 2939.72 2942.5 2936.27 2938.5 2938.14 2933.07 2933.5 
2942 2939.77 2939.5 2939.74 2944.32 2942.14 2941.61 2943.3 
2941.75 2935.61 2937.88 2939.7 2936.32 2941.03 2936.17 2938.36 
2947.86 2945.5 2945.5 2943.21 2945.42 2944.9 2944.65 2944.05 
2945.5 2944.9 2946.1 2943.96 2945.5 2947.5 2940.83 2941.12 
2943.21 2944.3 2942.5 2941.5 2945.3 2944.9 2942.33 2945.5 
2939.04 2938.15 2941.23 2939.5 2939.9 2936.5 2937.17 2942.9 
2946.33 2939.67 2944.17 2940.75 2940.88 2939.93 2940.25 2944.04 
2942.07 2941.61 2941.33 2939.88 2942.5 2940.35 2940.23 2940.07 
2942.5 2939.9 2941.83 2939.72 2940.72 2940.25 2940.86 2940.23 
2940.9 2935.33 2938.5 2937.12 2936.83 2935.81 2933.93 2936 
2944.39 2933.5 2936.1 2935.75 2935.93 2934.5 2939.66 2938.5 
2937.5 2938.5 2939.3 2936.96 2937.59 2937.9 2937.9 2939.05 
2939.3 2936.35 2939.1 2935.33 2935.61 2937.64 2938.83 2935.9 
2932.83 2932.03 2940.93 2936.14 2932.17 2937.14 2935.5 2933.5 
2945.67 2946.09 2947.5 2941.9 2943.5 2947.28 2943 2946.83 
2944.5 2946.7 2943.5 2944.17 2942.83 2946.3 2942.17 2940.97 
2942.81 2938.33 2942.36 2939.27 2941.9 2939.42 2942.62 2940.94 
2938.87 2940.57 2940.17 2939.86 2937.64 2938.25 2940.93 2940.25 
2946.86 2939.9 2944.41 2942.68 2942.2 2942.33 2943.5 2940.62 
2941.88 2939.5 2944.5 2941.42 2941.5 2939.12 2944.79 2940.3 
2940.57 2940.38 2941.9 2939.3 2940.9 2941 2942.81 2942.33 
2937.35 2939.79 2941.12 2937.97 2939.5 2939.21 2936.39 2939.67 
2942.04 2942.17 2940.65 2943.23 2946.19 2943.64 2943.68 2944.64 
2946.37 2944 2944.75 2941.62 2940.68 2945.25 2940.88 2940.63 
2946.77 2946.36 2944.79 2941.35 2943.43 2944.93 2944.9 2947.19 
2939.4 2940.45 2939.93 2942.23 2940.67 2941.5 2939.83 2941 
2945.62 2942.88 2947.25 2943.5 2946.77 2944.77 2944.28 2944 
2945.17 2945 2942.67 2944.5 2945.3 2943.04 2946.59 2940.5 
2946.94 2936.21 2937.23 2940.25 2939.94 2938.39 2942.5 2941.75 
2944.5 2940.9 2944.1 2941.5 2941.25 2941.5 2944.36 2940.5 
2942.5 2939.83 2940.5 2936.7 2939.93 2937.3 2936.5 2947.5 
2939.75 2944.79 2943.17 2945 2940.3 2943.9 2931 2910.1 
2931.17 2931.5 2939.3 2943.7 2936 2940.5 2943.3 2924 
2935.17 2939.5 2945 2933.17 2945 2946.5 2918.83 2907 
2945 2945 2945 2945 2945 2945 2945 2945 
2945 2945 2945 2945 2945 2945 2945 2644 
# LVDC U2 t0 parameters 
2934.9 2934.9 2934.9 2934.9 2921.17 2934.9 2925.17 2934.9 
2920 2922.17 2929.83 2934.9 2925.9 2917.83 2927.5 2929.5 
2927.5 2927 2910.83 2930.4 2924.5 2927.5 2927.5 2915.83 
2926 2923 2927.9 2928 2924.83 2921 2927.17 2925.5 
2929.5 2926.1 2927.64 2922.9 2922.25 2929.83 2926 2924.25 
2929.5 2928.5 2928.7 2929.23 2928.36 2927.5 2928.04 2921.17 
2930.3 2930.5 2931.06 2927.64 2925.7 2929 2927.7 2927.07 
2926.28 2925.9 2926.5 2930.79 2928.9 2930.5 2932.17 2926.17 
2931.93 2930.5 2932.94 2927.05 2931.17 2934.5 2926.72 2933.25 
2928.06 2934.36 2930.14 2931.3 2932.1 2931.93 2929.1 2925.23 
2926.75 2927.04 2927.72 2929.17 2927.83 2931.28 2930.05 2925.17 
2925.7 2922.9 2930.25 2928.1 2924.64 2925.77 2922.33 2930 
2937.02 2936.62 2936.58 2937.83 2940.25 2938.86 2939.95 2937.97 
2939.57 2940.64 2935.93 2942.19 2940 2940.12 2942.07 2934.18 
2936.7 2934.63 2939.5 2939.77 2938.93 2938.33 2939.83 2942.23 
2937.17 2938.88 2939.83 2936.25 2936.83 2937.23 2933.73 2933 
2939.23 2933.91 2937.68 2935.83 2936.67 2936.25 2934.83 2932.88 
2934.9 2935.83 2935.39 2932.75 2933.5 2930.35 2929.41 2931.93 
2934.23 2930.14 2937.58 2929.97 2935.5 2933.25 2935 2935.1 
2929.93 2932.7 2930.9 2932.5 2927.64 2928.12 2931.17 2927.77 
2933.77 2933.32 2937.5 2933.83 2935.12 2933.41 2931.62 2936.5 
2935.75 2935.5 2936.5 2931.64 2932.43 2934.95 2929.56 2933.7 
2934.07 2936.67 2931.81 2937.9 2932.12 2933.36 2935.06 2935.86 
2931.5 2931.64 2929 2930.83 2930.39 2934.86 2928.19 2931.65 
2941.06 2934.28 2938.9 2934.5 2938.5 2938.06 2936.7 2941.64 
2937.3 2936.5 2937.67 2936.5 2937.5 2934.06 2935.26 2935.06 
2937.25 2935.42 2935.67 2939.42 2936.93 2937.1 2938.83 2934.1 
2938.39 2937 2933.07 2934.64 2936.21 2936.67 2932.58 2931.83 
2936.76 2938.17 2936.1 2940.41 2941 2938.33 2941.5 2941.19 
2942.42 2939.81 2941.25 2938.39 2939.59 2939.25 2936.59 2937.5 
2940.64 2939.72 2934.79 2935.85 2935.39 2937.3 2937.7 2942 
2934.73 2936.68 2935.33 2937.67 2934.5 2935.45 2933.5 2935.07 
2939 2939.59 2939.5 2934.5 2939.76 2936.5 2935.87 2939.5 
2935.94 2933.68 2937.81 2935.77 2938.9 2936.68 2935.6 2932.79 
2939.58 2935.77 2939.7 2937.7 2934.9 2937.93 2939.25 2937.83 
2935.7 2938.39 2934.68 2934.88 2935.72 2935.23 2935.14 2933.07 
2946.5 2946.33 2942.96 2942.21 2942.5 2945.1 2943.9 2945.7 
2943.32 2946 2943.03 2946.17 2944.06 2945.15 2941.5 2945.25 
2939.21 2939.05 2941.05 2939.75 2942 2939.28 2938.07 2943.83 
2941.5 2934 2943.17 2937.5 2935.97 2935.7 2937.5 2938.17 
2944.5 2939.5 2943.1 2946.17 2938.5 2936.39 2943.17 2930.75 
2940.17 2937.5 2938.75 2936.5 2938.83 2941.3 2938.75 2940.5 
2932.75 2939.5 2937.5 2937.7 2936.83 2935.7 2938 2936.5 
2931.83 2911.9 2914 2936.7 2911.9 2932.5 2908 2943.2 
2933.5 2935 2938.9 2915.1 2935.5 2943.2 2924.17 2943.2 
2943.2 2943.2 2943.2 2943.2 2943.2 2943.2 2943.2 2947.1 
# LVDC V1 t0 parameters 
2943.8 2943.8 2943.8 2943.8 2943.8 2910 2919.5 2937.5 
2938.5 2934.17 2940.5 2933.5 2939 2935.5 2909.83 2918.83 
2911.83 2938 2940.5 2933.5 2943.17 2932.5 2941.9 2936.5 
2942.1 2933.5 2940.83 2930.3 2935 2936.5 2926.5 2936 
2938.3 2931.5 2940.5 2916.1 2942.5 2941.17 2944.9 2941 
2940.3 2939.83 2938.07 2938.77 2937.7 2938.07 2943.5 2939.06 
2942.5 2938.5 2943.28 2939.93 2944.36 2943.36 2938.14 2940.5 
2937.64 2938.36 2939.67 2937.81 2939.68 2933.75 2936.1 2940.28 
2947.21 2943.96 2944.5 2941.9 2943.33 2946.17 2942.9 2941.7 
2943.5 2940.5 2942.1 2942.9 2946 2941.5 2942.42 2941.39 
2945.83 2939.9 2944.33 2941.33 2941.5 2946.61 2941.55 2936.39 
2939.42 2933.64 2938.5 2942.25 2944.41 2940.83 2938.5 2936.36 
2953.21 2946.83 2949.83 2946.1 2951.83 2951.93 2948.64 2949.28 
2948.7 2950.3 2949.94 2948.79 2952.21 2950.23 2949.9 2944.9 
2950.21 2950.28 2948.17 2947.5 2950.5 2948.9 2950.72 2953.25 
2949.93 2947.68 2947.5 2947.68 2944.64 2944.94 2946.77 2943.17 
2950.06 2946.3 2954.5 2945.3 2951.1 2947.63 2946.1 2946.83 
2945.58 2946.5 2945.83 2945.75 2943.38 2947.33 2940.32 2942.1 
2944.41 2942.5 2943.12 2944.61 2945.28 2948.1 2944.06 2943.83 
2941.36 2938.71 2942.1 2945.75 2942.5 2940.7 2938.68 2937.5 
2944.95 2944.59 2947.5 2946.83 2946.83 2950.25 2950.86 2949.7 
2946.5 2946.75 2942.65 2944.83 2944.85 2945.42 2943.1 2943.63 
2947.7 2941.9 2945.59 2943.88 2943.65 2941.33 2947.33 2945.83 
2942.72 2940.95 2940.12 2941.5 2945.83 2942.75 2942.93 2942.5 
2948.12 2947.28 2946.07 2944.5 2946.09 2944.41 2946.19 2946.91 
2947.59 2944.29 2948.38 2948.5 2945.9 2945.1 2946.36 2950.5 
2944.32 2945.75 2949 2946.3 2949.88 2946.5 2946.5 2944.81 
2943.97 2943.5 2944.5 2949.28 2942.77 2941.44 2944.41 2941.12 
2947.1 2943.5 2944.9 2945.06 2943.57 2943.19 2945.1 2949.86 
2945.83 2944.17 2949.14 2945.6 2948.41 2948.06 2942.02 2944.35 
2952.79 2947.5 2951.17 2948.28 2945.97 2949.5 2948.5 2949.21 
2945.5 2947.12 2946.04 2948.17 2943.75 2943.75 2946.94 2941.81 
2949.5 2948.93 2947.06 2948.65 2952.5 2945.5 2952.14 2948.86 
2951.19 2947.88 2948.07 2950.74 2947.37 2947.9 2952.75 2947.62 
2949.58 2947.07 2953.21 2951.86 2950.35 2949.04 2954.36 2952.1 
2948.5 2948.94 2951.83 2947.25 2949.61 2947.63 2947.7 2949.33 
2956.06 2954.33 2958.33 2952.88 2955.95 2955.94 2955.3 2953.06 
2949.77 2952.83 2951.64 2949.28 2953.68 2951.5 2952.17 2950.83 
2948.88 2949.3 2950.5 2947.77 2950.68 2949.5 2949.7 2953.07 
2947.05 2947.83 2947.36 2945.75 2947.61 2953.17 2943.17 2937.21 
2954.25 2941.93 2955 2947.5 2939.5 2949.5 2953.3 2954.17 
2943.5 2951.17 2947.5 2946.3 2929.7 2950.5 2939.9 2947.17 
2943.3 2944.17 2945.17 2913.7 2938 2949.83 2950.17 2937.5 
2929.5 2932.5 2921 2952.5 2952.5 2952.5 2952.5 2952.5 
2952.5 2952.5 2952.5 2952.5 2952.5 2952.5 2952.5 2952.5 
2952.5 2952.5 2952.5 2952.5 2952.5 2952.5 2952.5 2947.1 
# LVDC V2 t0 parameters 
2945.8 2945.8 2945.8 2945.8 2945.8 2945.8 2945.17 2920 
2940.17 2908.5 2933.5 2947.5 2931.5 2903.17 2911.5 2926.83 
2912 2916.5 2946.17 2935.5 2938.17 2937.17 2924.5 2944.5 
2920.3 2931.64 2933.3 2934.3 2933.5 2925.5 2932.93 2936 
2938.64 2933.36 2941.23 2938.9 2941.3 2936.75 2941.9 2940.9 
2936.83 2931.1 2937.17 2933.17 2940.21 2936.83 2936.83 2933.72 
2937.5 2937.3 2930.86 2930.5 2939.61 2938.83 2938.36 2938.07 
2937 2933.17 2933.25 2938.06 2935.23 2932.79 2938.83 2933 
2940.94 2937.17 2938.5 2936.75 2938.5 2935 2938.95 2943.5 
2935.93 2941.21 2940.88 2935.5 2942.21 2938.79 2939.3 2939.1 
2941.06 2936.58 2935.88 2934.93 2942.05 2942.5 2941.3 2940.61 
2934.97 2934.5 2938.38 2937.33 2937.1 2942.79 2941.04 2934.7 
2946.5 2945.5 2941.7 2945.72 2945.5 2942.77 2947.93 2946.14 
2948.1 2944 2943 2944.33 2944 2941.96 2945.5 2946.75 
2947.75 2943.75 2943 2935.7 2948.7 2942.5 2941.27 2946.32 
2942.5 2940.14 2941.03 2943.79 2939.59 2937.9 2938.5 2936.17 
2943.06 2934.14 2934.77 2933.39 2941.95 2931.09 2934.41 2940.33 
2932.5 2938.94 2938.83 2935.25 2933.12 2933.73 2931.5 2934.42 
2942.64 2937.61 2936.67 2936.86 2940.25 2939.75 2941.88 2943.28 
2938.9 2937.28 2936.07 2935.79 2934.19 2934.06 2928.97 2932.5 
2940.5 2939 2939.14 2939.72 2939.5 2936.5 2939.75 2942.9 
2936.83 2938.1 2940 2940.5 2938.94 2936.7 2939.17 2940.17 
2936.29 2938.5 2937.12 2935.79 2938.86 2938.93 2938.67 2944.05 
2936.17 2934.23 2934.67 2938.5 2934.75 2933.5 2935.77 2930.88 
2943.05 2941.04 2945.28 2938.85 2943.5 2942.06 2943.1 2943.5 
2942.21 2942.23 2942 2939.73 2943.5 2940.7 2939.07 2939.75 
2939.03 2940.3 2937.77 2937.79 2943.17 2939.1 2942.41 2943.59 
2941.41 2935.42 2939.96 2939 2938.21 2935.03 2937.77 2934.7 
2937.75 2937.59 2940.63 2941.9 2939.61 2943.68 2940.39 2941.95 
2944.41 2943.14 2942.75 2944.63 2941.7 2938.35 2943.17 2941.06 
2942.64 2939.65 2944.5 2941.36 2946.28 2942.5 2939.57 2940.79 
2934.83 2946.17 2939.67 2940.5 2940.41 2938.7 2936.93 2941.23 
2942.83 2939.75 2943.5 2944.39 2940.1 2942.5 2939.39 2942.33 
2942.5 2943.64 2943.61 2943.17 2938.5 2940.73 2938.21 2934.61 
2943.86 2940.64 2938.88 2939.75 2944.57 2939.5 2941.1 2945.12 
2937.15 2939.9 2939.85 2936.95 2940.04 2939.23 2938.17 2939 
2948.17 2946.07 2949.59 2944.12 2949.86 2946.93 2944.06 2951.5 
2947.5 2950.03 2948.72 2945.97 2946.42 2949.83 2947.5 2947.7 
2948.12 2943.1 2946 2945.07 2951.17 2944.95 2944.17 2943.1 
2944.5 2944.3 2941.41 2948.75 2942 2942.7 2937.5 2942.17 
2950.5 2946.64 2943.93 2947.3 2938.83 2941.7 2942.75 2944 
2946.5 2942.83 2946.17 2943.5 2943.17 2941 2944.39 2939.17 
2947.3 2944 2933.7 2946.79 2948.83 2952.17 2942.3 2936.5 
2936.17 2944.83 2947.83 2933 2924.83 2943 2932.5 2918.83 
2922.5 2937.3 2916.5 2926.5 2937.17 2940.83 2942.4 2925.83 
2942.4 2942.4 2942.4 2942.4 2942.4 2942.4 2942.4 2947.1 
