# RVDC U1 t0 parameters 
2644 2947.1 2947.1 2947.1 2947.1 2947.1 2947.1 2947.1 
2947.1 2947.1 2947.1 2947.1 2947.1 2947.1 2947.1 2947.1 
2947.1 2944 2944 2944 2604.83 2631.17 2613.17 2944 
2630.83 2607 2621.5 2614.5 2636.5 2944 2635.9 2638 
2634.83 2631.9 2632.17 2638.7 2638.5 2634 2643 2635.83 
2636.9 2643 2640.17 2637.93 2638.68 2640.36 2637.39 2640 
2640.07 2642.41 2640.1 2637.94 2640.5 2638.38 2640.43 2642.83 
2640 2637.35 2641.9 2640.5 2636.43 2641.21 2639.3 2635.06 
2640.81 2641.04 2639.9 2638.3 2639.3 2639.23 2641.5 2638.5 
2638.96 2636.9 2642.9 2641.36 2638.08 2639.72 2643.21 2639.17 
2641.83 2639.04 2636.5 2638.1 2637.25 2637.5 2636.21 2633.5 
2635.77 2632.03 2638.88 2634.5 2636.88 2633.67 2634.09 2635.96 
2645.93 2642.28 2641.09 2643.5 2639.56 2645.12 2641.12 2640.03 
2638.3 2637.06 2639.76 2639.7 2639.06 2642.58 2639.31 2641.9 
2645.33 2641.36 2639.12 2642.17 2647.5 2644.17 2644.77 2643.6 
2639.42 2639 2642.73 2640.08 2642.62 2637.62 2641.33 2636.55 
2648.23 2642.1 2644.9 2642.25 2645.07 2643.58 2646.17 2644.57 
2643.24 2645.3 2644.33 2649.67 2642.39 2643.17 2642.75 2643.74 
2640.42 2643.6 2643.97 2644.61 2642.62 2639.12 2643.17 2645.17 
2642.38 2641.15 2640.39 2641.26 2639.71 2642.5 2642.5 2640.37 
2643.22 2643.5 2642.17 2645.38 2643.74 2648.1 2645.1 2643.98 
2647.34 2644.17 2650.83 2646.07 2648.59 2643.9 2644.72 2640.94 
2649.07 2644.88 2645.17 2644.23 2645.07 2646.27 2650.28 2644.4 
2643.76 2642.93 2646.26 2642.17 2638.95 2642.05 2640.76 2642.05 
2645.98 2645.82 2645.33 2643.4 2648.3 2643.66 2643.5 2644.93 
2645.5 2644.66 2643.17 2644 2645.05 2646.08 2644.43 2644.72 
2647.8 2644.35 2645.55 2646.38 2646.5 2644.55 2646.9 2645.5 
2644.85 2642.77 2646.63 2646.17 2643.06 2645.42 2642.97 2642.06 
2645.23 2640.07 2644.83 2647.71 2643.95 2645.06 2643.77 2646.25 
2644.5 2643.85 2647.12 2645.32 2648.25 2649.35 2646.5 2642.23 
2642.84 2646.64 2643.61 2646.39 2644.38 2645.82 2645.26 2645.5 
2644.21 2645 2644.41 2644.29 2644 2644.93 2640.7 2639.12 
2649.92 2646.61 2648.07 2647.39 2652.15 2649.64 2645.67 2644.8 
2645.65 2648.7 2647.45 2645.06 2647.5 2648.4 2645.02 2642.39 
2643.15 2646 2645.28 2643.26 2643 2641.86 2642.21 2646.5 
2641.67 2643.31 2643.19 2639.47 2642.5 2640.34 2644.45 2641.83 
2652 2646.23 2647.71 2650.83 2651.23 2653.28 2646.08 2647.17 
2642.24 2652.73 2653.67 2647.12 2645.65 2645.02 2644.88 2642.14 
2646.81 2648.7 2646.81 2649.59 2648.5 2651.07 2651.17 2649.68 
2650.5 2647.88 2649.7 2644.17 2644.33 2642.79 2641.3 2638.5 
2647.1 2649.25 2638.72 2643.5 2646.5 2640 2644.64 2649.83 
2647.7 2641 2649.7 2608.17 2945.8 2633.83 2610.83 2650.17 
2945.8 2615.83 2945 2945 2945 2945 2945 2945 
2945 2945 2945 2945 2945 2945 2945 2945 
2945 2945 2945 2945 2945 2945 2945 2945 
2945 2945 2945 2945 2945 2945 2945 2945 
# RVDC U2 t0 parameters 
2634.6 2934.9 2934.9 2934.9 2934.9 2934.9 2934.9 2934.9 
2934.9 2934.9 2934.9 2934.9 2617.17 2934.9 2625.5 2700.5 
2609.83 2620.5 2606 2620.5 2610.9 2618 2636 2630 
2626.79 2622.72 2631.5 2630 2626 2625.75 2628.06 2635.7 
2629.9 2631.61 2631.39 2626.3 2629.58 2626.77 2631.72 2629.7 
2632.21 2630.1 2630.95 2632.3 2626.28 2630.17 2631.79 2625.9 
2628.5 2628.86 2628.39 2626.57 2628.7 2628.03 2630.76 2631.83 
2628.33 2624.28 2628.88 2633.5 2626.27 2630.28 2629.17 2625.3 
2630.3 2625.42 2628.57 2631.33 2628.03 2627 2632.93 2625.77 
2628.7 2626.03 2626.21 2625.87 2631.17 2624.83 2627.95 2630.5 
2629.28 2630.06 2629.83 2629.17 2627.93 2630.74 2634.43 2631.67 
2629.09 2630.7 2629.25 2629.59 2627.9 2622.75 2629.67 2625.5 
2634.58 2634.23 2635.31 2632.55 2638.68 2633.77 2634.5 2632.3 
2633.61 2636.5 2636.68 2632.6 2633.27 2632.9 2633.25 2632.17 
2636.83 2632.15 2636.21 2634.38 2633.94 2638.3 2631.92 2631.88 
2631.66 2633.5 2632.5 2632.5 2635.75 2635.5 2634.67 2631.38 
2632.92 2634.19 2634.41 2634.32 2632.61 2634.88 2634.36 2633.93 
2631.82 2637.97 2634.4 2635.33 2635.97 2633.83 2632.41 2632.27 
2636.4 2635.9 2638.38 2634.24 2637.32 2636.5 2634.25 2638.03 
2632.18 2636.08 2634.07 2635.14 2632.5 2632.38 2636.04 2631.63 
2631.21 2635.21 2635 2635.03 2638.27 2636.12 2635.94 2633.4 
2635.79 2637.14 2637.83 2634.72 2637.03 2634.03 2634.79 2634.75 
2642.5 2635.22 2639.5 2637.12 2637.68 2637.9 2638.57 2636.62 
2633.83 2634.2 2637.24 2638.2 2635.41 2632.59 2632.64 2630.23 
2639.38 2631.4 2631.5 2633.62 2638.04 2636.5 2632.38 2632.97 
2632.64 2634.63 2630.36 2636.9 2630.94 2632.04 2634.38 2634.79 
2638.72 2637.66 2636.33 2632.8 2636.07 2632.8 2634.39 2636.21 
2636.79 2633.75 2631.33 2632.41 2631.92 2635.79 2632.3 2635.38 
2637.62 2633.77 2635.3 2636.94 2635.97 2632.13 2641.83 2634.78 
2636.24 2641.79 2635.97 2638.21 2635.5 2634.5 2638.72 2638.5 
2636.1 2629.23 2634.81 2635 2636.55 2635.37 2636.56 2640.93 
2631.8 2633.07 2633.07 2634.12 2631.72 2634.03 2633.11 2628.26 
2638 2634.93 2637.5 2636.75 2637.79 2640.46 2637.77 2640.5 
2636.83 2638.75 2638.82 2636.27 2641.93 2633.25 2638.17 2635.39 
2638.37 2635.5 2634.19 2636 2640.33 2639.26 2636.66 2637.61 
2635.75 2631.54 2632.76 2636.07 2632.65 2631.29 2631.65 2635.12 
2640.9 2641.65 2639.95 2642.29 2644.94 2641.5 2642.83 2640.36 
2641.62 2642.1 2641.28 2642.38 2642.28 2644.39 2639.9 2635.26 
2643.5 2640.82 2642.2 2644.85 2643.93 2644.26 2639.77 2642.9 
2643.03 2640.92 2642.83 2642.76 2639.97 2639.35 2637.5 2640.79 
2642.5 2641.06 2644.28 2640 2644.5 2641.64 2642.19 2637.23 
2643.17 2639.7 2636.75 2642.77 2640.5 2636.5 2643.25 2632.5 
2636.83 2641.83 2641.9 2629.5 2637.3 2638.5 2644 2613.17 
2616.64 2635 2605.1 2625 2943.2 2633.5 2628.17 2943.2 
2943.2 2943.2 2943.2 2943.2 2943.2 2943.2 2943.2 2943.2 
2943.2 2943.2 2943.2 2943.2 2943.2 2943.2 2943.2 2943.2 
# RVDC V1 t0 parameters 
2649.3 2943.8 2943.8 2943.8 2943.8 2943.8 2943.8 2943.8 
2943.8 2943.8 2943.8 2943.8 2943.8 2943.8 2943.8 2943.8 
2943.8 2943.4 2611.83 2604.83 2609.5 2613.5 2631.83 2650.5 
2648.83 2605.83 2641.17 2641.5 2627 2649.9 2647.5 2641 
2643.5 2638.7 2652.9 2645.39 2645.36 2640.83 2637.64 2646.83 
2645.5 2645.17 2646.5 2643.17 2646.5 2647.68 2650.7 2644.06 
2647.7 2644.23 2647.1 2645.1 2647 2645.5 2644.9 2651 
2642.63 2643.25 2642.38 2643.77 2643.97 2644.93 2642.64 2643.95 
2645.5 2643.5 2646.33 2645.33 2646.39 2644.7 2647.25 2643 
2644.46 2649.12 2644.45 2649.04 2644.74 2642 2642.12 2643.5 
2647.28 2642 2649.5 2645.61 2647.23 2642.5 2644.91 2645.17 
2642.83 2640.63 2644.5 2644.05 2642.93 2641.07 2640.5 2642.04 
2647.5 2647.88 2648.25 2647.5 2645.34 2644.92 2643.5 2646.5 
2646.15 2644.97 2646.5 2644.72 2644.6 2647.7 2647.77 2645.12 
2649.21 2643.26 2649.5 2646.12 2644.9 2646.15 2644.5 2644 
2646.02 2645.7 2646.5 2644.1 2646.19 2649.17 2644.27 2645.5 
2646.5 2645.26 2648.03 2645.82 2647.34 2648.06 2643.77 2647.1 
2644.64 2647.5 2646.12 2647.97 2644.62 2649.9 2646.5 2643.16 
2647.3 2643.4 2646.35 2643.35 2647.5 2643.6 2648.63 2645.88 
2642.62 2643.77 2648.3 2648.23 2642.82 2643.39 2647.23 2642.19 
2648.43 2646.03 2645.43 2643.21 2647.71 2645.83 2649.64 2646.79 
2649.42 2647.32 2651.36 2649.93 2651.97 2646.84 2650.75 2647 
2648.77 2647.5 2648.79 2648.77 2646.28 2649.35 2645.97 2647.21 
2646.61 2646.5 2645.64 2647.66 2645.8 2642.44 2646.5 2645.88 
2649.08 2648.39 2649.83 2647.76 2654.5 2648 2647.62 2650 
2650.5 2649.7 2649 2648.88 2651.65 2646.33 2653 2645.28 
2648.11 2647.94 2650.92 2648.9 2648.88 2647.21 2647.88 2648.66 
2650.8 2647.92 2651.61 2645.23 2648.56 2643.83 2645.64 2646.75 
2649.92 2650.81 2644.77 2646.5 2646.83 2649.44 2644 2647.83 
2648.64 2646.05 2646.33 2646 2645.61 2645.88 2647.21 2648.62 
2647.93 2642.83 2648.36 2647.23 2646.19 2645.75 2648.6 2646.3 
2642.76 2646.67 2647.21 2649.24 2645.1 2648.26 2645.55 2640.7 
2653.1 2647.39 2646.1 2646.92 2648.05 2648.83 2649.28 2647.5 
2651.15 2648.5 2646.98 2650.17 2648.66 2646.5 2650 2650.61 
2647.9 2644.94 2648.12 2644.09 2646.46 2645.25 2648.26 2645.5 
2647.07 2648.29 2646.87 2649.93 2644.62 2646.19 2645.19 2647.07 
2654.23 2646.12 2648.18 2652.8 2647.8 2651.06 2655.17 2648.7 
2651.59 2650.33 2651.2 2652.7 2645.77 2643.91 2653.12 2650.86 
2651.67 2650.5 2647.86 2647.5 2651 2647.9 2651.25 2649.61 
2648.77 2648.5 2642.5 2651.75 2647.9 2646.25 2647.5 2642 
2653.3 2638.17 2648.5 2645.17 2653.5 2650.1 2648.3 2643.9 
2636 2650.3 2611 2954.4 2652 2643.5 2619.83 2614.5 
2954.4 2952.5 2952.5 2952.5 2952.5 2952.5 2952.5 2952.5 
2952.5 2952.5 2952.5 2952.5 2952.5 2952.5 2952.5 2952.5 
2952.5 2952.5 2952.5 2952.5 2952.5 2952.5 2952.5 2952.5 
2952.5 2952.5 2952.5 2952.5 2952.5 2952.5 2952.5 2952.5 
# RVDC V2 t0 parameters 
2652.7 2945.8 2945.8 2945.8 2945.8 2945.8 2945.8 2945.8 
2945.8 2945.8 2945.8 2647.5 2628.17 2945.8 2634.5 2610.17 
2636.83 2635.17 2647.5 2644.5 2640.5 2645.5 2642.5 2640.93 
2640.3 2641 2643.75 2642.07 2641.36 2640.61 2641.83 2644.5 
2644.5 2642.14 2645.75 2646.83 2644.32 2645.5 2645.36 2642.41 
2644.5 2643.12 2644.68 2644.3 2646.39 2642.23 2645.83 2645 
2647.72 2640.21 2643.88 2640.17 2643.03 2641.23 2643.32 2641.07 
2646.06 2643.62 2641.36 2637.93 2643.36 2643.3 2645.25 2645.28 
2642.83 2640.23 2642.36 2643.3 2641.97 2642.9 2642.65 2644.88 
2639.5 2639.5 2644.67 2643.3 2641.96 2641.58 2641.35 2645.61 
2641.06 2639.32 2641.5 2640.64 2639.1 2641.77 2642.62 2641.85 
2639.05 2641.67 2639.17 2637.79 2640 2637.07 2637.55 2637.38 
2644.61 2641.65 2645.38 2641.5 2640.39 2642.75 2645.75 2642.3 
2643.98 2643.13 2645.14 2645.93 2641.68 2641.7 2647.1 2644.21 
2643.1 2642.17 2640 2639.93 2645.58 2643.05 2640.7 2644.23 
2638.14 2639.25 2640.96 2639.34 2637.12 2637.5 2636.83 2638.81 
2640 2637.2 2640.58 2641.77 2637.93 2639.42 2637.64 2639.5 
2637.62 2637.91 2639.5 2641.61 2639.44 2639.5 2640.97 2636.89 
2648.25 2643.31 2643.83 2642.81 2647.42 2643 2644.96 2643.83 
2643.26 2639.32 2641.71 2641.5 2639.97 2639.59 2644.71 2640.41 
2640.79 2639.7 2642.83 2642.21 2645.9 2643.63 2645.95 2640.59 
2644.93 2643.1 2643.35 2643.92 2644.79 2643.76 2643.72 2643.35 
2646.33 2643.37 2643.65 2638.93 2641.2 2642.44 2643.55 2641.39 
2639.23 2643.03 2635.36 2642.79 2640.02 2636.06 2636.8 2640.1 
2645.92 2644.03 2642.97 2646.66 2648.62 2647.04 2644.38 2644.37 
2645.3 2645.06 2647.58 2642.61 2645.98 2646.17 2645.44 2646.2 
2646.72 2644.28 2642.5 2647.17 2646.56 2646.61 2645.83 2640.88 
2642.59 2639.56 2644.72 2643.74 2641.5 2643.4 2646.1 2644.72 
2650.05 2647.13 2648.06 2643.71 2645.39 2645.19 2647.25 2645.95 
2649.14 2641.3 2645.5 2643.66 2645.14 2646.36 2646.88 2644.5 
2644.74 2642.61 2645.85 2643.97 2644.07 2641.71 2646.03 2645.36 
2641.39 2641.29 2645.06 2641.17 2647.88 2639.62 2642.12 2644.1 
2645.6 2641.85 2646.21 2645.24 2646.5 2646.75 2646.62 2646.8 
2644.4 2646.26 2644.37 2646.04 2644.5 2644.6 2643.77 2644.28 
2649.38 2644.75 2645.08 2644.38 2643.33 2643.22 2646.08 2645.93 
2641.42 2640.79 2641.26 2641.92 2641.36 2641.97 2642.95 2641.05 
2654.74 2653.07 2652.18 2649.42 2649.58 2650.8 2652.17 2648.64 
2651.93 2652.17 2650.17 2649.5 2650.25 2649.44 2650.2 2649.03 
2647.36 2644.14 2652.1 2648.1 2648.72 2647.79 2647.63 2644.28 
2649.1 2647.07 2650 2648.67 2646.25 2646.79 2648.83 2645.64 
2641.73 2638.93 2642.5 2642.62 2650.7 2642.1 2644.1 2648.17 
2649.9 2642.65 2643.96 2637.5 2646.1 2647.79 2647.79 2637.83 
2645.36 2647.64 2650.3 2639.5 2645.79 2635.5 2638.5 2646.5 
2639.83 2632.3 2629.83 2638.5 2638.5 2634.83 2952.3 2952.3 
2952.3 2942.4 2942.4 2942.4 2942.4 2942.4 2942.4 2942.4 
2942.4 2942.4 2942.4 2942.4 2942.4 2942.4 2942.4 2942.4 
# LVDC U1 t0 parameters 
2947.1 2947.1 2947.1 2947.1 2934.5 2940 2933.17 2947.1 
2931.5 2930.5 2947.1 2929 2924.5 2936 2916 2933.5 
2937.7 2938.17 2933.83 2937.9 2936 2939.17 2941.3 2944 
2925.17 2930 2937.17 2918.83 2926 2925.83 2932.17 2929.5 
2938.1 2938 2920.1 2938.5 2942 2931.5 2940.3 2933.79 
2936.21 2936.79 2939.5 2938.5 2937.75 2935.75 2934.25 2935.93 
2938.5 2940.17 2936.3 2940.5 2938.93 2941.17 2939.33 2940 
2940.17 2935.7 2935.5 2934.5 2937.5 2937.17 2937.9 2932.05 
2936.83 2935.06 2939.83 2937.58 2938.21 2940.88 2939.41 2937.15 
2938.59 2941.5 2937.9 2941.06 2940.75 2937.5 2938.95 2936.14 
2942.67 2943.5 2940.23 2941.64 2940.9 2942.3 2945.04 2943.14 
2937.12 2940.5 2936.35 2942.7 2938.7 2937.19 2941.9 2936.96 
2947.17 2947.93 2942.25 2946.3 2946.39 2945.25 2945.12 2945.06 
2944.5 2945.73 2944.38 2947.5 2941.77 2944.88 2943.32 2948 
2945.25 2941.65 2944.33 2938.37 2940.93 2939.17 2943.5 2943.95 
2943.61 2938 2946.94 2939.42 2940.83 2939.23 2941.61 2940.12 
2945.07 2942.97 2944.36 2940.77 2945.68 2943.07 2939.33 2938.42 
2940.36 2941.75 2943.5 2940.12 2938.93 2941.5 2940.81 2934.59 
2940.93 2940.63 2935.61 2941.14 2940.81 2937.67 2942.5 2940.1 
2938.33 2936.55 2938 2937.17 2938.95 2935.67 2935.86 2933.91 
2939.23 2934.88 2938.28 2937.41 2938.21 2936.63 2939.6 2937.44 
2936.5 2939.93 2937.33 2939.27 2936.03 2936.35 2938.1 2935.68 
2938.41 2935.94 2936.45 2936.33 2938.75 2936.33 2937.9 2934.5 
2935.19 2936.5 2934.32 2936.5 2937.5 2932.37 2933.6 2934.95 
2947.67 2945.83 2942.68 2947.67 2945.64 2945.42 2947.3 2944.5 
2947.75 2943.21 2943.36 2941.32 2942.3 2943.77 2941 2940.61 
2945.38 2937.55 2943.5 2938.5 2943.65 2944.21 2942.1 2944.7 
2942 2939.1 2944.75 2938.23 2938.15 2940.03 2940.03 2939.5 
2941.83 2941.5 2940.33 2939.15 2944.07 2941.3 2946.5 2944.5 
2942.83 2942.67 2947.83 2946.32 2944.67 2940.1 2941.23 2942.77 
2941.45 2937.07 2942 2938.88 2943.32 2940.58 2941.5 2942.61 
2939.02 2937.79 2938.9 2939.29 2936.37 2937.42 2941.33 2935.9 
2946.39 2944.32 2942.12 2942.74 2946.5 2944.27 2944.42 2943.39 
2944.3 2942.5 2943.7 2943.17 2941.67 2942.81 2946.19 2942.21 
2944.21 2943.75 2941.06 2944.15 2944 2944.3 2944.83 2946.95 
2940.62 2943.35 2940.88 2942.06 2942.23 2944.17 2939.39 2938 
2944.58 2944.25 2945.81 2946.38 2946.38 2945.17 2944.3 2946.93 
2947.04 2949.5 2945.77 2946.9 2944.33 2941.33 2943.5 2943 
2944.5 2945.83 2938.25 2944.5 2943.61 2942.9 2941.28 2944 
2944 2939.17 2941.28 2938 2942.5 2940.5 2943.5 2942.17 
2949.5 2942.9 2946.36 2942.7 2941.5 2938.83 2905.5 2930.5 
2942.83 2938.17 2940.3 2944.06 2944.5 2939.21 2940.1 2923.25 
2944.21 2945 2925.5 2938 2937.1 2928 2904.9 2905 
2945 2913.83 2945 2943.17 2938.5 2935.17 2939.5 2913.5 
2945 2945 2945 2945 2945 2945 2945 2945 
2945 2945 2945 2945 2945 2945 2945 2644 
# LVDC U2 t0 parameters 
2934.9 2934.9 2914.17 2912.83 2912.17 2934.9 2928.5 2927.5 
2924 2930.17 2923.5 2927.83 2932.5 2912.83 2911.83 2923.5 
2927.5 2916.5 2906.3 2927.5 2923.17 2908.83 2925.5 2925.5 
2930.4 2930.4 2927.17 2924 2928.17 2923.83 2929 2926.1 
2929.7 2928.5 2927.21 2931.9 2928.25 2927.17 2931.83 2925.3 
2927.36 2927.21 2928.3 2929.28 2930.7 2928.06 2928.7 2925.1 
2927.61 2929 2926.58 2928.33 2928.3 2932.83 2930.39 2931.21 
2927.79 2926.9 2929.14 2929.25 2923.77 2929.07 2929.95 2928.32 
2932.17 2930.1 2932 2927.33 2927.19 2931.61 2930.25 2935.5 
2930.32 2931.9 2931.25 2929.65 2929.68 2927.81 2932.5 2929.39 
2927.23 2926.83 2926.1 2923.5 2926.5 2929.17 2927.67 2931.75 
2925.68 2925.1 2930.64 2925.39 2923.07 2925.83 2926.1 2926 
2941.5 2938.61 2939.72 2937.5 2939.5 2938.9 2939.57 2943.25 
2938.5 2938.3 2937.5 2941.77 2941.9 2941.5 2938.83 2938.3 
2937.5 2938.7 2940.3 2936.1 2938.06 2940.06 2939.5 2937.1 
2938.5 2932 2937.3 2939.21 2936.7 2938.41 2934.23 2934.77 
2937.61 2937.9 2935.9 2934.14 2935.14 2933.5 2934.43 2937.75 
2933.5 2936.14 2936.39 2933.9 2934.17 2931.42 2935.39 2929.5 
2934.75 2930.19 2934.5 2931.64 2933.07 2931.86 2933.14 2930.79 
2934.5 2932.68 2931.75 2930.68 2932.23 2933.94 2929.62 2927.5 
2937.95 2933.95 2936.3 2933.35 2936.61 2933.77 2938.75 2936.33 
2936.5 2933.21 2933.62 2936.7 2933.06 2933.27 2932.67 2933.23 
2935 2938.25 2939.3 2934.9 2936.5 2939.28 2936.12 2933.66 
2931.5 2931.93 2932.75 2932 2930.77 2931.25 2930.9 2933.19 
2937.03 2936.21 2943 2934.07 2935.5 2935.88 2937.36 2933.83 
2936.58 2934.38 2933.95 2936.61 2937.7 2936.5 2935.62 2934.5 
2934.67 2937.3 2939.1 2936.03 2938.75 2938.36 2938.5 2935.21 
2935.5 2934.75 2939.17 2935.79 2934.65 2939.68 2932.97 2932.41 
2938.44 2941.25 2936.94 2939.36 2939.65 2939.25 2940.83 2942.12 
2938.06 2940.86 2941.5 2944.68 2939.07 2941.83 2937.93 2936.64 
2943.1 2935.36 2935.85 2940.93 2935.68 2935.83 2940.59 2938.21 
2935.62 2935.83 2936.17 2935.5 2935.83 2937.77 2935.41 2935.32 
2941.14 2936.9 2939.3 2937.5 2937.13 2938.25 2938.1 2937.5 
2937.86 2937.63 2935.75 2937.75 2935.61 2935.5 2932.83 2934.93 
2939 2938.21 2934.57 2936.27 2937.67 2940.5 2939.05 2935.83 
2935.5 2934.7 2935.86 2935.17 2935.14 2935.5 2933.88 2936.03 
2943.66 2943.88 2946.41 2942.03 2946.3 2943.7 2944.88 2945.17 
2942.9 2944.88 2943.06 2945 2943.39 2939.5 2941 2941.03 
2941.37 2939.73 2942.1 2937.83 2940.5 2940.9 2939.32 2937.68 
2943.25 2939.91 2940.07 2940.68 2937.5 2937.28 2938.33 2936.37 
2942.5 2938.39 2942.83 2939.56 2938.9 2939.3 2942.07 2942.25 
2939.32 2941.61 2937.5 2936.36 2939.94 2938.3 2940.75 2935.5 
2942.1 2936.75 2937 2935.3 2940.1 2935.1 2945 2939.5 
2936.5 2933.83 2933 2937.17 2937.5 2928.5 2938.5 2930.5 
2926.5 2935.5 2930.83 2940.9 2943.2 2929.17 2938.5 2913.5 
2943.2 2943.2 2943.2 2943.2 2943.2 2943.2 2943.2 2947.1 
# LVDC V1 t0 parameters 
2943.8 2943.8 2943.8 2934.17 2943.8 2911.17 2913.83 2924.5 
2921.5 2934.5 2927.83 2943.8 2942 2938.5 2935.83 2943.8 
2943.7 2922.17 2909.3 2942.5 2927.83 2937.5 2940.5 2941 
2942.5 2943.5 2908 2939.9 2929 2943.4 2937 2936.9 
2941.5 2941.17 2937.5 2936.5 2937.5 2938.17 2942.3 2936.72 
2936.75 2940.5 2939.5 2943.21 2938.77 2936.9 2942.77 2940.5 
2940.36 2940.3 2937.3 2942.75 2941.25 2939.5 2944.5 2945.83 
2939.5 2939.28 2939.5 2938 2941.83 2934.33 2936.83 2936.7 
2944.9 2943.06 2945 2942.06 2943.14 2945.5 2943.7 2947.06 
2945.61 2939.94 2942.41 2943 2946.5 2941.87 2945.17 2939.3 
2943.5 2942.32 2946.07 2940.39 2946.06 2945.83 2941.17 2946.5 
2941.29 2939.77 2939.15 2941.95 2941.33 2940.64 2943.3 2940.59 
2948.5 2949.5 2949.3 2944.5 2953.25 2948.38 2947.33 2947.7 
2948.5 2952.1 2949.9 2946.94 2950.19 2945.28 2947.95 2948.1 
2949.32 2946.35 2945.68 2948.33 2952.39 2951.14 2951.9 2949.5 
2949.03 2949.36 2947.95 2948.3 2947.1 2945.41 2946.36 2944.77 
2951.68 2947.9 2945.73 2948.95 2949.32 2948.5 2944.83 2947.62 
2945.7 2941.96 2947.5 2943.38 2945.39 2942.83 2946.07 2942.75 
2945.59 2943.39 2949.07 2943.5 2948.67 2947.3 2946.77 2948.25 
2942.25 2940 2944 2943.91 2941.21 2944.5 2940.5 2940.39 
2944.5 2944.64 2943.5 2944.79 2948 2949.17 2948.81 2947.64 
2945.83 2948.1 2944.59 2943.37 2948.5 2943.5 2949.12 2946.1 
2945.07 2943.68 2947.25 2944.23 2942.93 2941.58 2947.67 2946.28 
2943.09 2941.5 2942.32 2940.3 2939.3 2943.9 2940.5 2941.1 
2949.06 2943.41 2947.94 2948.81 2945.17 2947.79 2949.5 2944.83 
2946.07 2945.5 2948 2952.7 2946.79 2948.07 2944.1 2943.73 
2945.06 2947.75 2947.83 2949.07 2948.33 2946.5 2946.93 2947.73 
2943.94 2943.61 2942.86 2945.04 2943.29 2944.88 2943.03 2948.39 
2945.76 2944.56 2948.41 2947.88 2945.3 2944.21 2947.23 2946.88 
2948.06 2944.62 2949.75 2949 2947.65 2944.15 2944.36 2945 
2950.32 2946 2947.83 2948.33 2950.27 2948.1 2946.93 2949.9 
2945.26 2946.5 2945.29 2945.64 2947 2943.5 2943.9 2942.7 
2952.77 2947.38 2950.67 2950.97 2950.62 2951.33 2949.58 2947.77 
2948.57 2953.04 2949.3 2947.5 2945.43 2950.07 2947.7 2945.79 
2953.05 2949.94 2952.75 2950.37 2949.25 2954.57 2955.17 2951.88 
2948.7 2948.5 2950.33 2947.63 2946.79 2948.3 2946.3 2949.17 
2956 2956.67 2955.07 2952.5 2951.64 2956.5 2952.73 2957.32 
2950.83 2951.17 2952.5 2951.14 2955.5 2947.17 2954.5 2947.5 
2952.08 2950.67 2956.83 2950.5 2953 2953.28 2945.32 2951.5 
2952.79 2947.5 2950.25 2946.5 2949.5 2949.83 2950.83 2946.28 
2954.3 2943.93 2951.75 2950.25 2951.9 2945.5 2945.5 2923.5 
2946.5 2950.17 2950.5 2947.5 2939.7 2951.83 2945.83 2940.17 
2950.83 2940.21 2952.5 2947.5 2910.5 2950.5 2947.5 2938 
2942.83 2952.5 2926.83 2955.5 2952.5 2924.5 2952.5 2915.17 
2952.5 2952.5 2952.5 2952.5 2952.5 2952.5 2952.5 2952.5 
2952.5 2952.5 2952.5 2952.5 2952.5 2952.5 2952.5 2947.1 
# LVDC V2 t0 parameters 
2945.8 2945.8 2945.8 2945.8 2940.17 2906.17 2913.17 2926.5 
2930.7 2908 2939.5 2933.5 2935.3 2935.5 2937.17 2939 
2914.5 2927.5 2904 2932.83 2938.5 2912.5 2936.1 2905 
2929.7 2934.83 2933.3 2937.3 2934.1 2931.5 2935.5 2934.1 
2936.28 2935.7 2933.5 2937.06 2941.7 2938.25 2939.9 2938.5 
2938.1 2936.5 2938.61 2934.79 2940.5 2933.14 2937.17 2936.7 
2935.17 2928.5 2941.64 2935 2937.5 2937.5 2936.17 2935.83 
2935.07 2936.93 2936.83 2934.79 2936.75 2931.14 2936.95 2935.17 
2940.25 2936.07 2944.17 2936.94 2945.5 2941.28 2943.42 2937.67 
2940.32 2939.05 2942.06 2937.3 2940.17 2938.5 2936.68 2939.9 
2939.5 2938.83 2936.5 2939.83 2944.9 2938.25 2939.39 2939.5 
2939.14 2939.17 2940.94 2934.5 2939.05 2938.42 2934.86 2939.1 
2947.17 2946.21 2948.05 2942.5 2949.81 2946.88 2945.61 2948.5 
2946.15 2941.5 2942.86 2944.39 2944.58 2948.9 2942.12 2942.1 
2947.06 2943.12 2948.9 2942.5 2949.5 2944.94 2944.86 2945.36 
2938.3 2942.1 2940.88 2942.14 2939.83 2941.5 2941.17 2937.32 
2941.79 2935.68 2935.5 2936 2938.1 2937.05 2934.35 2935.67 
2936.7 2931.88 2937.19 2933.44 2934.5 2933 2933.58 2932.32 
2941.5 2937.04 2942.42 2939.1 2941.12 2942.25 2942.93 2939.07 
2940.83 2938.61 2937.83 2939.41 2935.28 2936.5 2934.61 2931.64 
2936.88 2934.67 2939.1 2936.72 2939.05 2942.72 2936.83 2940.95 
2937.12 2940.41 2942.14 2939.07 2938.42 2937.07 2937.83 2936.04 
2942.64 2940.7 2938.42 2942.25 2938.64 2938.7 2941 2938.68 
2934.9 2935.5 2937.34 2936.12 2936.63 2932.29 2938.5 2936.1 
2945.76 2940.42 2941.62 2940.55 2943.3 2939.37 2942.5 2942.14 
2942.5 2941.74 2942.88 2942.9 2939.93 2943.41 2941.72 2942.93 
2940.83 2941.63 2940.07 2939.87 2941.5 2939.7 2941.93 2939.75 
2938.36 2936.58 2939.3 2938.5 2940.7 2937.64 2942.42 2933.44 
2940.64 2941.82 2941.29 2940.77 2941.83 2942.68 2943.68 2939.93 
2941.63 2941.15 2944.62 2942.38 2941.72 2939.75 2941.2 2940.57 
2942.06 2943.7 2946.83 2944.27 2943.25 2939.93 2939.1 2944.5 
2938.64 2944 2940.61 2938.12 2940.5 2940.76 2941.27 2937.74 
2948.1 2939.39 2945.1 2942.73 2940.7 2939.5 2943.04 2944.17 
2942.39 2941.68 2940.1 2943 2942.45 2942.39 2942.79 2939.23 
2942.17 2944.73 2940.72 2941.33 2942.35 2941.5 2943.64 2941 
2939.86 2934 2939.5 2936.62 2940.68 2941.7 2941.35 2937.1 
2947.88 2947.83 2947.6 2944.45 2950.7 2949.93 2944.61 2948.38 
2947.36 2951.25 2951.5 2951.3 2947.62 2947.5 2946.25 2947.33 
2945.83 2945.1 2947.9 2946.83 2952.1 2945.1 2943.7 2947.41 
2945.5 2939.83 2943.17 2942.64 2939.65 2943 2941 2938.21 
2945.39 2943.06 2947.25 2947.06 2950.93 2945.79 2947.75 2941.1 
2943.21 2946.64 2942.7 2941.17 2946.3 2941 2945.25 2943.1 
2940.21 2940 2950.5 2945.36 2949.07 2947.5 2941.64 2947 
2947 2944.93 2940.5 2945.5 2936 2944 2943 2933 
2932.9 2926.5 2937.5 2905.5 2931.5 2924 2917.7 2942.4 
2927 2915.83 2942.4 2942.4 2942.4 2942.4 2942.4 2947.1 
