# RVDC U1 t0 parameters 
2644 2947.1 2947.1 2947.1 2947.1 2947.1 2947.1 2947.1 
2947.1 2947.1 2947.1 2947.1 2947.1 2947.1 2947.1 2947.1 
2947.1 2944 2944 2944 2944 2631.17 2627.17 2606.5 
2607.5 2944 2629.1 2635.5 2609.17 2630.17 2632.5 2634 
2636.7 2634.25 2640 2631.79 2637.9 2640.5 2641.36 2636.1 
2639.06 2640.94 2634.28 2641.7 2638.3 2639.64 2640.5 2638.64 
2643.9 2637.1 2640.5 2635.86 2641.5 2637.7 2642.25 2640.79 
2637.95 2641.58 2639.79 2638.83 2636.7 2634.64 2634.67 2638 
2643.17 2638.5 2640.21 2637.21 2646 2638.1 2638.33 2643.83 
2642.86 2642.9 2639.83 2643.64 2637.17 2641.21 2637.93 2641.04 
2634.61 2636.5 2635.3 2629.5 2637.93 2639.67 2639.17 2634.21 
2631.62 2634.79 2636.75 2635.86 2631.8 2630.63 2635.26 2631.98 
2644.2 2641.95 2641.58 2637.4 2639.62 2640 2641.23 2639.12 
2639.8 2642.96 2641.02 2639.83 2642.64 2638.9 2641.36 2639.26 
2645.91 2640.9 2639.9 2641.12 2644.24 2642.5 2641.26 2641.79 
2639.58 2639.79 2645.79 2640.03 2640.72 2640.06 2640.9 2640.35 
2646.7 2644.03 2645.25 2641.25 2647.79 2644.97 2647.1 2647.83 
2643.75 2643.5 2641.83 2646.32 2645.5 2640.69 2644.3 2641.57 
2644.39 2640.77 2641.79 2641.72 2644.03 2640 2644.61 2643.59 
2640.24 2639.26 2640.03 2638.64 2642.91 2639.71 2643.62 2639.2 
2642.4 2640.59 2645.28 2641.5 2645.5 2648.5 2644.23 2646.21 
2647.97 2644.93 2644.9 2646.79 2647.27 2645.17 2648.03 2645.33 
2649.44 2643.5 2646.85 2650.07 2650.75 2644.41 2646.3 2645.71 
2645.2 2642.13 2647.5 2640.19 2644.07 2640.83 2645.5 2640.21 
2646.61 2643.72 2645.77 2643.45 2646.03 2645.38 2645.5 2645.07 
2652.5 2643.83 2647.75 2648.5 2645.5 2645.93 2648.9 2643.72 
2643.67 2641.54 2647.26 2644.54 2644.83 2644.59 2648 2648.74 
2642.68 2640.95 2643 2644.4 2643.5 2644.14 2643.35 2646 
2648 2644.07 2640.5 2644.64 2646.23 2643.28 2644.08 2645.17 
2642 2645 2645.75 2644.08 2643.83 2644.02 2641.58 2645.19 
2644.72 2641.97 2643.3 2641.33 2645.5 2642.4 2644.9 2645.5 
2646.39 2638.94 2644.93 2641.98 2643.4 2644.61 2643.88 2646.93 
2648.98 2647.55 2651.46 2646.8 2650.17 2647.9 2647.93 2647.05 
2646.83 2649.15 2649.17 2647.24 2648.33 2647.5 2649.21 2647.17 
2648.06 2641.11 2645.4 2645.74 2643.83 2644.55 2645.79 2646.38 
2641.5 2642.25 2644.94 2642.21 2647.13 2645.08 2641.75 2641.55 
2648.5 2645.79 2650.95 2652.32 2648.39 2646.36 2644.62 2647.97 
2642.85 2648.65 2648.57 2642.39 2649.19 2649.5 2650.7 2650.1 
2645.9 2650.12 2654.9 2649.17 2653.35 2647.75 2647.81 2650.1 
2651.9 2642.5 2643.57 2647.9 2641.75 2643.75 2640.06 2637.1 
2647.5 2651.5 2649.41 2640.07 2653.5 2644.5 2639.3 2645.79 
2945.8 2619 2650.83 2945.8 2610.5 2637.17 2624.5 2643.5 
2945.8 2638.17 2612.17 2945 2945 2945 2945 2945 
2945 2945 2945 2945 2945 2945 2945 2945 
2945 2945 2945 2945 2945 2945 2945 2945 
2945 2945 2945 2945 2945 2945 2945 2945 
# RVDC U2 t0 parameters 
2634.6 2934.9 2934.9 2934.9 2934.9 2934.9 2934.9 2934.9 
2934.9 2934.9 2934.9 2934.9 2614.83 2934.9 2611.17 2622.5 
2934.9 2610.5 2621.5 2623.17 2623.83 2623.5 2627.5 2633 
2626 2626 2627.7 2624.3 2630 2627.5 2632.5 2626.93 
2630.5 2629.21 2631.9 2628.25 2630.19 2632.9 2633.1 2633.25 
2625.35 2631.96 2633.33 2628.14 2632.79 2629.94 2632.23 2635.5 
2630 2630.73 2630.5 2628.21 2629.1 2630.06 2631.33 2627.33 
2629.83 2627.27 2627.17 2629.12 2627.26 2626.36 2627.9 2625.33 
2632.9 2632.68 2628.25 2629.41 2633.5 2628.17 2627.12 2627.17 
2627.85 2629.42 2628.33 2629.5 2628.9 2628.9 2626.8 2627.36 
2635.12 2630.5 2630.64 2629.43 2624.79 2626.23 2630.72 2628.85 
2628.93 2628.94 2629.65 2628.33 2628.77 2625.86 2629.79 2627.41 
2638.36 2636.36 2635.94 2635.17 2637.17 2631.5 2634.77 2633 
2633.83 2633 2636 2631.75 2634.62 2633.09 2634.07 2635.5 
2639.23 2632.21 2636.72 2634.56 2638.68 2637.5 2632.5 2634.92 
2631.68 2634 2634.98 2634.83 2636.64 2632.07 2631.61 2631.63 
2634.91 2633.5 2635.71 2632.77 2635.19 2634.35 2632.07 2636.13 
2635.62 2635.12 2633.41 2632.5 2635.82 2633.6 2634.5 2632.39 
2635.39 2634.08 2637.03 2633.85 2636.14 2632.82 2635.56 2638.83 
2637 2636.88 2632.5 2632.57 2632.79 2633.06 2632.1 2632.03 
2636.56 2631.93 2637.32 2634.69 2634.81 2633.5 2638.25 2636.38 
2634.2 2635.91 2635.71 2638.97 2635.2 2635.3 2638.2 2635.15 
2638.75 2636.23 2637.12 2635.03 2638.5 2636.56 2636.93 2636.03 
2632 2636 2631.5 2631.13 2635.88 2635.23 2632.37 2630.82 
2636.93 2632.79 2638.97 2633 2635.2 2636.96 2634.28 2634.5 
2636.5 2633.07 2633.41 2633.8 2635.5 2634.79 2632.58 2633.5 
2636.5 2633.38 2633.05 2632.42 2635.69 2638.5 2637.24 2636.61 
2635.5 2632 2636.35 2633.26 2638.06 2635.5 2634.77 2633.37 
2643.1 2638.79 2640.63 2640.8 2636.59 2634.7 2637.74 2638.23 
2641.41 2637.83 2639.81 2641.79 2638.83 2637 2639.97 2634.94 
2638.36 2630.13 2632.75 2634.12 2630.96 2633.23 2632.83 2631.96 
2632.79 2632.17 2632.11 2632.36 2633.28 2634.44 2632.72 2630.2 
2639.72 2639.74 2638.45 2637.5 2639.17 2638.25 2636.8 2637.22 
2641.73 2638.58 2639.93 2638.5 2640.2 2637.1 2636.6 2640.62 
2641.1 2635.72 2636.43 2641.2 2636.5 2636.08 2637.27 2637.36 
2636.4 2631.42 2636.93 2638.86 2633.71 2636.5 2633.89 2633.95 
2646.37 2640.54 2640.32 2638.41 2640.5 2641.71 2640.87 2640.74 
2644.25 2639.05 2643.59 2641.4 2641.03 2638 2640.87 2637.59 
2644.19 2641.79 2641.79 2639.71 2642.26 2642 2644 2644.07 
2640.21 2641.5 2642.88 2642.5 2643.42 2637.26 2638.79 2638.96 
2640.98 2638.5 2639.88 2643.5 2639.21 2636.3 2640.05 2637.5 
2642.1 2640.93 2640.67 2639.14 2643.5 2633.5 2638.06 2636.1 
2633.39 2641.59 2623.5 2642.9 2644.64 2644.5 2641.1 2634.5 
2636.93 2633.5 2613.17 2632.5 2610.17 2636.5 2969.5 2943.2 
2943.2 2943.2 2943.2 2943.2 2943.2 2943.2 2943.2 2943.2 
2943.2 2943.2 2943.2 2943.2 2943.2 2943.2 2943.2 2943.2 
# RVDC V1 t0 parameters 
2649.3 2943.8 2943.8 2943.8 2943.8 2943.8 2943.8 2943.8 
2943.8 2943.8 2943.8 2943.8 2943.8 2943.8 2943.8 2943.8 
2943.8 2643.5 2607.17 2619.17 2621.17 2606 2636.5 2639.17 
2619.83 2639.17 2616.5 2608.83 2637 2642.5 2643.83 2605.5 
2649.5 2646.17 2650.1 2642.07 2646.5 2648.41 2647.17 2646.75 
2648.17 2645.83 2646.67 2635.65 2646.33 2643.5 2643.21 2641.5 
2649.86 2643.5 2644.94 2645.77 2646.9 2644.58 2644.5 2644.39 
2648.9 2644.7 2644.36 2644.3 2645.37 2645.33 2643.38 2644.67 
2646.5 2647.39 2645.6 2645.38 2648.17 2650.33 2645.1 2646.81 
2647.5 2646.35 2644.64 2644.41 2644.73 2644.95 2641.02 2642.4 
2646.56 2644 2644.28 2645.62 2646.5 2644.86 2644.13 2644.37 
2642.5 2641.77 2643.94 2638.87 2643.62 2641.59 2641.07 2640.38 
2646.21 2643.15 2644.64 2645.9 2644.3 2645.25 2646.04 2644.56 
2644.85 2645.09 2642.06 2646.93 2644.17 2642.12 2649.41 2646.27 
2647.95 2645.5 2646.24 2644.28 2649.14 2648.5 2646 2646.91 
2645.72 2643.12 2646.5 2646.74 2649.38 2646.81 2641.82 2642.72 
2648.03 2648.36 2646.73 2647.12 2648.88 2647.79 2647.62 2650.32 
2645.88 2645.42 2645.97 2646.5 2647.7 2647.06 2647.07 2644.5 
2650.5 2646.9 2644.35 2644.26 2646.9 2643.2 2646 2645.63 
2641.96 2644.62 2642.3 2647.12 2647.63 2645.64 2643.5 2643.09 
2651.05 2645.93 2645.62 2648.5 2649.25 2646.25 2648.1 2646.79 
2647.97 2650.76 2649.64 2648.58 2646.55 2645.81 2646.41 2645.83 
2649.46 2650.5 2649.23 2647.74 2646.55 2645.06 2647.6 2646.25 
2644.24 2646.17 2647.21 2644.7 2644.18 2644.56 2647.17 2645.07 
2653.73 2648.86 2648.42 2649.79 2649.7 2647.88 2649.88 2648.3 
2646.73 2649.93 2649.42 2647.89 2651.17 2649.95 2650.74 2648.85 
2648.67 2646.42 2650.2 2647.29 2653.21 2649.75 2645.02 2649.14 
2646.66 2646.12 2650.25 2651.08 2644.65 2649.72 2643 2648.5 
2648.83 2646.83 2646.91 2648.5 2645.38 2646.81 2651.06 2647.33 
2649.97 2646.45 2644.98 2649.62 2646.74 2648 2646.46 2646.64 
2648.39 2646.5 2646.68 2646.23 2647.88 2648.26 2649.37 2647.67 
2646.09 2647.1 2645.2 2646.68 2645.34 2644.06 2647.96 2645.17 
2651.7 2646.72 2648.75 2648.6 2647.76 2647.73 2651.1 2644.86 
2650.5 2648.68 2649 2646.65 2646.34 2645.35 2646.83 2643.85 
2646.2 2644.95 2643.64 2648.5 2644.86 2644.83 2645.1 2649.13 
2643.25 2642.9 2645.27 2648.09 2646.1 2643.55 2644.27 2645.73 
2655.05 2641.66 2647.77 2650.41 2648.92 2651.38 2653.68 2651.64 
2650.13 2650.26 2654.36 2652.5 2649.61 2647.12 2655.58 2651.75 
2648.5 2652.86 2649.83 2650.14 2650.5 2646.59 2649.68 2646.3 
2647 2649.36 2645.23 2650.94 2647.72 2646.36 2641.83 2644.3 
2650.3 2642.07 2651.21 2639.83 2652.5 2646.5 2649.5 2650.17 
2644.5 2645.5 2648.5 2640.83 2619.3 2605.17 2620.83 2640.17 
2621.5 2952.5 2952.5 2952.5 2952.5 2952.5 2952.5 2952.5 
2952.5 2952.5 2952.5 2952.5 2952.5 2952.5 2952.5 2952.5 
2952.5 2952.5 2952.5 2952.5 2952.5 2952.5 2952.5 2952.5 
2952.5 2952.5 2952.5 2952.5 2952.5 2952.5 2952.5 2952.5 
# RVDC V2 t0 parameters 
2652.7 2945.8 2945.8 2945.8 2945.8 2945.8 2945.8 2945.8 
2945.8 2945.8 2945.8 2609.83 2612.5 2639 2945.8 2642.17 
2905.5 2642.5 2644.1 2639.9 2653.5 2636 2642.36 2648.3 
2644.17 2639.5 2640.7 2642.17 2643.93 2641.93 2641.9 2643 
2643.23 2643 2646.9 2644.7 2644.81 2640.23 2642.83 2645.9 
2638.5 2642.65 2644.21 2645.94 2642.67 2646.5 2643.62 2642.77 
2643.79 2641.94 2644.06 2644.5 2643.07 2643.63 2643.1 2644.3 
2644.25 2644.14 2642.5 2646.27 2640.58 2641.83 2640.3 2641.9 
2644.9 2639.79 2645.06 2640.62 2645.06 2644.5 2643.98 2641.93 
2642.5 2642.5 2643 2644.9 2643 2642.5 2642.88 2644.33 
2641.43 2640.04 2639.4 2643.05 2643.41 2641.07 2642.25 2644.7 
2639.81 2642.9 2637.37 2641.17 2639.07 2638.61 2637.74 2635.62 
2646.43 2643.5 2642.79 2642.33 2645.23 2641.24 2646 2642.72 
2645.93 2644.21 2647.14 2646.5 2644.26 2642.5 2644.83 2643.12 
2642.12 2638.23 2640.79 2639.43 2641.5 2640.88 2640.4 2640.79 
2639.1 2636.94 2638.95 2640.6 2640.83 2640.5 2638.06 2639.07 
2642.93 2639.03 2640 2639.83 2640.77 2639.64 2636.58 2637.39 
2642.5 2639.64 2643.83 2637.3 2637.05 2636.93 2639.61 2637.45 
2643.77 2640.2 2644.28 2641.88 2645.66 2644.38 2643.78 2643.79 
2643.44 2640.97 2642.83 2639.61 2642.58 2640.42 2644.17 2640.81 
2643.59 2641.6 2644.21 2642.87 2642.41 2642.62 2642.83 2644.15 
2643.72 2643.29 2644.21 2643.77 2643.38 2643.91 2644.65 2644.38 
2646.07 2640.79 2644.39 2644.36 2642.6 2642 2645.35 2644.92 
2638.5 2642.41 2641.59 2640.34 2638.68 2639.86 2636.83 2639.65 
2646.6 2642.05 2643.9 2641.43 2644.33 2641.81 2646.58 2644.26 
2644.75 2643.29 2644.4 2645.83 2645.1 2646.7 2646.62 2643.25 
2644.58 2644.75 2646.17 2644.38 2644.86 2645.94 2641.58 2642.67 
2642.88 2645.21 2640.07 2644.97 2641.39 2642.5 2641.3 2640.6 
2646.61 2647.44 2650.9 2648 2645.93 2648.09 2644.64 2647.64 
2644.97 2645.5 2646.65 2650.9 2645.45 2644.18 2642.24 2640.42 
2642.69 2641.93 2640.73 2645.18 2640.77 2642.83 2643.82 2643 
2644.73 2640.38 2641.2 2643.17 2642.62 2643.3 2643.66 2640.63 
2646.55 2645.91 2647 2643.38 2642.83 2645.79 2643.42 2645.08 
2645.5 2644.17 2642.64 2648.05 2646.18 2644.56 2644.34 2642.89 
2646.1 2646.12 2645 2642.79 2645.5 2645.13 2643.91 2646.42 
2643.43 2643.24 2643.77 2643.75 2644.23 2643.26 2640.24 2639.12 
2652.88 2651.07 2652.88 2651.45 2648.57 2648.73 2652.03 2655.23 
2651 2652.25 2652 2648.25 2648.5 2649.64 2646.77 2645.26 
2648.72 2643.88 2647.76 2645.5 2646.02 2647.65 2648.5 2647.5 
2649.77 2647.25 2648.45 2648.5 2653.75 2644.58 2649.73 2646.8 
2648.36 2644.9 2641.59 2641.97 2646.57 2646.62 2646.72 2647.61 
2643.27 2647.17 2641.61 2647.75 2645.93 2643 2637.93 2644.5 
2621.7 2642.36 2646.5 2641.3 2631.5 2634.3 2646.5 2650.17 
2642.1 2619.5 2619.5 2618.5 2625.83 2623 2625.17 2952.3 
2952.3 2942.4 2942.4 2942.4 2942.4 2942.4 2942.4 2942.4 
2942.4 2942.4 2942.4 2942.4 2942.4 2942.4 2942.4 2942.4 
# LVDC U1 t0 parameters 
2947.1 2947.1 2947.1 2947.1 2947.1 2903.17 2940.17 2947.1 
2947.1 2920.3 2920.7 2947.1 2932.5 2935.17 2915 2947.1 
2931.5 2929 2935.83 2917.5 2925.5 2939.17 2939 2928.5 
2929.5 2934.5 2935.83 2944 2908.83 2926.17 2928.3 2928.36 
2933 2942 2934 2937.5 2937.17 2905.83 2943.83 2937.93 
2934.5 2932.83 2938.5 2937.83 2941.83 2943.5 2932.5 2938.5 
2940.3 2938.83 2938.36 2939.9 2941.94 2938.9 2939.17 2934.72 
2935.7 2938.83 2935.7 2936.83 2934.75 2936.25 2935.68 2932.64 
2940.32 2934.21 2936.72 2935.5 2942.5 2937.41 2937.9 2940.95 
2938 2936.17 2937.14 2939.79 2943.1 2939.64 2937.95 2934.7 
2942.06 2941.79 2939.07 2939.64 2941.7 2942 2944.64 2944 
2936.9 2937.25 2937.9 2939.3 2939 2939.32 2938.9 2939.5 
2942.93 2942.79 2941.41 2942.97 2941.33 2947.17 2943.3 2947.39 
2944.17 2945.17 2942.65 2946.5 2944 2945.41 2944.5 2942.19 
2945.7 2944.25 2940.75 2939.88 2941.5 2943.41 2945.39 2944.61 
2943.77 2944.67 2939.77 2938.21 2941.25 2938.59 2941.28 2939.14 
2944.5 2940.77 2942.5 2942.07 2943.27 2941.3 2939.1 2944.33 
2945.17 2941.25 2948.36 2938.59 2942.5 2937.04 2934.41 2937.83 
2941 2939.83 2941.5 2940.88 2939.36 2940.86 2943.32 2939.5 
2937.83 2941.36 2937.5 2935.9 2935.81 2936.5 2937.39 2936.1 
2938.86 2936.5 2939.7 2936.5 2938.33 2937.9 2940.12 2938.33 
2937.73 2939.36 2939 2938.15 2934.81 2938.32 2936.96 2934.28 
2939.15 2936.42 2938.05 2938.7 2938.75 2936.33 2935.72 2934.5 
2936.17 2935.23 2933.93 2935.5 2935.12 2935.3 2933.17 2934.05 
2945.72 2943.3 2942.76 2943.33 2943.68 2946.35 2944.21 2943.83 
2943.95 2940.36 2943.05 2945.95 2943.17 2944.83 2944.35 2939.75 
2942.17 2942.3 2942.93 2940.39 2943.5 2943.5 2940.67 2940.93 
2941.33 2939.5 2943.39 2938.1 2941.5 2938.67 2941.36 2939.9 
2946.33 2942.9 2944.3 2939 2941.73 2939.67 2942.41 2942.86 
2941.61 2941.79 2944.67 2941.61 2942 2939.88 2940.59 2941.36 
2942.41 2940.35 2940.5 2937.67 2940.64 2940.04 2940.07 2941.86 
2941.67 2941.21 2938.33 2939.3 2937.93 2936.62 2937.5 2938.1 
2942.88 2943.5 2941.83 2944.5 2944.19 2941.12 2945.05 2941.7 
2941.3 2946.57 2944.5 2944.39 2941.79 2945.5 2939.95 2942.56 
2944.79 2947.21 2942.95 2943.21 2944.3 2947.5 2949.5 2945.35 
2939.88 2946.27 2939.34 2942.15 2942.17 2945.05 2938.06 2940.88 
2946.02 2949.68 2948.04 2944.23 2946.73 2944.33 2945.86 2946.07 
2944.04 2941.12 2944.95 2947.59 2945.28 2943.19 2943.05 2943.39 
2946.67 2938.3 2942.61 2941.83 2940 2942.36 2940.5 2938.17 
2939.17 2944.5 2942 2941.5 2942.21 2938.5 2944.79 2940.64 
2943.7 2941.3 2943.28 2942.3 2937.9 2940.17 2937.94 2941.5 
2945.7 2940.5 2918.9 2936.5 2949.07 2941 2943.75 2938 
2937.5 2945 2940.5 2920 2939 2934.17 2938.3 2938.5 
2934.5 2947.5 2935.83 2909.5 2941.5 2932 2932.5 2945 
2904 2945 2945 2945 2945 2945 2945 2945 
2945 2945 2945 2945 2945 2945 2945 2644 
# LVDC U2 t0 parameters 
2934.9 2934.9 2934.9 2934.9 2934.9 2912.5 2929.5 2934.9 
2922.83 2926.17 2931.5 2922 2934.9 2934.9 2922.83 2925.7 
2917.83 2914.17 2923 2930.4 2908.17 2930.1 2927.17 2930.4 
2923.5 2923.7 2922.79 2913.17 2914 2912.7 2930 2921.5 
2927.5 2932.5 2927.83 2928 2928.79 2927.5 2930 2930.3 
2930.75 2928.94 2932.17 2928.83 2931.17 2928.7 2931.1 2928.9 
2929.5 2930.83 2928.42 2928.72 2930.7 2927.5 2932.23 2930.17 
2927.75 2927.17 2931 2927.72 2931 2928.5 2932.93 2926.5 
2929.73 2926.83 2933.39 2931.21 2930 2929.9 2933.17 2930.05 
2929.17 2931.17 2926.42 2929.23 2932.7 2928.59 2932.7 2930.64 
2928.75 2926.5 2924.61 2926.93 2930.5 2927.5 2931.75 2930.17 
2928.17 2924.3 2925.27 2925.67 2927.19 2924.17 2927.7 2921.93 
2938.7 2938.5 2936.17 2937.81 2940.79 2943.25 2944 2940.39 
2938.5 2941.83 2939.5 2942.1 2937.36 2940 2939.3 2937.91 
2941.21 2933.5 2937.9 2936.27 2938.07 2938.79 2938.5 2942 
2934.83 2936 2938.5 2936.25 2935.19 2933.95 2934.17 2934.36 
2937.7 2937.5 2935.83 2937.5 2938.5 2934.23 2932.27 2934.83 
2934.28 2936.5 2933.83 2933.56 2936.7 2933.06 2934.77 2930 
2936.5 2930.3 2933.83 2930.3 2932.93 2932.5 2934.79 2935.61 
2930.9 2931.5 2927.17 2930.77 2930.93 2930.79 2927.88 2927.88 
2935.83 2934.68 2934.5 2934.58 2938.17 2933 2937.19 2936.9 
2935.04 2936.94 2935.1 2932.03 2933 2934.23 2932.17 2931.5 
2937.25 2937.9 2933.41 2932.17 2935.38 2932 2935.9 2936.95 
2933.17 2931.95 2931.41 2933.83 2931.17 2931.3 2930.93 2931.33 
2939.64 2935.83 2937.9 2935.3 2935.68 2936.17 2935.81 2934.23 
2939.75 2935.81 2938.17 2933.97 2938.5 2936.83 2935.28 2933.5 
2940.61 2937.21 2936.83 2938.23 2940.36 2938.5 2935.28 2935.73 
2937.58 2934 2934.28 2934.41 2932.97 2934.86 2932.37 2932.12 
2937.1 2936.14 2939.65 2938.86 2938.17 2939.93 2940.67 2939.3 
2940.5 2940.9 2939.35 2941.39 2941.61 2940.19 2939.96 2936.07 
2939.81 2935.88 2940.75 2941.75 2938.33 2938.28 2936.5 2936.41 
2934.77 2935.64 2937.06 2935.39 2934.05 2932.07 2935.17 2931.88 
2939.32 2935.57 2937.58 2937 2939.83 2935.17 2938.64 2937.94 
2937.5 2937.21 2940.23 2936.5 2937.95 2936.17 2934.61 2937.3 
2940.86 2941.93 2937 2936.96 2932.94 2935.05 2936.77 2936.35 
2934.07 2936.95 2933.33 2936.73 2936.79 2933.79 2933.62 2933.7 
2941.97 2940.39 2942.9 2943.65 2945.33 2944.83 2947.86 2945.83 
2947.5 2944.32 2946.07 2945.5 2941.93 2940.58 2938.9 2942.5 
2943 2938.28 2944.79 2938.39 2944.5 2937.7 2936.88 2937.77 
2937.67 2936.58 2939.9 2934.7 2935.27 2935.32 2937.61 2933.75 
2941.61 2938.3 2944.39 2940.79 2939.23 2939.61 2940.94 2939.5 
2945.7 2939.17 2939.75 2939.5 2941.28 2932.17 2943.21 2939.17 
2941.17 2937.3 2919.79 2935.17 2935.1 2940.36 2942.17 2938.5 
2929.9 2931.5 2943.2 2932 2939.83 2934 2935.7 2930.1 
2916.5 2943.2 2940 2938.5 2932.5 2918 2925.83 2924 
2943.2 2943.2 2943.2 2943.2 2943.2 2943.2 2943.2 2947.1 
# LVDC V1 t0 parameters 
2943.8 2943.8 2943.8 2943.8 2928.5 2943.8 2941.5 2917.5 
2930.9 2918.5 2941.5 2932.5 2943.8 2939.9 2942.5 2938 
2927.17 2938.17 2913 2941.5 2941.3 2940.5 2943.4 2931.83 
2939.5 2926.5 2919.1 2935 2942 2930.5 2935.5 2934.83 
2942.17 2945.5 2932.5 2934.21 2943 2939.93 2938.5 2939.7 
2939.25 2943.1 2949.5 2941.39 2940.04 2942.17 2940.5 2936.83 
2945 2938.9 2948.5 2939 2941.5 2940.64 2940 2944.07 
2938.06 2936.23 2938.7 2941.5 2942.36 2940.9 2942.06 2934.27 
2944.25 2940.17 2944.61 2940.68 2942.23 2943.05 2941.3 2946.3 
2942.14 2939.67 2946.33 2943.2 2943.25 2945.17 2945 2943.61 
2943.35 2940.61 2947.79 2945.3 2944.1 2943.12 2946 2949.36 
2942.81 2938.25 2940 2938.59 2941.94 2942 2938.9 2940.88 
2949.07 2949.07 2947.72 2948 2950.35 2949.3 2949.5 2950.5 
2948.06 2946.23 2949.95 2947.7 2949.5 2948.75 2947.28 2946.5 
2952.17 2943.93 2947.14 2949.14 2950.5 2947.5 2949.21 2954.5 
2944.83 2947.28 2947.61 2946.5 2948.17 2943.19 2945.41 2943.61 
2946.66 2946.5 2953.75 2950.93 2947.43 2945.5 2949.95 2946.15 
2946.17 2942.5 2949.5 2943.62 2947.25 2944.86 2942.42 2940.62 
2947.17 2941.83 2947.36 2943.31 2945.81 2943.5 2943.83 2946.68 
2943.65 2940.59 2943.9 2940.75 2942.21 2941.25 2940.7 2939.17 
2947.21 2945.14 2944 2950.25 2951.3 2946.28 2945.64 2946.59 
2945 2945.5 2947 2944.36 2945.23 2946.5 2943.1 2942.64 
2944.77 2942.29 2944.77 2941.42 2939.5 2945.83 2946.1 2943.17 
2941.83 2940.33 2942.93 2938.5 2943.36 2939 2945.3 2938.67 
2946.17 2939.79 2946.1 2944.85 2946.28 2945.86 2947.1 2945 
2947.31 2950.36 2945.97 2948.67 2943.62 2947.5 2948.25 2944.1 
2944.44 2943.9 2944.67 2944.5 2949.28 2944.65 2945.02 2945.5 
2945.27 2943.75 2943.93 2944.5 2941.21 2943.59 2943.63 2942 
2949.62 2947.1 2949.17 2945.4 2948.03 2945.3 2949.67 2949.67 
2948.25 2946.68 2945.5 2950.5 2947.5 2948.58 2944.95 2945.9 
2948.7 2949.28 2947.27 2946.93 2949.7 2947.5 2946.93 2949 
2949.7 2949.1 2945.59 2944.9 2947.5 2947.5 2944.5 2943.83 
2949.33 2950.5 2948.36 2944.93 2950.07 2945.32 2949.38 2948.38 
2950.5 2951.1 2953.14 2947.95 2947.66 2948.64 2946.5 2946.71 
2952.38 2948.03 2952.33 2950.17 2951 2951.21 2950.12 2951.7 
2949.1 2951 2945.9 2945.95 2947 2948.83 2950.25 2947.81 
2955 2956.5 2955.77 2953 2953.17 2954.12 2955.06 2953.03 
2952.65 2953.3 2953.1 2951.75 2951.23 2951 2949.68 2949.41 
2951.5 2947.79 2954.94 2950 2950.83 2949.25 2952.36 2951.5 
2949.93 2946.59 2942.07 2947.5 2946.64 2949.5 2943.17 2940.86 
2951.5 2946.5 2947.5 2951.3 2955.64 2946.83 2936.5 2951.5 
2932.5 2948.7 2925.5 2948.83 2947.1 2948.9 2915.5 2937.3 
2951 2943.5 2944 2952.5 2948.17 2952.5 2938.7 2938.1 
2942.5 2943.5 2922.83 2952.5 2935.83 2945.5 2952.5 2952.5 
2952.5 2952.5 2952.5 2952.5 2952.5 2952.5 2952.5 2952.5 
2952.5 2952.5 2952.5 2952.5 2952.5 2952.5 2952.5 2947.1 
# LVDC V2 t0 parameters 
2945.8 2945.8 2945.8 2945.8 2945.8 2945.8 2915.83 2911.17 
2931 2945.8 2945.8 2937.83 2942.5 2906.17 2925.5 2933.83 
2939.7 2907.83 2915.5 2919.5 2939.7 2926.5 2922 2931.1 
2932.83 2932.7 2930.5 2933.17 2936.5 2930.93 2932.5 2927.07 
2940 2937.5 2938.07 2936.23 2939.79 2940.64 2936.75 2937.3 
2939 2938.1 2936.9 2938.75 2937.06 2940.17 2935.5 2938 
2939.3 2936.61 2938.1 2935.5 2937.5 2936.12 2937.79 2938.75 
2934.06 2931.12 2937.83 2936.9 2934.17 2936.17 2936.77 2930.7 
2941.5 2935.72 2940.21 2935.59 2941.83 2939.23 2938.93 2938.5 
2940.93 2938.33 2938.36 2941 2939.68 2939.75 2940.75 2936.75 
2938.74 2938.72 2939.5 2938.12 2939.5 2937.88 2941 2936.25 
2939.7 2936.5 2941.23 2932.03 2938.5 2935 2940.79 2933.9 
2947.05 2943.37 2945.5 2945.07 2943.83 2945.75 2943.81 2947.1 
2943 2940.5 2948.07 2942.19 2948.3 2941.75 2948.9 2941.61 
2942.3 2942.19 2947.61 2938.07 2942.17 2943.95 2945.5 2943 
2941.41 2938.5 2938.39 2941.94 2942 2936.19 2941.5 2935.1 
2942.64 2936.73 2933.5 2936.3 2939.7 2939.21 2934.77 2939 
2937.95 2937.94 2935.58 2936.1 2937.14 2935.67 2936.79 2932 
2939.5 2939.59 2938.14 2940.72 2939.36 2942.39 2941.5 2942 
2934.5 2936.5 2936.75 2935.95 2938 2934.32 2932.68 2935.06 
2938.5 2941.07 2938.5 2940.13 2938.58 2941.77 2939 2939.5 
2938.07 2936.06 2937.07 2937.61 2940 2941.95 2938.06 2936.05 
2945.39 2937.36 2939.7 2938.05 2939.26 2937.28 2940.7 2940.1 
2936.5 2933.86 2936.27 2936.5 2937.61 2932 2935.37 2932.5 
2945.5 2938.83 2942.42 2937.7 2944.5 2941.03 2943.79 2944.3 
2941.17 2942.06 2941.83 2941.83 2944.23 2939.94 2944.05 2938.27 
2948.05 2935.72 2939.95 2935.35 2945.67 2941.5 2948.41 2946.83 
2940.83 2933.7 2939.5 2938.17 2938.72 2937.83 2935.3 2936.42 
2937.7 2940.36 2944.83 2939.17 2939.81 2940.1 2945.3 2941 
2940.37 2940.59 2944.23 2938.93 2940.21 2940.5 2939.3 2938.73 
2940.65 2940.28 2941.77 2940 2941.75 2942.5 2939.67 2941.97 
2938.37 2942.05 2939.17 2940.75 2939.24 2939.5 2940.39 2941.61 
2948.3 2942.58 2942.75 2942.14 2943.91 2936.75 2941.33 2939.38 
2939.64 2938.95 2942.67 2939.58 2938.83 2944.83 2940.27 2942.9 
2942.56 2942.06 2937.12 2943.93 2942.23 2942.32 2942.09 2945 
2939.67 2936.17 2939.33 2936.7 2942.32 2936.04 2936.5 2938.62 
2948.67 2943.62 2952.67 2946.88 2950.5 2948.17 2946.73 2951.61 
2946.88 2946 2948.17 2945.21 2946.93 2950 2944.3 2944.17 
2947.77 2946.5 2941.23 2943.7 2944.73 2946.3 2945.33 2945.5 
2945.33 2945.36 2944.3 2942.21 2942.59 2942.81 2943.5 2942.36 
2949.5 2948.83 2944.7 2941.86 2949.5 2947.5 2942.75 2946.3 
2948.5 2943.5 2944.3 2944.5 2944.5 2942.1 2949.83 2941 
2944.17 2943.1 2949.5 2938 2946.36 2943.3 2946.5 2943.83 
2944.3 2938 2944 2943 2940.5 2944.17 2933.5 2927 
2932.17 2942.4 2934.83 2932.7 2934.5 2915.17 2942.4 2933.5 
2942.4 2942.4 2942.4 2942.4 2942.4 2942.4 2942.4 2947.1 
