# RVDC U1 t0 parameters 
2644 2947.1 2947.1 2947.1 2947.1 2947.1 2947.1 2947.1 
2947.1 2947.1 2947.1 2947.1 2947.1 2947.1 2947.1 2947.1 
2947.1 2944 2944 2944 2944 2626.83 2622.5 2622 
2632 2609.5 2944 2944 2612.83 2638 2635.17 2944 
2638.9 2629.5 2634.93 2633.5 2642.5 2628.7 2641.21 2637.3 
2637.36 2637.07 2635.5 2638.61 2641.5 2635.94 2637.9 2641.25 
2639.83 2641.79 2639.93 2638.19 2640.79 2641.26 2640.68 2639.39 
2637.5 2638 2640.5 2631.5 2638.39 2636.17 2640.28 2636.3 
2645.1 2638.17 2643.5 2637.7 2641.94 2637.77 2639.5 2642.5 
2642.23 2638.79 2640.7 2642.3 2638.68 2637.14 2639.58 2639.25 
2640.07 2636.3 2633.32 2634.85 2638.27 2633.83 2634.95 2634.13 
2630.63 2634.14 2633.37 2634.07 2634.88 2636.04 2630.9 2636.36 
2643.1 2639.32 2639.35 2640.23 2639.29 2640.06 2639.42 2643.83 
2638.34 2643.77 2638.37 2641.79 2640.37 2642.75 2640.93 2639.93 
2641.39 2639.03 2640.5 2638.5 2643.21 2642.35 2644.74 2640.77 
2640.25 2641.14 2639.75 2637.61 2641.86 2637.42 2639.85 2639.24 
2643.55 2640.8 2646.79 2646.05 2643.96 2643.61 2644.33 2645.7 
2643 2642.83 2644.3 2642.02 2644.68 2643.09 2643.79 2640.56 
2643.94 2640.68 2641.72 2641.64 2642.36 2641 2647.29 2645.07 
2645 2639.5 2642.64 2640.28 2644.5 2643.3 2641.83 2638.5 
2647.83 2644.12 2643.68 2643.38 2647.43 2644.97 2649.25 2643.28 
2644.62 2647.15 2644.62 2644.36 2644.15 2644.83 2644.06 2642.3 
2651.64 2648.37 2647.3 2647 2645.5 2642.14 2646.7 2644.34 
2642.83 2642.68 2644.4 2640.88 2643.5 2646.67 2643.56 2642.93 
2649.34 2645.83 2644.55 2646.61 2642.83 2643.06 2647.5 2646.5 
2644.04 2646.62 2643.91 2644.17 2647.15 2644.58 2642.72 2645.04 
2646.64 2649.5 2644.17 2644.97 2645.38 2644.1 2648.12 2645.31 
2641 2642.09 2643.62 2643.75 2644.57 2643.58 2641.59 2646.07 
2648.97 2640.7 2645.64 2638.92 2647.5 2644.5 2642.72 2640.6 
2646.62 2643.59 2644.5 2641.33 2644.39 2645.79 2640.37 2641.56 
2647 2640.93 2647.3 2644.83 2643.34 2642.06 2646.38 2643.43 
2640.72 2642.62 2640.21 2641.68 2641.6 2638.76 2643.2 2639.62 
2649.97 2642.88 2652.38 2645.83 2646.3 2650.62 2645.77 2645.5 
2646.95 2647.62 2648.6 2650.36 2646.15 2646.3 2644.53 2643.87 
2642.9 2639.65 2645.93 2641.94 2644.71 2641.07 2641.41 2644.17 
2641.25 2641.75 2643.94 2639.28 2641.6 2643.44 2642.85 2640.24 
2652 2648.92 2647.79 2646.67 2653.05 2646.55 2646.12 2648.75 
2645.59 2647.33 2648.19 2646.5 2643.5 2648.58 2644.7 2644.03 
2648.5 2643.93 2645.83 2644.33 2646.38 2644.36 2645.1 2647.3 
2644.9 2643.75 2654.83 2644.12 2647.5 2644.72 2639.17 2642.72 
2651.83 2643.75 2646.9 2646.5 2639.17 2646.5 2646 2634.5 
2644.83 2660.17 2626.83 2642.5 2627.83 2609.5 2610 2604.83 
2945.8 2625.5 2945 2945 2945 2945 2945 2945 
2945 2945 2945 2945 2945 2945 2945 2945 
2945 2945 2945 2945 2945 2945 2945 2945 
2945 2945 2945 2945 2945 2945 2945 2945 
# RVDC U2 t0 parameters 
2634.6 2934.9 2934.9 2934.9 2934.9 2934.9 2934.9 2934.9 
2934.9 2934.9 2934.9 2622.83 2616.9 2607.17 2934.9 2619.17 
2622.17 2606.17 2623.17 2629 2621.3 2612 2625.1 2620.17 
2630.1 2619.5 2630.83 2626.5 2628.83 2626.36 2629.5 2624.83 
2629.06 2631.25 2632.17 2633.5 2634.25 2629.05 2628.5 2632.5 
2632.17 2627.77 2628.05 2630 2634.36 2631.06 2630.68 2634.5 
2627.93 2626.5 2629.07 2627.17 2628.39 2628.5 2631.17 2634.86 
2628.25 2627.5 2628.3 2628.41 2626.95 2623.66 2632.3 2626.5 
2627.88 2622.19 2630.21 2626.23 2627.39 2631.5 2630.83 2630.06 
2629.1 2624.88 2626.12 2632.95 2632.17 2621.27 2628.17 2632.9 
2633.5 2630.64 2630.5 2629.07 2627.07 2632.5 2629.17 2627.88 
2628.43 2629.67 2632.96 2623.85 2628.65 2625.5 2626.7 2624.33 
2635.65 2631.58 2634.44 2638.37 2636.23 2635.88 2633.21 2632.83 
2633.5 2630.38 2635.21 2635.1 2634.14 2632.39 2633 2632.7 
2633.67 2629.66 2638.32 2636.93 2631.65 2634.79 2633.41 2635.79 
2631.32 2632.95 2632.9 2631.07 2635.33 2629.92 2630.81 2627.88 
2630.5 2631.5 2635.6 2630.74 2633.62 2632.76 2630.98 2635.57 
2634.5 2635.14 2631.38 2632.83 2635.21 2633.75 2635.86 2632.28 
2633.59 2637.1 2635.3 2634.45 2636.82 2633.63 2632.23 2639 
2633.57 2633.72 2630.5 2633.65 2633.38 2629.74 2633.32 2630.7 
2634.63 2633.38 2638.36 2632.98 2631.42 2635.17 2636.41 2634.74 
2634.17 2636 2637.93 2636.77 2632.77 2636.28 2633.08 2637.32 
2640.5 2632.5 2637.21 2633.36 2635.89 2637.79 2638.38 2637.73 
2633.97 2633.5 2631.93 2634.21 2636.72 2632.21 2635.28 2633.5 
2635.03 2636.07 2635.97 2630.97 2636.33 2634.38 2635.57 2632.26 
2635.68 2634.3 2630.43 2634.37 2633.25 2631.38 2634.5 2635.1 
2639.5 2633.75 2634.13 2634.41 2633.5 2636.12 2633.76 2638.33 
2635.12 2632.9 2635.2 2635.98 2634.9 2633.95 2636.07 2630.5 
2639.83 2635.5 2634.67 2635.06 2639.36 2636.41 2635.5 2636.61 
2637.75 2638.13 2634.67 2636.45 2635.57 2634.5 2636.62 2632.14 
2633.32 2634.93 2634.61 2635.25 2637.17 2631.17 2634.34 2632 
2630.62 2633.85 2631.94 2634.83 2632.88 2631.05 2636.85 2630.5 
2643.72 2636.94 2637.28 2634.66 2639.58 2638.15 2636.94 2638.9 
2637.66 2634.23 2635.71 2638 2638.98 2636.5 2635.03 2634.77 
2634.1 2635.24 2635.76 2631.3 2636.98 2636.5 2632.55 2633.47 
2632.72 2631.04 2635.21 2632.83 2638.07 2633.32 2631.4 2634.76 
2642.09 2639.4 2640.4 2643.12 2639.64 2640.17 2642.15 2637.6 
2642.62 2641.93 2643.12 2645 2638.5 2639.6 2639.64 2638.61 
2641.38 2641.3 2645.93 2640.36 2643.21 2642.79 2644.07 2639.5 
2642.58 2639.41 2644.06 2642.7 2638.21 2635.14 2639.73 2636.25 
2640.95 2640.77 2639.36 2645.21 2638.23 2644.72 2640 2642.7 
2647.21 2636.83 2640.19 2639.1 2631.39 2637.3 2638.07 2636 
2639.79 2637.1 2645.5 2641.83 2626.17 2634.17 2639.7 2636.5 
2611.83 2617 2639.5 2620.5 2619.5 2943.2 2606.5 2943.2 
2943.2 2943.2 2943.2 2943.2 2943.2 2943.2 2943.2 2943.2 
2943.2 2943.2 2943.2 2943.2 2943.2 2943.2 2943.2 2943.2 
# RVDC V1 t0 parameters 
2649.3 2943.8 2943.8 2943.8 2943.8 2943.8 2943.8 2943.8 
2943.8 2943.8 2943.8 2943.8 2943.8 2943.8 2943.8 2943.8 
2943.8 2604.5 2637.17 2943.4 2943.4 2626.17 2613.83 2617.83 
2648.17 2610 2614.5 2641.83 2621.5 2639.5 2609 2626.5 
2634.5 2644.7 2647.17 2636.61 2646.5 2639.25 2642.5 2644.94 
2650.75 2644.5 2647.83 2636.06 2643.17 2644.9 2646.7 2641.5 
2647 2644.64 2643.17 2645.32 2645.39 2646.61 2650.1 2646.93 
2646.17 2643.5 2645.32 2644.79 2639.07 2644.61 2641.83 2640.42 
2645.5 2639.88 2647.35 2644.38 2646.21 2644.42 2641.79 2649.67 
2646.3 2642.83 2644.07 2648.36 2644.09 2650.3 2647.73 2639.38 
2646.79 2645.44 2645.75 2647.9 2647.3 2646.91 2646.38 2645.77 
2643.5 2640.13 2645.17 2641 2643.65 2644.5 2641.12 2636.37 
2648.88 2646.5 2646.07 2645.77 2644.83 2645.93 2647.09 2646.58 
2643.07 2644.8 2643.77 2644.72 2645.93 2649.12 2645.27 2645.88 
2650.65 2645 2646.12 2648.79 2645.63 2645.76 2643.3 2644.82 
2644.45 2646.27 2645.83 2646.5 2646.12 2645.5 2643.45 2642.06 
2650.33 2645.08 2648.83 2645.22 2642.81 2646.58 2643.74 2645.62 
2643.75 2645.88 2646.32 2648.5 2647.64 2643.31 2642.79 2649.03 
2646.38 2645.96 2643.55 2643.87 2646.3 2643.92 2650.25 2643.18 
2640.76 2643.68 2644.5 2644.87 2642.8 2645.38 2644.3 2641.64 
2647.43 2642.4 2646.97 2646.21 2649.33 2648.64 2648.17 2646.68 
2648.44 2648.75 2646.92 2650.25 2648.76 2645.41 2648.58 2647.21 
2651.75 2647.43 2646.98 2644.95 2645.58 2649.59 2647.26 2647.28 
2646.2 2647.56 2645.66 2644.15 2651.35 2644.12 2642.34 2641.28 
2651.7 2649.04 2648.38 2650.25 2649.5 2647.68 2647.63 2649.09 
2651.12 2650.79 2650.83 2645.6 2648.68 2646.6 2645.73 2650.08 
2650.83 2646.94 2648.62 2647.02 2649 2647.39 2649.15 2652.13 
2648.61 2641.34 2648.24 2641.88 2645.82 2643.58 2645.21 2645.66 
2649.5 2650.71 2646.5 2648.05 2643.61 2648.5 2647.39 2647.92 
2645.62 2645.86 2646.54 2647.77 2645.11 2644.5 2646.23 2644.3 
2653.28 2645.38 2651.97 2647.32 2650.75 2644.05 2648.61 2651.88 
2646.2 2648.17 2649.88 2647.79 2644.94 2644.09 2644.31 2646.92 
2646.93 2649.68 2649.72 2647.26 2648.03 2645.23 2650.77 2648.61 
2646.59 2647.17 2646.32 2650.34 2650.7 2643.98 2646.86 2646.06 
2645.12 2645.13 2650.5 2643.76 2645.8 2643.57 2648.28 2644.12 
2641.19 2645.97 2643.98 2645.7 2645.64 2647.39 2644.71 2646.5 
2652.66 2645.42 2647.86 2650.07 2652.12 2651.3 2647.79 2650.36 
2649.71 2648.72 2650.94 2655.83 2643.41 2647.83 2651.5 2650.95 
2652.5 2647.79 2651.5 2650.83 2650.5 2647.83 2654.5 2645.77 
2643.32 2652.3 2643.35 2646.75 2644.35 2649.17 2642.7 2636.5 
2648.17 2617.25 2658 2648.5 2642.9 2646.07 2641.9 2647 
2612.5 2627.83 2642.7 2611.83 2632.17 2635.5 2752.5 2622.83 
2954.4 2952.5 2952.5 2952.5 2952.5 2952.5 2952.5 2952.5 
2952.5 2952.5 2952.5 2952.5 2952.5 2952.5 2952.5 2952.5 
2952.5 2952.5 2952.5 2952.5 2952.5 2952.5 2952.5 2952.5 
2952.5 2952.5 2952.5 2952.5 2952.5 2952.5 2952.5 2952.5 
# RVDC V2 t0 parameters 
2652.7 2945.8 2945.8 2945.8 2945.8 2945.8 2945.8 2945.8 
2945.8 2945.8 2615.17 2625.83 2945.8 2640.83 2633.5 2611.17 
2635.5 2638.5 2939.7 2606.5 2646.5 2620.5 2645.5 2645.3 
2641.1 2633.5 2642.9 2647.9 2637.79 2632.5 2637.39 2638.9 
2635.41 2642.5 2640.67 2643.64 2644.75 2643.1 2645.3 2640.9 
2645.5 2644.05 2644 2642.04 2644.79 2647.59 2639.81 2641.36 
2642.12 2642.5 2644.75 2644.19 2641.77 2646 2647.7 2642.59 
2640.23 2640.21 2646.07 2642.1 2642.1 2643 2642.3 2640.33 
2642.67 2640 2640.83 2640.09 2643.39 2640.21 2641.57 2642.62 
2638.57 2641.85 2641.38 2642.33 2643.61 2636.79 2641.64 2643.1 
2642.77 2639.72 2642.07 2643.67 2641.4 2644.06 2642.88 2643.5 
2637.15 2639.7 2643.41 2638.77 2637.14 2634.5 2638.83 2639.9 
2643.11 2643.38 2641.9 2642.79 2641.79 2638.3 2640.09 2644.77 
2646.17 2641.17 2645.5 2646.9 2645 2641.5 2642.43 2644.5 
2643.64 2638.17 2639.36 2640.21 2643.91 2643.04 2640.59 2640.38 
2637.5 2641.17 2641.67 2640.17 2641.79 2639.97 2642.07 2639.18 
2637.5 2639.21 2637.56 2639.23 2644.79 2640.5 2644.93 2639.23 
2639.5 2639.74 2638.62 2639.21 2639.17 2643 2638.67 2636.97 
2646.58 2643.44 2646.93 2642.77 2645.75 2645.1 2641.36 2645.25 
2643.23 2641.36 2642.25 2641.04 2638.45 2640.62 2640.5 2638.72 
2645 2640.35 2643.17 2644.42 2645.64 2639.5 2649.06 2644.77 
2643.64 2644.25 2647.5 2643.7 2642.5 2642.5 2645.75 2643.27 
2645 2641.12 2642.5 2639.55 2641.39 2645.43 2642 2640.26 
2641.68 2638.57 2643.12 2641.5 2634.91 2640.81 2636.2 2640.88 
2649.28 2646.43 2645.17 2646.45 2642.56 2646.07 2649.17 2644.55 
2643.64 2645.17 2642.3 2647.65 2644.17 2647.5 2640.68 2642.72 
2648.42 2644 2647.93 2645.1 2646.5 2642.03 2644.97 2641.19 
2643.87 2641.62 2642.83 2646.97 2641.85 2644.5 2644.76 2640 
2646.89 2642.63 2646.1 2644.58 2648.07 2647 2646.03 2648.58 
2643.81 2646.03 2646.64 2644.92 2643.14 2640.93 2644.5 2645.17 
2647.94 2642.63 2643.08 2644.44 2640.7 2644 2646.43 2646.03 
2644.03 2639.88 2642.79 2641 2642.39 2640.7 2644.96 2642.28 
2642.73 2644.87 2644 2647.03 2645.58 2647.37 2642.11 2643.8 
2641.72 2646.58 2645.5 2643.34 2641.94 2643.92 2644.36 2641.93 
2649.38 2639.72 2642.92 2645.08 2643.94 2641.75 2645.85 2641.72 
2642.25 2645.29 2640.54 2644.64 2642.29 2638.34 2644.88 2640.8 
2653.44 2648.61 2654.28 2647.88 2652.58 2652.4 2649.64 2648.45 
2651.26 2649.11 2654.91 2651.29 2648.7 2647.2 2648.91 2648.44 
2648.5 2647.41 2653.81 2648.45 2647.93 2651.36 2643.38 2647.88 
2648.19 2646.17 2649.12 2649.5 2650.7 2646.62 2648.67 2646.19 
2641.77 2648.93 2635.65 2643.94 2639.95 2650.5 2650.75 2648.7 
2648.1 2642.5 2641.25 2642.75 2644.17 2643.07 2635.79 2632.5 
2652 2647.17 2644.07 2611.5 2640.83 2637.83 2639.83 2952.3 
2633.5 2952.3 2952.3 2637.17 2952.3 2952.3 2952.3 2952.3 
2952.3 2942.4 2942.4 2942.4 2942.4 2942.4 2942.4 2942.4 
2942.4 2942.4 2942.4 2942.4 2942.4 2942.4 2942.4 2942.4 
# LVDC U1 t0 parameters 
2947.1 2947.1 2947.1 2947.1 2947.1 2947.1 2947.1 2947.1 
2930.83 2910.17 2914.83 2932.5 2916.5 2940.5 2947.1 2930.83 
2940.5 2916 2928.5 2933.5 2915.5 2920 2933.3 2937.5 
2927.17 2922.5 2944 2909.17 2907.5 2935 2919.5 2909 
2929 2933 2934.17 2929.17 2935.9 2931.9 2935.7 2937.5 
2935.17 2937.83 2936.5 2939.36 2925.83 2936.83 2934.64 2933.28 
2937.9 2939.3 2939.5 2937 2937 2935.75 2938.17 2937.17 
2933.14 2935.59 2935.17 2938.06 2935.23 2936.21 2932.39 2933 
2939.35 2934 2939.7 2937.75 2941.9 2941.5 2938.61 2935.94 
2938.17 2938.41 2940.41 2936.94 2935.67 2938.77 2937 2935.25 
2938.3 2939.88 2939 2940.67 2943.33 2942.5 2938.72 2943.83 
2935.79 2934.39 2938.83 2937.72 2941.21 2939.05 2934.5 2937.5 
2944.83 2943 2941.88 2942.5 2941.76 2941.64 2942.58 2943.77 
2946.75 2943.5 2946.17 2941.59 2944.5 2943.58 2942.36 2936.88 
2943.17 2945.25 2942 2941 2942.95 2942.1 2943.1 2946.79 
2938.83 2937.39 2937 2939.23 2938.5 2938.63 2938.5 2939.68 
2946.5 2941.32 2944.06 2944 2942.5 2940.7 2940.05 2942.5 
2941 2938.77 2939.1 2940.72 2936.21 2941.05 2937.94 2935.05 
2938.38 2937.07 2941 2941.1 2939.61 2940.68 2944.27 2938.33 
2936.5 2935.93 2940.32 2937.1 2937.5 2935.36 2935.9 2932.9 
2934.83 2933.36 2937 2934.9 2936 2936.23 2939 2936.65 
2937.14 2938.75 2938.42 2936.77 2934.73 2934.42 2934.56 2935.05 
2934.88 2934.77 2937.73 2938.21 2938.7 2936.5 2936.59 2935.65 
2933.5 2935.04 2933.83 2935.68 2936.72 2936.64 2934.67 2934.5 
2943.81 2942.38 2945.1 2944.21 2941.59 2942.3 2945.68 2945.75 
2946.33 2946.28 2943.5 2944.3 2945.68 2942.81 2936.61 2939.83 
2941.65 2939.56 2941.68 2941.64 2941.72 2940.68 2941.5 2944.06 
2940.9 2937.5 2939.75 2938.5 2939.17 2938.37 2941.93 2936.9 
2943.28 2939.12 2945.06 2944.5 2942.36 2939.83 2941.5 2944.36 
2943.33 2940.15 2944.5 2938.5 2942.06 2941.5 2940.67 2938.3 
2940 2938.88 2939.17 2936.83 2936.25 2939.83 2940.1 2939.5 
2937.14 2935.97 2936.81 2937.26 2934.7 2935.17 2939.35 2934.07 
2942.07 2942.36 2942.7 2945.7 2944.5 2942.64 2943.67 2943.1 
2943.23 2942.3 2943.77 2941.44 2941.35 2942.27 2943.5 2941.64 
2941.03 2944.33 2943.38 2945 2949.72 2945.17 2944.42 2944.07 
2938.9 2944.9 2942.94 2945.05 2941 2942.33 2940.9 2938.68 
2947.58 2945 2944.5 2941.83 2943.7 2943.42 2943.5 2947.17 
2944.64 2941.83 2946.96 2946.5 2941.37 2938.32 2942.21 2938.5 
2945.32 2937.64 2942.17 2938.5 2937.38 2939.9 2941.93 2941.5 
2941.36 2940.06 2940.5 2945.1 2941.83 2942.3 2940.83 2936.75 
2942.61 2941.9 2944.5 2943.7 2942.25 2944 2939 2941.94 
2923 2937.21 2938.7 2936.17 2937.7 2945.8 2939.5 2925.17 
2937.5 2936.5 2946.5 2938.7 2934.5 2927.83 2908.83 2927.83 
2919.17 2932.5 2930.17 2941.5 2939.17 2906.83 2945 2945 
2945 2945 2945 2945 2945 2945 2945 2945 
2945 2945 2945 2945 2945 2945 2945 2644 
# LVDC U2 t0 parameters 
2934.9 2934.9 2934.9 2934.9 2934.9 2908.5 2909.5 2934.9 
2920.83 2924.17 2934.9 2917.83 2924 2934.9 2923.5 2934.9 
2929.5 2920.5 2919.17 2930.4 2926.5 2919 2920.3 2926.83 
2925.83 2924.5 2918.5 2910.5 2921.3 2920.5 2923.17 2927 
2930.17 2920.3 2924.5 2927.5 2928 2926.83 2927.17 2927.17 
2921.83 2926.5 2926 2929.39 2926.17 2929.17 2927.3 2927.06 
2926.73 2925.83 2927.5 2926.5 2930.72 2927.65 2926.94 2926 
2925.83 2926.23 2925.68 2929.94 2928.5 2927.79 2929.21 2924.32 
2928.75 2929.17 2927.95 2932.06 2929.77 2931.93 2929.72 2931.79 
2929.3 2930.61 2928.14 2933.64 2927.5 2926.07 2928.06 2928.7 
2926.1 2928.17 2928.1 2922.9 2927.77 2930.17 2928.1 2928.5 
2927.21 2925.33 2926.5 2923.68 2926.17 2924.7 2927.72 2926.61 
2938.59 2937.5 2935.35 2936.81 2940.07 2936.83 2942.61 2941.5 
2941.77 2938.28 2938.21 2941.36 2939.5 2938.7 2940.41 2934.5 
2937.75 2935.05 2937.3 2936.83 2936.77 2936.5 2936.59 2939.3 
2936.68 2936 2938.75 2934 2933 2932.83 2936.5 2934.94 
2930.83 2930 2935.5 2931.59 2933.97 2933.5 2928.96 2933.73 
2937.1 2936.7 2936.17 2928.5 2935.06 2932.88 2922.5 2932.64 
2933.68 2932.93 2934.5 2930.5 2931.33 2931.05 2930.93 2934.5 
2930.17 2928.1 2929.64 2929.3 2928.94 2931.3 2927.95 2926.27 
2930.5 2937.5 2934.94 2933.17 2932.79 2933.41 2934.28 2934.05 
2935.77 2931.5 2935.28 2933.3 2932.28 2934.23 2932.83 2931.9 
2933.28 2934.9 2932.07 2932.72 2935.5 2931.79 2937.17 2936.93 
2933.36 2929.06 2935.77 2930.37 2929.69 2932.86 2930.21 2933.9 
2940.27 2930.5 2937.79 2934.03 2938.3 2934.41 2934.5 2935.58 
2937.19 2933.5 2936.1 2934.61 2933.62 2934.42 2932.1 2931.59 
2938.23 2935.21 2935.62 2935.9 2939.67 2936.5 2937.73 2939.58 
2938.83 2933.38 2933.33 2932 2933.27 2935.12 2932.62 2934.5 
2938.5 2940.14 2936.17 2938.33 2939 2940.3 2939.39 2936.95 
2938.5 2940.28 2939.62 2940.17 2936.9 2941.1 2936.36 2936.27 
2938.5 2932.72 2937.39 2936.5 2938.36 2938.17 2938.05 2934.5 
2935.5 2933.64 2937.9 2935.1 2936.95 2931.19 2931.54 2930.12 
2937.33 2931.75 2941.06 2936.83 2941.28 2935.68 2933.32 2938.15 
2938.36 2936.36 2936.28 2936.17 2939.5 2936.5 2937.5 2934.9 
2938.75 2930.27 2933.17 2934.38 2933.9 2935.65 2935.28 2934.29 
2932.33 2934.41 2934.04 2936.9 2931.04 2932.5 2932.77 2933.17 
2941.57 2942.03 2945.07 2942.39 2943.83 2944.23 2943.65 2944.7 
2942.56 2942.44 2940.12 2942.61 2941.19 2947.75 2941.03 2938.32 
2943.67 2938.07 2943.3 2940.5 2942.81 2940 2936.58 2942.28 
2938.97 2936.12 2936.12 2934 2938.88 2933.39 2937.95 2936 
2942.65 2941.17 2942.93 2940.39 2942.83 2938.5 2941.83 2940.9 
2938.5 2936.5 2940.83 2939.7 2936.83 2936.17 2941.5 2933.25 
2932.75 2940.93 2935.5 2937 2939.93 2926.5 2941 2939 
2938 2934.9 2935.17 2931.5 2936.17 2928.7 2924 2926.9 
2928.83 2930 2924 2935.5 2933.5 2921.83 2943.2 2943.2 
2943.2 2943.2 2943.2 2943.2 2943.2 2943.2 2943.2 2947.1 
# LVDC V1 t0 parameters 
2943.8 2943.8 2943.8 2943.8 2943.8 2905 2940.5 2910.83 
2937 2911.83 2933.17 2936.17 2934.5 2933.1 2939.5 2910.5 
2938.83 2921 2907 2933 2943.5 2932.5 2938.7 2905.5 
2934.5 2931.83 2933.1 2940.83 2937.36 2923.9 2934.5 2933.9 
2939 2942.7 2937.9 2929.5 2932.7 2941.5 2937.5 2940.5 
2937 2938.9 2944.83 2937.83 2941.83 2934.5 2935.5 2937.7 
2937.64 2929.9 2942.36 2938.25 2941.17 2938.23 2939.86 2935.5 
2941.83 2939.21 2944.5 2940.83 2938.83 2939.28 2938.17 2937.25 
2942.1 2941.5 2940.79 2940.33 2941.5 2938.9 2941.28 2942.72 
2940.26 2940.27 2941.5 2941.79 2944.64 2939.86 2939.64 2936.3 
2946.17 2939.61 2945.7 2935.59 2942.72 2943.9 2942.33 2943.37 
2942.83 2939.95 2939.79 2934.9 2941.05 2939.14 2941.86 2938.88 
2949.5 2950.25 2949.77 2941.5 2946.21 2947.41 2946.5 2951.7 
2947.33 2947.79 2949.1 2950.96 2947 2950.61 2951.61 2943.62 
2950.28 2944.93 2948.23 2945.77 2948.86 2949.1 2946.8 2948.5 
2949.06 2943.85 2950.28 2945.93 2944.17 2942.38 2946.94 2943.68 
2947.5 2946 2949.83 2947.5 2949.7 2947.63 2945.12 2948 
2943.83 2940.5 2943.88 2947 2943.12 2947.32 2943.17 2939.17 
2945.5 2942.5 2945 2944.3 2943.5 2946.62 2943.83 2944.17 
2942.83 2936.7 2941.23 2941.1 2940.62 2940.12 2937.5 2940.5 
2945.21 2942.5 2946.41 2947.83 2940.96 2945.94 2944.21 2945.94 
2947.5 2944 2942.77 2943.5 2941.5 2947.17 2944.25 2942.3 
2946 2940.08 2942.75 2941.75 2941.95 2944.9 2946.75 2939.97 
2942.33 2937.36 2940.79 2938.61 2944.77 2943.1 2937.86 2937.72 
2945.88 2946 2946.14 2943.79 2947.61 2948.83 2948.33 2945.5 
2945.62 2949.77 2950.17 2947.25 2945.83 2945.32 2947.79 2947.5 
2944.79 2944.5 2946.88 2944.32 2946.7 2944.17 2944.67 2945 
2946.17 2937.44 2942.1 2941.72 2943.5 2943.77 2939.77 2942.5 
2949.93 2943.95 2945.64 2949.28 2944.1 2947.17 2949 2944.96 
2946.3 2942.02 2943.79 2943.5 2948.3 2942.64 2945.7 2943.3 
2949.83 2946.14 2944.58 2946.7 2946.05 2946.17 2949.39 2947.96 
2949.3 2945.93 2946.96 2947.7 2944.9 2948.17 2946.1 2943.83 
2947.38 2948.33 2948.32 2948.17 2948.56 2950.93 2946.61 2945.07 
2947.61 2947.38 2942.93 2947.83 2944.65 2952.5 2946.67 2946.93 
2949.42 2949.21 2944.59 2947.64 2949.36 2949.06 2955.36 2949.5 
2948.61 2951.03 2946.97 2945.17 2946.83 2944.93 2945.93 2943.58 
2952.5 2952.81 2956.5 2956.23 2953.25 2951.5 2952.05 2952.41 
2948.14 2946.5 2949.5 2955 2952.17 2954.25 2950.3 2941.75 
2950.28 2946.5 2947.32 2951.83 2950.21 2949.5 2944.5 2946.1 
2945.36 2947.3 2947.5 2946.5 2945 2948.3 2946.72 2945.5 
2952.25 2940.5 2949.83 2945.17 2947.5 2945.9 2945.5 2945.3 
2945.5 2944.5 2919 2924.3 2932.5 2938.5 2930.5 2930 
2948 2935.9 2941 2936.7 2945.1 2948.5 2920 2934 
2939 2906.5 2941.17 2910.83 2952.5 2952.5 2952.5 2952.5 
2952.5 2952.5 2952.5 2952.5 2952.5 2952.5 2952.5 2952.5 
2952.5 2952.5 2952.5 2952.5 2952.5 2952.5 2952.5 2947.1 
# LVDC V2 t0 parameters 
2945.8 2945.8 2945.8 2945.8 2945.8 2945.8 2945.8 2916.83 
2902.5 2933 2944.17 2945.8 2945.8 2918.17 2922.17 2945.8 
2909.1 2928.83 2932.7 2929.5 2933.17 2927.5 2919 2921 
2928.5 2914.1 2931 2931.83 2922.79 2932.25 2932.5 2924.5 
2928.5 2934.83 2934.5 2931.5 2933.9 2937.17 2938.39 2939.1 
2938.21 2928.61 2934.86 2933.3 2936.72 2933.9 2932.33 2933.9 
2933.05 2931.1 2937.94 2932.25 2937.79 2936.7 2940 2937.5 
2934.5 2940.5 2935 2936.9 2930.39 2934.75 2930.5 2932.14 
2942 2937.17 2940.75 2932.9 2937.5 2935.5 2936.3 2939.94 
2939.19 2936.5 2942.5 2938.5 2937.5 2939.14 2934.7 2937 
2936.28 2938 2938.91 2933.63 2941.75 2938.75 2940 2936.5 
2937.33 2936.64 2938.41 2938.07 2940.21 2938.7 2936.9 2934.68 
2946.61 2938.83 2944.86 2941.32 2945.75 2947.5 2945.06 2946.33 
2945.9 2940.86 2944.83 2945.65 2944.83 2943.3 2942.05 2938.3 
2947.68 2944.83 2941.5 2945.65 2945.79 2940.5 2943.5 2942.1 
2938.83 2935.28 2940.23 2938.77 2942.07 2941.33 2939.21 2936.67 
2940.79 2933.17 2932.36 2938.41 2939.5 2941 2930.9 2936.36 
2932.9 2936.12 2939 2934.72 2930.5 2933.79 2934.36 2932 
2941.25 2934.32 2937.83 2937.7 2936.7 2934.59 2939.7 2939.68 
2940.75 2935.5 2934 2934.42 2936.75 2933.5 2938.67 2929.15 
2941.59 2934.88 2938.67 2939.07 2940.07 2936.5 2937.7 2939.19 
2937.95 2937.67 2938.1 2937.5 2938.12 2939.25 2933.5 2936.72 
2936.59 2939.3 2935.75 2935.35 2936.07 2936.17 2937.17 2934.58 
2936.72 2933.27 2935.1 2935.28 2935.05 2933.75 2935.59 2931.37 
2943.94 2939.62 2941.3 2938.26 2943.17 2937.33 2938.83 2943.1 
2941.17 2938.81 2944.83 2946 2942.23 2940.03 2939.42 2937.5 
2938.58 2939.81 2939.1 2940.3 2940.23 2936.83 2944.86 2940.65 
2937.3 2939.1 2938.25 2939.75 2936.21 2936.59 2938.79 2934.33 
2940.96 2939.06 2943.05 2938.74 2938.04 2937.94 2940.5 2940 
2939.04 2941.17 2942.25 2940 2939.67 2938 2942.3 2939.27 
2942.25 2936.14 2944.1 2938.23 2940.63 2939.05 2941.5 2944.3 
2941.77 2940.42 2938.07 2936.81 2941.71 2937.83 2938.72 2931.62 
2942.03 2941.7 2945.06 2940.72 2940.5 2942.9 2939.03 2940.1 
2942.07 2942.67 2941.77 2940.9 2938.68 2940 2945.5 2934.97 
2942.95 2939.77 2938.17 2935.5 2941.65 2939.12 2938.85 2944 
2941.61 2939.07 2939.83 2938.58 2940.03 2936.69 2938.96 2935.14 
2947 2944.21 2949.5 2948.5 2947.77 2945.76 2944.88 2950.06 
2951.36 2945.96 2945.88 2944.79 2949 2950.06 2943.64 2943.3 
2947.5 2943.5 2947.83 2943.5 2942.5 2941.9 2943.56 2948.3 
2943.5 2943.5 2938.5 2941 2937.3 2936.65 2940.36 2943.07 
2944.05 2941.75 2949 2945.72 2948.25 2942.5 2946.64 2942.17 
2943.72 2941.83 2940.17 2938.5 2944.9 2945.5 2940.83 2941 
2948.9 2940.5 2947.25 2941.25 2936.5 2945.83 2944.7 2943.83 
2929.5 2941.79 2936.5 2942.5 2938.5 2935.5 2942 2909.5 
2937.5 2928.9 2913.5 2933.5 2916.5 2926.5 2914.5 2942.4 
2942.4 2942.4 2942.4 2942.4 2942.4 2942.4 2942.4 2947.1 
