# RVDC U1 t0 parameters T0 Error 
0 0 0 0 0 0 0 0 
0 0 0 0 0 0 0 0 
0 0 100 100 3.1547 100 100 0 
100 2.56516 100 100 2.61803 4.12252 4.5081 100 
3.3798 2.99001 4.84607 100 6.40083 1.16096 1.06184 1.65494 
5.74611 1.27409 3.09027 2.1856 6.20304 1.87279 2.81274 6.08672 
3.18117 0.586342 3.38157 0.975641 5.60169 1.99157 2.2252 3.19124 
2.40781 3.16508 3.44597 2.96029 0.903178 2.83999 3.35338 7.52886 
1.68014 4.68879 2.02765 5.14649 3.56453 1.04959 2.32311 3.66159 
4.15801 3.2227 3.59639 1.33604 1.64924 2.00379 5.0901 2.67653 
4.82245 1.19088 1.92891 2.97815 2.04156 1.63183 2.04803 5.28772 
2.37403 2.69857 1.20529 3.63154 2.16189 2.5664 8.73447 2.72813 
8.37105 3.33786 4.92487 3.92076 2.48186 2.08876 2.8754 4.18191 
2.1347 1.95526 5.09459 1.55503 2.8255 3.00873 2.84523 2.97815 
2.91955 3.83936 1.57771 1.4736 2.66616 1.26906 3.44142 1.76237 
2.15965 2.79502 1.42168 3.69639 1.99157 2.35779 3.68038 0.937502 
3.3635 4.37441 1.32143 1.45785 2.86424 6.05247 1.90258 1.30159 
2.31352 3.41838 3.02258 1.88066 6.34002 6.3501 4.84564 3.67224 
2.86532 2.75376 4.46702 3.10042 5.52834 1.28466 2.37291 3.54628 
2.50104 1.88741 5.58684 4.70176 4.17515 5.37535 3.14038 3.81906 
1.51016 1.79824 2.62859 7.39985 2.2493 4.63177 2.73155 3.69612 
4.57634 3.50445 2.8281 2.7298 4.8058 1.46009 7.85071 3.25895 
1.2264 5.08092 4.65144 4.54104 6.93581 3.48106 3.59347 2.4118 
3.47681 2.49076 1.67869 1.70046 3.66342 3.04073 2.47344 2.96336 
1.81496 2.09118 3.33049 1.51267 1.38706 2.44305 1.9083 2.22268 
3.21282 1.62528 3.53063 4.22877 1.41106 2.53138 6.89103 2.96962 
4.5691 2.59188 4.47515 2.76364 6.09441 4.39028 3.40778 0.868442 
2.68868 1.27811 3.89337 3.58675 1.91161 3.27125 1.90321 3.87222 
1.92179 3.97235 5.39585 3.61905 3.74067 7.60701 1.56564 3.05534 
2.24589 3.03832 0.886354 5.2837 1.61531 2.66363 4.60696 1.28197 
6.52069 5.62577 3.88625 2.12101 4.34281 4.57966 6.20148 5.59753 
1.5359 4.88944 1.32895 6.15167 4.56217 2.93819 1.48161 2.83571 
2.2845 3.00545 3.80552 4.39119 1.83415 2.01409 1.2182 2.04098 
5.30857 4.42795 2.99695 0.914249 5.39092 1.88887 1.92733 4.83197 
5.20149 4.17876 1.90662 4.50348 3.80583 9.93529 1.56999 2.05172 
1.8779 2.94222 2.28225 1.90808 2.38194 1.73832 2.94244 5.27613 
4.73581 5.25883 4.56047 3.29891 1.40652 3.60871 3.70818 3.08311 
4.7249 3.30256 0.877846 4.2526 2.52414 2.77671 0.724014 6.88021 
2.25809 2.86432 5.82806 4.35847 2.79284 1.78356 1.0924 4.00018 
2.61807 1.17117 3.93324 2.74449 2.07843 4.13482 1.61478 2.83067 
4.69224 6.35728 1.73685 13.0217 2.39385 5.04168 3.07356 3.33188 
2.90119 1.53644 7.39058 1.78734 0.535875 0 2.27614 100 
0 100 2.61803 0 100 100 0 0 
0 0 0 0 0 0 0 0 
0 0 0 0 0 0 0 0 
0 0 0 0 0 0 0 0 
# RVDC U2 t0 parameters T0 Error 
0 0 0 0 0 0 0 0 
0 0 0 100 100 100 3.14058 100 
100 100 100 1.90384 100 5.79202 7.82733 3.41421 
1.43945 2.01713 2.16994 1.53974 0.845031 1.87742 0.855534 7.44179 
3.95637 1.13041 8.26828 3.76244 3.07758 1.81839 11.7098 3.48615 
2.00853 0.935738 3.54008 2.43246 5.32032 2.93488 1.51663 4.59737 
1.19958 1.82956 1.35433 3.03712 2.83571 2.61212 3.05549 3.58075 
1.83046 2.93687 2.75183 1.91347 3.81862 2.9389 1.18759 2.64933 
1.13101 4.28009 2.31932 2.11952 2.87639 2.55481 3.95184 4.05411 
2.95469 1.69762 1.74535 5.77748 2.91991 3.61459 2.10084 2.85217 
4.94785 2.35385 1.9874 7.06323 2.75881 3.21543 6.59201 2.52739 
5.59442 3.6455 1.16077 4.30648 4.3618 2.09079 4.41096 4.13665 
8.12733 4.87417 1.98732 1.61074 2.59552 3.38654 3.08523 3.76742 
1.96915 1.9149 2.64276 3.35171 2.16189 2.35088 2.1486 1.34093 
1.05682 1.55611 3.69983 2.44312 2.10481 3.2823 2.74554 2.17628 
1.78327 1.20789 1.52982 4.93293 3.78821 1.58046 4.73078 3.24681 
4.62305 3.21553 4.6224 2.32042 5.89372 1.33186 4.45326 5.60295 
5.01944 1.54032 2.21557 2.61801 5.79445 1.94132 1.10274 1.30355 
4.58663 4.41029 2.15494 1.23881 1.86182 4.58392 2.38276 4.2336 
1.77922 3.77587 3.70866 3.58545 2.02136 3.45867 3.38993 3.19014 
3.89219 2.59664 2.29057 2.16165 2.72012 2.85567 4.44188 4.47321 
0.833315 2.90152 3.48708 1.55247 4.8787 2.85298 3.74596 5.10933 
4.01864 4.49456 1.56125 3.49359 2.27674 1.78143 2.88208 2.43102 
1.59426 2.21566 2.28308 2.38201 0.78317 2.52033 1.97868 3.88462 
4.81055 1.40435 4.25287 5.44955 1.83639 2.64547 2.5027 2.90257 
1.9461 1.19274 4.88346 1.73164 1.3835 5.53216 6.42358 1.67692 
2.53469 5.06026 5.347 3.97527 3.17155 1.82933 2.9723 4.98698 
4.30258 2.71801 3.08112 4.69135 3.30181 1.34738 0.951292 5.78117 
4.29445 2.14237 4.61694 2.20266 3.1972 4.14205 2.25878 2.04257 
1.64398 2.89949 1.97603 2.78548 2.04057 3.9074 0.30313 4.50203 
6.58575 2.19679 3.34491 2.05131 2.5559 2.67655 3.46606 3.66435 
2.31653 3.43701 4.17076 2.78809 1.73055 2.5759 2.64335 3.75657 
3.06454 4.00855 1.91524 2.98949 1.05859 3.63205 4.59313 2.1992 
5.84809 2.63926 4.61435 1.34213 8.09198 3.13734 4.84 4.52137 
2.74124 2.02357 4.61882 1.87983 4.06209 3.19014 2.07967 2.94908 
4.49748 1.11786 3.55077 3.58457 4.88986 1.7037 1.20553 3.27166 
5.49415 1.55873 1.48773 1.96186 7.61366 3.30007 5.08661 2.73233 
1.84144 2.66229 2.76738 3.60251 1.70691 3.13794 1.93084 2.8111 
1.8201 3.17244 3.41788 1.82064 4.46342 2.92552 3.91727 4.40794 
5.02689 3.75554 4.1875 2.90437 5.23558 2.88667 4.19116 3.35545 
2.6833 0.68141 3.76742 1.54058 2.68358 3.99591 7.5252 4.15522 
1.25949 3.67172 4.49988 4.93386 4.3985 2.84926 3.33511 1.93415 
6.10934 3.20354 2.07082 7.43898 2.39385 2.05981 2.82843 3.58822 
4.1358 3.53285 2.93185 0.675959 100 100 100 0 
100 100 0 0 0 0 0 0 
0 0 0 0 0 0 0 0 
# RVDC V1 t0 parameters T0 Error 
0 0 0 0 0 0 0 0 
0 0 0 0 0 0 100 100 
0 0 0 100 100 100 100 0 
1.51612 2.61803 100 0 5.15345 2.07955 4.12252 1.8376 
2.31491 3.18165 2.39385 3.20232 7.85763 0.775938 3.63402 2.70915 
2.0025 3.14436 2.4725 2.22268 5.9527 3.19843 6.02226 1.33652 
1.4379 3.16508 3.27095 0.891928 4.43447 3.1431 3.60314 4.85723 
2.13621 1.82518 3.16508 4.24742 4.4874 1.21002 0.52553 2.15471 
1.52987 2.26124 1.6826 2.55014 2.3048 1.50884 6.79453 4.05656 
3.63771 2.90628 8.43283 4.35149 5.11037 7.58618 5.38299 2.8439 
1.89344 1.31264 2.83786 1.74478 1.2135 1.51416 1.09852 5.10106 
3.77917 2.49347 3.70866 1.34529 3.51001 2.04549 1.98732 5.52992 
2.50154 1.8035 1.26224 1.27988 2.77099 3.1254 2.06419 4.60399 
2.34427 2.28504 3.16431 1.29684 3.20484 4.59514 4.37891 4.2276 
2.15292 0.697131 2.84832 3.95713 4.12519 2.40083 1.60664 4.16144 
4.66374 1.43323 1.28161 1.52415 1.6826 2.85314 5.15132 6.96037 
3.50818 2.52246 4.16144 4.29579 2.43762 3.34337 1.81326 5.46332 
3.20786 2.8961 1.90921 4.65452 1.82323 1.73957 3.01735 1.70381 
2.99618 1.69762 2.31037 1.14758 1.95187 2.73874 3.71167 0.972596 
2.77735 1.70921 1.72624 2.4602 2.85056 1.81639 2.62859 2.63067 
5.00681 2.99582 2.83786 2.688 1.28481 4.09521 2.94215 5.26423 
4.32118 1.65539 3.33049 2.16189 4.21981 5.59106 3.51092 3.00293 
3.34971 1.04011 2.90999 3.70796 3.13867 2.78079 2.21971 3.17312 
5.31993 4.68712 4.64027 1.18042 2.8786 3.52043 3.13176 5.00522 
2.02747 5.05686 0.946648 1.73202 8.2151 2.35 5.51624 0.639683 
2.02201 1.29098 3.67624 5.69288 1.92994 1.22886 2.75841 3.34261 
3.97338 1.25943 2.58553 6.84757 3.52961 3.60618 1.35433 5.71835 
1.27854 2.94928 4.17347 1.9289 1.34552 2.91539 3.5935 4.44817 
3.62418 1.64534 2.31259 3.40281 1.31334 2.4641 4.30405 1.96637 
5.15826 4.29701 3.82921 1.4073 2.40781 5.25122 1.52269 4.37137 
1.13896 3.75909 1.90169 3.85287 2.735 6.43327 3.02354 5.08591 
4.02588 2.16933 3.69961 3.97983 3.94098 2.00188 4.00369 4.34714 
6.98147 1.02342 2.5313 7.53306 2.10888 4.28151 3.38953 1.36883 
2.17325 1.76587 3.29072 1.35882 6.49923 2.91062 1.11011 1.93056 
2.48128 2.71907 6.08068 2.16276 2.58216 2.55742 2.95557 1.76396 
2.35338 1.36169 2.04385 3.77136 3.37062 2.45879 3.29938 3.5024 
1.65157 2.71097 2.43182 5.48248 4.36596 2.23846 2.92341 4.72393 
4.84706 4.85716 5.13525 4.62305 2.7379 1.80232 3.21694 1.63055 
0.658563 9.13537 1.2714 1.07027 3.25256 2.29722 1.28064 1.20648 
2.84226 5.04898 5.09406 2.5965 2.19241 2.72744 4.52607 2.00732 
3.31889 1.7239 1.18498 2.15431 5.08681 1.09418 1.89847 1.90384 
0.876488 100 3.04594 4.12252 2.27422 100 100 100 
100 100 0 0 0 0 0 0 
0 0 0 0 0 0 0 0 
0 0 0 0 0 0 0 0 
0 0 0 0 0 0 0 0 
# RVDC V2 t0 parameters T0 Error 
0 0 0 0 0 0 0 0 
100 100 100 100 2.27614 3.1547 100 3.14058 
5.05026 2.5077 2.93185 0.724797 4.48354 1.5207 100 6.40083 
3.73205 4.92578 5.56701 2.6705 3.9564 3.64404 1.35618 2.38988 
1.54423 2.63733 1.30734 1.96159 2.70606 6.41189 1.63482 2.54199 
3.18599 2.7838 1.12847 2.91612 1.57017 1.23291 3.75554 1.52393 
1.82549 3.34402 3.77907 1.73655 2.68917 3.91366 3.86623 1.55069 
2.15715 0.662249 3.83249 2.83571 2.12012 2.90879 2.99243 3.87605 
2.46012 0.956545 3.23499 2.35343 5.97837 2.91471 1.75589 1.34202 
6.02927 4.25888 2.5925 5.98447 3.77917 1.71017 3.46659 3.63724 
3.02064 2.72794 1.31348 2.9824 0.870015 1.47607 1.91339 4.52137 
4.56425 4.39524 2.57377 3.1649 3.69983 5.8771 2.50188 3.88625 
2.02201 1.73202 1.21456 2.08918 1.69856 3.68038 4.9919 1.70448 
4.2003 2.56141 2.85217 4.48058 0.970777 7.22108 9.00134 1.34197 
2.02765 2.12012 2.6549 4.8608 3.46659 4.75851 3.46773 3.59643 
2.79757 1.3529 3.98849 1.5049 7.93232 3.27898 0.856642 5.99114 
4.24739 4.5178 1.3886 1.80643 2.52698 2.99488 2.91223 1.75588 
3.39594 2.042 5.88875 3.53404 1.60384 4.24083 2.57517 1.89462 
4.75908 1.87165 1.441 2.59552 1.41093 1.50548 2.87902 7.12356 
1.80596 3.33223 3.82418 1.1785 1.84033 1.68574 6.50519 4.78723 
1.96321 2.30432 4.66097 3.97148 4.16776 2.81798 2.87053 3.33049 
2.21971 4.1064 3.2301 3.55466 2.3385 3.72001 1.75384 3.31633 
5.96385 1.36896 4.7683 3.88923 2.79908 3.25603 1.9818 1.36379 
3.12962 2.10632 6.63713 3.16076 2.58499 2.49177 5.97931 2.58697 
1.87657 4.26531 2.62651 2.88765 3.49517 4.80497 2.87053 1.24273 
1.48223 2.16845 3.39328 4.59626 3.82244 2.86147 2.27489 3.4471 
1.71415 1.22817 5.17521 3.32987 4.87725 3.04941 1.24924 5.72392 
2.47773 5.37164 2.24843 3.76867 3.3902 2.82818 2.23691 5.4736 
1.23063 1.65845 2.52577 4.30396 5.45788 2.34681 4.66028 4.63494 
4.0688 3.39216 3.30196 1.05053 4.52756 2.197 2.98687 4.53683 
2.16231 3.45183 1.38288 1.81369 3.09972 2.18565 2.22997 1.32181 
2.53209 3.70832 1.2115 2.22997 1.27697 2.69246 3.06662 3.2094 
1.15638 3.3821 3.12298 1.10316 2.54265 1.53513 2.7102 3.22837 
2.49204 2.09012 0.669601 5.99699 1.24126 3.60288 1.92569 3.97527 
2.78693 4.56822 1.77242 4.0929 3.51945 1.24355 0.908805 2.16247 
3.56348 1.20296 2.81904 3.11542 4.53147 5.91538 1.94354 4.30041 
2.22358 3.22469 4.81055 4.5439 1.60243 2.05168 8.16285 2.58386 
2.713 1.61736 2.0594 2.49507 3.51687 1.26686 1.59913 2.47124 
1.29435 2.22002 1.10063 1.52035 1.35689 1.76595 0.666104 1.29378 
2.49134 1.79867 1.44082 1.31821 4.19283 2.81256 0.913745 4.2627 
5.67152 2.30844 8.35892 3.38006 6.33741 2.5111 4.40236 1.75493 
2.99739 4.58631 2.05542 12.936 3.3078 1.559 3.2248 1.56295 
0.963659 3.95548 6.82884 0.963659 100 100 100 2.27422 
100 7.20838 4.82405 0 100 100 0 100 
0 0 0 0 0 0 0 0 
0 0 0 0 0 0 0 0 
# LVDC U1 t0 parameters T0 Error 
0 0 0 0 100 100 100 100 
3.1547 2.27422 100 100 3.85416 100 5.05026 100 
100 100 100 2.09919 1.66721 4.57803 0.535875 3.8583 
100 3.1889 3.3798 2.53183 2.09919 5.15345 100 100 
100 2.11005 1.21528 1.89847 1.21528 2.22072 2.82843 0.639584 
2.88947 2.53726 2.51841 5.84668 6.89312 1.43684 4.34426 1.40562 
2.35168 2.33559 3.52389 3.91829 1.05298 2.49103 1.36237 5.80187 
9.05815 1.21966 2.99957 4.88752 2.24976 2.55663 1.92486 4.86058 
3.73247 1.62113 1.55947 4.88752 3.62081 7.41968 0.994354 4.0428 
2.93488 2.71905 2.39197 1.81463 1.95464 1.46842 2.171 3.02081 
3.34229 0.849034 2.24607 4.1681 1.65695 2.91777 3.92395 1.07569 
1.69485 8.10648 1.73784 1.6244 1.63677 1.78327 2.26791 1.78248 
0.873202 1.59397 3.53235 5.34375 6.00815 1.1789 1.45044 0.894274 
1.87942 4.56615 2.86058 6.25185 5.06466 2.57377 2.78122 0.92176 
1.22589 1.65027 4.35034 1.79997 1.40249 1.22166 6.58035 5.73469 
5.45091 4.67693 4.63222 1.91795 1.63721 1.4456 0.776913 1.13471 
5.15419 3.55232 1.48303 0.336579 0.877975 1.75156 1.09614 4.03159 
4.9506 2.03172 5.45091 2.21672 1.82497 2.00272 0.94425 4.05504 
1.92654 3.36709 5.60169 3.79329 2.3871 1.13895 1.27641 2.53273 
2.32001 1.17798 3.93308 5.04953 2.70316 3.63479 2.25854 3.13517 
1.08603 4.66323 2.47973 2.26359 1.95797 1.82438 1.04733 2.38937 
3.37736 5.53448 2.08108 5.41237 3.57227 1.53317 5.12041 4.19949 
4.14551 2.03162 2.73098 0.920959 6.72058 1.48171 2.77457 3.51569 
2.11584 1.91141 2.44758 1.66041 2.01837 2.23616 2.50537 2.62979 
1.29223 4.71803 1.87486 2.67034 2.18027 1.65674 1.51464 7.07845 
1.53838 2.68917 0.799839 4.53705 1.92891 5.50577 1.04428 3.07352 
0.961416 5.96333 3.23908 4.99351 1.00388 2.77597 4.70808 4.07177 
2.99258 1.24068 1.86723 0.586562 1.56 7.32954 5.38836 1.70448 
4.453 2.24488 1.50231 2.49706 0.47133 5.13311 2.98908 3.27585 
2.6194 3.02979 1.94406 2.01782 4.48058 3.24375 0.672637 1.99858 
1.65674 2.49134 2.26486 3.56632 1.5462 2.43591 2.61159 6.46129 
4.29267 1.17451 1.21183 2.93108 6.8889 3.28196 6.0506 0.710867 
1.57277 5.96353 1.99491 4.93307 3.58291 5.20613 1.13696 3.71805 
1.61056 4.76256 1.71659 2.28446 4.73078 1.09419 1.65721 5.50818 
4.96063 1.41256 3.5649 0.990309 3.64263 1.50129 2.9194 4.80616 
5.76364 4.99905 4.50066 4.22435 1.1954 1.86239 1.02315 1.62941 
4.77977 2.35779 3.80507 4.36674 0.540516 1.17126 1.31289 2.95364 
6.27802 1.25591 4.28281 1.64344 4.53213 1.86397 2.95951 6.25185 
2.70606 1.57789 1.50877 1.09439 1.9874 2.55677 2.09196 2.38705 
2.4725 3.42669 1.84111 2.00168 3.27064 4.74444 2.96768 1.02138 
2.26412 2.34348 10.3783 4.56155 2.83747 2.2407 4.83363 4.27207 
6.93198 1.19648 1.01077 2.38455 3.14506 3.77635 100 0.963659 
5.26491 7.39058 0.942809 5.15345 100 1.1176 7.20838 4.12252 
100 100 1.33333 0 4.82405 3.1547 100 1.66721 
3.1547 0 0 100 0 0 0 0 
0 0 0 0 0 0 0 0 
# LVDC U2 t0 parameters T0 Error 
0 0 100 0 0 100 2.27614 3.1547 
0 100 3.58822 0 2.61803 0 0 1.51612 
2.27614 1.1176 1.5207 6.50004 4.57803 1.1176 0.876488 3.94239 
2.89443 10.8892 5.54658 2.53183 3.36603 0.639584 1.63772 1.47683 
2.56314 2.82767 4.08137 5.73469 1.05812 1.82137 5.20947 0.789345 
3.57012 3.9568 2.61608 4.16176 0.605408 3.20299 2.30946 2.88597 
2.76657 6.19241 2.00732 1.84111 3.07758 3.07063 2.64829 1.54101 
1.1384 2.47973 2.31273 4.5983 2.38645 100 1.9874 2.99739 
4.41939 2.25405 1.99613 4.71002 3.22421 9.18482 3.59692 2.06785 
3.43139 4.4971 2.38988 3.86697 0.922768 2.6251 1.54617 0.850348 
2.07156 1.89419 3.93725 4.4393 1.03423 1.475 1.03003 3.52591 
1.73182 1.88613 1.37127 1.25072 1.6711 4.2051 4.53878 3.26054 
1.35973 4.17507 3.22369 1.54058 3.87671 4.97389 6.18767 3.80305 
3.96593 2.81274 3.50743 2.28403 0.918617 2.19714 2.06851 4.45566 
3.78271 1.39879 1.5803 4.6644 0.563684 2.50694 4.14975 4.52183 
1.78488 2.37763 1.00994 3.51035 2.79872 0.88069 1.91219 0.511063 
6.17023 2.08529 2.87098 1.93916 1.89639 2.31545 1.28973 1.73689 
1.70186 4.57958 1.45401 4.52183 1.24132 5.23883 1.76295 3.87303 
5.96741 2.37608 7.11022 2.73098 2.00844 3.93647 2.0838 2.49709 
2.4689 1.67648 2.86935 1.80902 4.10626 2.26114 1.43526 1.2444 
3.13016 1.44439 2.38251 2.58153 2.18117 3.84042 2.34681 2.12261 
4.66006 1.68613 4.79637 6.67919 2.82059 1.43237 1.55363 4.09311 
2.80377 1.65027 1.54467 1.28378 5.65494 1.65701 5.44479 5.77131 
2.25759 1.60005 2.08491 3.34229 2.59239 7.88152 6.08346 1.60608 
3.60958 1.3845 2.94281 2.35079 2.11861 8.20233 1.85687 3.83667 
3.76253 4.87284 2.03969 1.19495 5.05356 1.52186 2.61674 5.0901 
2.03421 4.64317 1.98852 3.99308 4.42162 2.87559 2.055 3.60314 
3.40893 5.10672 1.52333 3.35662 4.2003 2.55134 3.70441 1.49367 
4.925 1.61838 2.85249 1.72399 6.43734 5.17032 3.98592 3.54008 
2.52357 1.83692 1.57112 2.15052 2.17891 1.09673 1.94877 3.47915 
2.13464 3.30713 1.49678 2.93341 3.32633 1.37718 3.51299 2.35283 
1.77907 1.68495 1.80818 4.198 2.71905 5.56539 2.33615 1.98707 
3.23264 1.93218 1.65218 1.37269 1.34215 2.49134 4.57908 1.75589 
1.61272 3.63984 2.31044 5.46153 3.33786 2.37768 1.78724 4.10108 
2.58403 5.30589 2.38251 5.83131 3.54893 1.7855 1.15804 2.98258 
1.57143 1.33176 2.21363 2.5111 1.03767 2.33911 1.07027 2.87093 
1.41148 2.53488 3.45746 2.69226 2.4405 1.42202 2.64093 3.04049 
1.56949 1.32019 9.44446 0.478237 4.38371 2.03413 1.83364 2.83997 
2.28423 1.41183 4.33481 3.72693 1.16324 6.6344 5.11058 1.43248 
1.82624 3.29299 2.95962 2.98227 2.06172 6.28451 1.72744 2.40999 
3.53701 1.26508 2.77962 4.87349 2.63159 11.6026 1.4197 2.30818 
4.176 2.3429 0.891928 1.63772 2.00188 2.90026 6.41209 1.05812 
3.12132 2.53183 3.00652 6.70332 2.05981 3.58114 3.33837 2.09581 
1.43945 1.03539 100 4.28732 2.2635 2.09919 1.78734 1.29536 
0.569036 2.71862 2.27422 3.58822 100 100 4 100 
3.58822 3.1547 2.61803 0 0 0 0 0 
# LVDC V1 t0 parameters T0 Error 
0 0 100 4 100 0 0 0 
100 100 3.94239 3.53285 2.93185 3.1547 1.1176 100 
0 3.41421 100 3.98119 3.41421 8.99056 100 5.15345 
3.8583 3.58822 2.39385 2.93185 3.04594 0.535875 4.12317 3.33466 
3.61803 2.82843 7.81324 3.09384 13.6161 1.65494 5.53476 1.48605 
4.1358 3.87713 2.46548 0.45418 2.90874 3.55724 2.55981 1.37864 
2.41916 1.01343 4.94879 1.52889 5.3158 3.10072 4.7381 1.69271 
4.96812 6.05186 2.77329 4.05411 3.98592 4.20346 1.84984 5.53933 
5.04074 8.35353 1.25823 2.40278 5.14026 2.03169 0.894274 2.55228 
3.53701 5.00902 3.68057 1.54698 1.74652 1.06889 1.27433 4.28092 
1.73022 1.95529 1.95374 3.0269 2.58342 5.53448 2.13048 2.28712 
1.73331 4.23658 2.86935 2.68651 4.79526 1.92235 3.71805 1.8103 
1.96382 6.00615 4.12681 3.23264 2.68358 1.00462 2.98227 5.87203 
3.07662 1.21966 3.43342 1.20681 7.97811 3.49746 4.30837 3.03098 
1.17474 4.68852 4.83776 4.79942 3.03593 1.2274 1.54543 2.28403 
7.5334 3.69224 1.97798 2.29722 1.02816 2.61807 2.69058 4.35034 
3.55024 1.81136 2.84533 1.67639 6.00347 1.29637 4.04748 1.03764 
1.4561 3.90426 2.93921 1.56272 5.29677 5.86848 4.29966 2.27481 
1.73689 3.29948 4.24707 7.77996 1.46366 5.11531 3.37853 2.66747 
6.3501 1.28318 2.5336 1.33062 4.09572 4.93789 5.35026 4.76815 
5.92932 1.18979 1.84959 1.95819 1.54922 2.9764 3.34262 2.03026 
2.47645 4.36803 4.63302 2.49642 0.942536 4.58547 2.95469 2.74676 
2.60263 2.3226 2.00346 2.2554 4.78066 4.71803 10.7244 7.6486 
2.14842 2.77442 0.898807 3.03593 2.6473 5.53544 2.08562 1.35045 
3.73978 3.68365 3.31234 2.36526 6.80975 2.73127 1.00994 0.867841 
2.51591 2.95952 4.25293 2.13948 0.962565 1.92314 1.80221 4.83276 
4.88538 3.05431 1.88939 0.991445 0.799321 2.00905 2.01533 5.4933 
6.37195 5.01335 1.46737 1.25809 6.16235 2.15872 3.81375 3.51904 
2.73921 2.37211 3.55975 2.36609 2.28912 2.17469 8.37105 1.18845 
1.41029 2.98908 1.55485 5.41868 3.18444 1.68014 2.40066 3.68704 
3.20796 4.61132 3.52409 6.54054 1.82039 2.11525 2.04612 0.714069 
5.77131 4.48975 2.80356 4.2051 4.804 3.73318 4.23442 9.44027 
1.63256 3.60251 5.52481 3.81733 2.9746 3.75911 2.54362 1.40667 
1.14037 0.947822 1.82952 1.08143 1.99248 2.10404 2.26026 1.82629 
2.27427 2.21069 4.14896 2.75881 2.22552 5.13298 2.8367 1.3845 
2.30091 3.46841 3.20796 2.27179 4.23693 3.1052 1.88477 1.90347 
2.01077 3.10949 1.76587 2.68358 2.45083 3.00107 4.8699 4.43447 
3.92687 2.63125 5.9054 4.41395 1.96949 1.51248 3.90426 3.10003 
3.2011 1.39351 2.27008 3.13707 1.73022 3.61018 2.48616 0.68437 
3.92285 6.50657 1.13678 1.25072 2.67062 1.89847 3.27772 4.52704 
1.63772 3.01703 3.05663 12.5368 4.10712 1.93929 5.32224 2.54416 
2.78769 3.41654 1.5207 3.77635 2.53183 0.876488 100 0.535875 
7.39058 100 2.61803 6.24264 4 1.75806 1.51612 100 
1.1176 100 2.93185 1.5207 100 4.57803 2.27614 100 
100 4 0 0 0 0 0 0 
0 0 0 0 0 0 0 0 
# LVDC V2 t0 parameters T0 Error 
0 0 100 100 0 100 100 100 
100 100 100 100 100 2.27614 4 1.33333 
5.54658 6.13687 1.5207 2.63555 100 1.80156 0.535875 3.04594 
1.89282 3.07356 0.855534 4.08137 7.56226 3.98119 4.48354 2.48183 
1.25 3.4353 1.43945 1.92486 3.23011 3.63878 6.25176 4.3985 
1.79411 5.37814 0.898807 3.23011 1.25072 3.67544 1.78715 1.30242 
3.01398 3.79515 1.651 1.81463 3.96522 5.03856 3.2248 1.02079 
2.77128 3.15365 1.09935 1.69419 1.12847 3.41121 2.93444 4.97389 
1.78715 0.927991 3.69784 7.17692 2.7749 7.22031 0.770889 3.74918 
1.59242 1.13348 4.11535 3.90301 4.10108 2.55663 2.13048 1.93722 
1.44082 2.37258 2.52513 2.08529 4.33481 4.51911 1.85671 7.07845 
3.96593 4.85195 1.02816 4.15522 2.45572 1.70362 4.39139 1.32085 
2.24607 2.35821 3.53719 1.76692 2.46377 2.48101 5.22107 1.74911 
3.73841 7.57999 3.33829 5.14632 1.96382 1.47666 2.381 0.462031 
0.648273 5.03022 1.32085 1.91908 6.20535 0.873439 2.86504 1.73631 
4.72725 1.6487 2.18151 3.70028 2.64175 1.92975 2.49904 1.12021 
1.97275 2.81999 2.60275 4.21779 3.16727 6.13713 5.28739 1.35618 
1.58018 3.97032 1.82674 0.929231 3.76445 4.56501 1.63547 2.41093 
3.94263 3.23935 5.60597 1.82518 1.6899 2.06122 2.48297 2.85163 
2.38705 4.7381 3.04001 1.37425 6.94359 2.99138 1.37864 1.43237 
2.00077 5.39672 5.19014 4.43163 1.38219 1.16748 3.97032 1.63559 
0.631723 1.30004 3.70202 2.49177 1.15603 1.63559 5.02589 2.69483 
3.9169 1.71299 2.85132 2.30395 1.36736 1.9597 0.891287 3.93725 
1.06053 2.15471 2.19862 1.39879 3.85083 2.96327 4.05504 4.81387 
5.95279 0.972118 1.83349 2.63733 5.66426 3.54893 1.41939 3.07352 
3.43345 2.98788 1.09816 2.82811 1.31116 2.51535 3.85755 3.0691 
3.32289 3.25903 5.31399 0.938019 1.36794 2.63546 1.07374 3.90585 
2.71097 3.79582 4.11264 1.84984 6.96037 2.19174 1.26508 4.36803 
2.02598 4.15416 1.88477 2.77597 2.08565 3.47681 1.12476 2.098 
1.60623 3.56126 4.67693 6.40038 2.94602 1.60762 1.56878 2.86504 
3.05628 1.87942 4.64922 3.35545 4.35302 1.98574 3.42343 1.74368 
2.95951 4.96647 5.31359 4.1164 5.04747 2.18957 1.34093 3.40811 
5.64867 1.73202 1.17466 1.01626 2.77962 1.62941 1.92915 2.13158 
0.87953 1.42227 4.50674 5.15646 1.14383 3.19413 2.215 1.19236 
2.16692 2.40781 3.14535 2.73864 2.04069 1.83895 1.09719 1.1152 
1.97788 2.38043 4.28955 1.83327 1.59082 1.67981 4.13271 2.10404 
6.6347 2.47792 1.74911 2.27179 1.90181 1.08451 2.24973 1.85277 
1.45705 3.03712 2.75502 2.4915 1.44514 2.21975 5.24603 6.6799 
4.43836 3.86291 1.96267 2.38421 1.59191 1.29081 2.78918 0.913664 
2.68203 2.30946 8.12316 4.53878 9.30602 1.61464 3.35483 2.51475 
1.38442 1.86751 1.17418 1.36038 2.75337 1.63772 5.18114 1.30242 
2.20148 2.65506 3.18771 8.01474 6.56805 100 1.98623 2.25489 
4.8 1.13108 7.95471 7.01848 3.57107 2.23071 4.33942 2.01713 
3.33188 3.04594 100 1.28446 5.54775 100 3.1547 5.54775 
3.14058 1.80156 0.904508 4 2.93185 100 3.58822 2.27614 
1.33333 4 100 0 0 0 0 0 
