# RVDC U1 t0 parameters T0 Error 
0 0 0 0 0 0 0 0 
0 0 0 0 0 0 0 0 
0 0 0 0 0 0 0 0 
0 0 1.30656 1.01835 0 0.707107 0 2.44949 
1.82428 3.06663 11.4399 11.4399 3.51257 2.10819 1.18297 8.55939 
1.72765 3.88581 3.89009 2.99909 12.6156 3.3368 6.67923 1.82357 
1.48883 5.49047 1.95511 2.30113 0.57735 3.41979 2.13289 4.22958 
7.17607 4.51368 3.08474 0.941945 1.63975 8.79259 3.76844 1.77775 
3.84294 7.90933 13.8881 2.66557 5.22653 1.34613 6.81445 2.67245 
3.82391 3.51391 4.29664 2.62068 3.46026 1.91212 2.15889 1.02437 
1.12934 5.04352 10.5625 3.38669 2.45389 5.95327 3.45026 2.03933 
7.38625 2.41838 7.45557 6.52883 9.0829 6.04103 1.69184 9.0829 
5.14309 12.3943 2.84891 3.78864 3.44399 10.5844 7.66728 2.59115 
2.21496 2.2017 2.79043 3.61101 5.46661 1.94926 2.52615 8.48595 
7.13018 4.7746 1.27479 4.89086 1.30675 8.01612 5.07349 3.31304 
10.775 2.07221 2.6006 2.54625 4.58089 1.60907 8.3518 5.47029 
1.62565 4.10009 4.25106 7.47105 2.59011 2.6224 3.63463 3.95587 
6.70386 6.41304 5.50165 3.42461 8.42433 2.52312 2.62314 5.53722 
2.53958 2.27077 6.29643 7.40975 2.04957 8.79521 2.40145 12.3861 
8.02145 1.03808 1.90387 8.85916 8.40923 5.3839 2.64509 4.6181 
8.63061 5.14133 3.75809 7.42165 2.14851 2.61753 4.61099 6.17104 
5.30412 12.2603 2.79108 0.672875 3.7361 9.13396 7.01879 3.89651 
1.55288 1.87425 1.10461 5.94988 3.58751 10.6079 4.29664 2.04292 
4.59738 3.66917 8.82395 6.86086 9.60239 3.58751 3.82391 4.50873 
2.49545 7.19445 6.45735 10.5265 2.36524 6.88573 7.22979 7.82581 
2.3423 5.49397 6.30814 5.20198 5.0162 3.74928 4.21911 5.65094 
3.26526 3.92672 4.3075 12.0536 22.2586 10.0735 2.7552 1.61848 
1.50843 2.50115 2.40217 4.61763 3.00599 4.0076 4.76697 4.53126 
3.52252 5.02143 7.99297 1.44203 10.8633 7.91529 3.50549 11.378 
5.7917 3.83831 8.27292 17.0851 1.68527 1.93201 5.09635 2.55185 
4.2605 6.3865 1.80915 3.95587 5.001 8.80599 6.09021 3.98056 
3.69467 8.23962 11.1046 3.15558 1.85927 5.18541 7.82581 4.90667 
9.47262 5.53722 2.50129 5.14515 3.87081 2.83012 6.68128 2.58726 
11.0574 3.07632 7.94619 8.07732 10.347 3.50727 2.4195 8.71518 
2.02924 4.30751 7.48149 5.41038 6.1761 4.69584 4.82867 2.4969 
1.89567 2.60556 4.6351 3.15953 5.09729 2.78928 2.55688 4.09289 
2.78095 8.29602 4.80188 2.33009 3.7814 5.37045 3.62806 12.2154 
9.48047 13.1287 1.49295 2.5355 3.28343 5.41003 4.77177 0.876211 
3.60156 3.94464 3.99505 11.5787 9.01989 8.63822 3.15362 5.56616 
1.40869 6.76577 4.85492 2.37103 11.7333 4.18838 2.30479 1.89021 
6.87437 1.44674 8.08515 0.982114 1.90459 8.41245 7.66927 2.76455 
1.8235 0 0 1.88389 0 1.90459 0 0 
0 0 0 0 0 0 0 0 
0 0 0 0 0 0 0 0 
0 0 0 0 0 0 0 0 
0 0 0 0 0 0 0 0 
# RVDC U2 t0 parameters T0 Error 
0 0 0 0 0 0 0 0 
0 0 0 0 0 0 0 0 
2.76455 1.30656 0 0 1.90459 0 1.01835 4.27895 
2.48069 1.89021 5.11081 2.07356 6.03438 8.71942 11.2999 2.50954 
0.536656 6.88815 7.16707 3.67111 13.1984 9.01989 5.19746 1.87467 
4.01126 0.972754 0.932422 6.80053 7.0901 2.57029 7.93181 5.71144 
1.50375 5.4207 3.3277 3.21137 0.358162 5.30264 9.55335 15.2288 
3.01987 6.26016 1.03491 2.82551 0.615164 3.96206 3.88477 2.36576 
3.24823 15.6761 1.61659 8.91493 0.606445 7.19888 4.49336 6.41839 
1.00909 1.68527 3.55352 2.47343 1.46981 4.86975 2.36161 4.75532 
7.20873 5.82305 13.0934 6.14044 6.20288 3.33016 2.6006 2.47604 
5.02106 3.6411 3.01987 8.94812 5.40157 1.77272 12.682 3.27746 
1.52775 4.58221 5.30264 7.32827 8.23233 11.0232 8.20653 5.76795 
8.84374 2.97148 5.10439 7.8705 3.07632 3.08474 6.6278 7.38813 
3.95491 3.96206 4.90939 2.7545 7.38014 6.00842 5.09016 6.70386 
3.87081 5.30003 4.28743 2.74945 2.36161 6.98484 3.18308 6.12587 
5.75682 2.78587 1.9995 8.65156 2.74945 6.77854 4.95942 14.8499 
2.75152 8.01612 4.4666 4.20799 2.46355 8.83514 0.675869 11.3377 
5.34208 4.96343 4.99292 6.17104 9.11812 4.40102 8.54328 1.89173 
4.60627 4.3833 3.14443 9.49544 2.56737 2.76542 3.43167 9.32091 
3.67291 2.51232 12.6952 6.6394 3.27569 7.00239 2.23607 3.76825 
2.6624 2.93414 5.23745 6.68751 1.82357 10.7869 6.24041 11.4535 
1.80062 6.45897 6.43896 4.89476 3.19707 7.47655 3.62584 11.4366 
3.38538 4.07709 1.65795 11.4427 2.79108 1.76215 6.09931 4.34435 
6.89978 2.71474 5.3585 1.71481 3.55923 4.16629 9.63727 2.06322 
6.89632 3.48383 3.46592 6.56844 11.9286 2.26248 8.37934 9.34964 
22.2586 5.05943 3.9408 7.93748 3.35315 1.7136 3.92838 4.17983 
10.7467 4.95291 3.10172 5.06433 1.50116 5.48535 8.28445 3.29058 
11.0989 10.2261 6.14002 2.9417 9.1101 3.74352 8.62475 1.65455 
3.68726 1.79912 5.32016 2.98219 5.17339 10.3301 11.1599 9.88958 
5.32016 8.12997 1.94149 3.34583 1.92559 4.48442 18.4514 4.8662 
5.13306 1.99293 8.21242 4.80308 2.09472 1.91541 4.4681 9.16751 
10.4797 2.95107 6.02959 3.03649 2.93371 8.03384 5.16072 3.74722 
3.29883 4.54132 2.39009 4.31809 5.09228 2.2546 2.9183 6.88573 
1.78177 14.6866 2.10563 5.49963 1.8837 1.97264 4.88207 8.65156 
2.89768 7.48736 6.1761 5.61141 3.64352 3.52153 2.68402 7.97331 
2.53696 8.27913 5.39724 10.3845 10.8988 4.56106 4.8376 4.56237 
1.95514 11.2013 8.53484 3.39805 4.59552 2.68439 3.09879 3.72824 
2.21869 20.3638 4.04401 4.15231 3.37122 4.79442 0.627694 5.48872 
7.23838 3.77985 8.57381 1.26953 2.35143 1.49916 2.83851 9.97382 
4.87472 9.70732 3.85149 5.70448 1.64728 6.0515 6.10898 3.62249 
1.42947 8.04668 5.18416 12.434 11.479 3.3368 7.05507 5.07645 
9.04036 6.67685 4.37696 3.88235 0.430331 0.781387 0.982114 2.89278 
0 1.30656 3.61068 0 0 0 0 0 
0 0 0 0 0 0 0 0 
0 0 0 0 0 0 0 0 
# RVDC V1 t0 parameters T0 Error 
0 0 0 0 0 0 0 0 
0 0 0 0 0 0 0 0 
0 0 0 0 0 0 0 1.01835 
0 1.90459 0 2.44949 1.01835 3.64933 6.10432 1.29267 
4.18838 1.89021 3.47555 5.65685 1.44674 3.18707 1.53819 3.71691 
4.30994 2.80614 9.80347 7.65208 6.6229 7.19438 7.23361 1.49891 
5.49047 1.75082 6.48682 3.6874 3.51364 8.98245 4.98019 1.30675 
7.05507 5.99236 3.33756 6.29643 6.60174 2.59011 9.35441 1.82812 
2.66021 13.9506 3.05904 3.6745 5.58566 5.6981 4.75532 4.90625 
5.6225 0.782886 1.48153 2.52465 4.7216 3.38538 3.65353 3.99505 
5.76991 7.38956 7.00675 2.74945 7.46046 2.76898 1.00523 1.8837 
7.00675 0.969301 1.39499 5.81363 2.97565 4.47795 1.68628 19.6942 
5.87988 2.45461 6.77477 9.19168 2.56424 5.29765 7.59679 1.92344 
7.56528 3.96206 5.80585 11.4366 4.20923 3.32907 5.89981 3.04755 
4.00788 3.71917 7.41154 9.38963 3.41088 2.56159 8.79521 4.95942 
1.7116 10.2524 3.35358 6.01294 4.33811 3.14258 9.11812 3.51925 
7.51774 4.42693 4.8875 5.95809 1.61133 4.95291 3.75923 16.1757 
0.839675 5.80848 2.95557 1.68527 0.657226 1.84524 4.56173 7.4649 
4.06326 5.48944 2.63164 5.3256 7.31276 2.74647 4.13426 3.44194 
4.29032 6.74232 16.0657 4.88019 1.6107 3.64977 7.62172 5.8826 
5.42372 1.72687 3.40523 1.79331 3.47945 11.3316 9.79374 6.8723 
3.89908 2.66654 9.89042 2.93427 8.71414 10.7936 8.56531 1.32133 
3.64352 9.5109 2.73867 5.92517 3.46592 7.55779 2.02691 4.6947 
3.19704 3.34519 6.32663 4.79115 1.76722 7.70228 9.72647 10.0759 
1.55645 17.3867 3.08849 5.95672 6.00516 2.38411 13.0505 4.55119 
3.1311 2.07311 7.4642 2.26628 3.7814 3.09979 4.78839 6.05224 
11.523 1.13178 6.36491 8.85916 2.17533 2.07311 6.95044 7.08391 
4.78523 6.77854 3.33162 3.98791 2.40651 4.18849 3.82424 4.79864 
3.61818 2.03773 3.43167 3.59084 6.00277 2.75833 4.91092 2.44876 
3.40523 4.12075 1.96093 2.05968 14.0114 3.80011 5.21088 6.59215 
5.09016 3.38431 3.19883 1.95694 9.38766 5.13075 4.74105 3.07626 
6.88082 4.45595 1.90562 4.15231 4.62783 5.98705 4.45983 7.24655 
2.6624 5.29091 3.0342 8.0411 2.20989 6.94445 1.80815 3.10608 
3.60704 3.68726 2.41287 7.05064 6.83426 3.76825 3.6985 1.53911 
4.38313 2.49556 4.91092 8.43731 5.65094 4.13137 4.42793 6.46198 
1.9279 12.2583 2.98565 2.51586 3.79074 5.5533 3.81811 3.06859 
3.0473 7.25064 17.4869 5.51253 6.06462 5.79872 2.70355 6.87243 
2.25188 4.82449 4.97406 2.73853 2.73504 1.44674 4.14925 2.57881 
2.6224 4.89218 5.29441 6.66708 4.92242 13.958 8.94812 5.039 
2.15889 2.79225 7.93301 8.17243 1.43324 2.63561 11.1703 3.7286 
6.16203 2.42369 14.7354 0 2.68135 1.40833 0 1.90459 
0.707107 4.4479 2.89278 0 0 0 0 0 
0 0 0 0 0 0 0 0 
0 0 0 0 0 0 0 0 
0 0 0 0 0 0 0 0 
0 0 0 0 0 0 0 0 
# RVDC V2 t0 parameters T0 Error 
0 0 0 0 0 0 0 0 
0 0 0 0 0 0 0 1.01835 
1.01835 1.01835 0 3.53159 2.76455 3.61068 0 0.536656 
6.84075 1.89021 0.430331 1.65246 4.85492 6.0515 2.45689 5.42223 
2.84572 4.52104 7.05623 7.50291 2.73751 3.91616 1.86665 1.14159 
1.57694 4.36148 5.77851 4.11694 2.62569 3.9629 2.9427 5.49047 
5.44289 3.65323 9.50897 2.00048 6.54696 2.51959 10.1982 0.798021 
5.87985 10.4703 6.49005 4.86797 9.42424 2.64944 16.8509 1.77775 
4.19075 4.32393 3.10234 1.56819 12.6572 8.25712 9.76212 2.63027 
0.23417 2.68659 9.46717 3.6411 3.6411 4.83283 4.43899 4.66864 
5.15097 3.74947 2.73853 2.91139 11.6533 7.60756 1.15991 2.69637 
9.01941 4.51368 5.41109 11.5761 2.81916 2.48662 3.95098 3.7361 
4.58089 5.71144 4.47892 3.20557 3.04383 8.44885 2.27919 2.87113 
1.45642 3.28467 9.29181 1.20356 10.3658 3.82391 4.75032 4.21839 
3.63081 1.24095 5.59209 11.9286 10.7247 8.10466 10.4934 6.03531 
2.63534 3.6874 2.31437 2.61615 1.56819 1.88389 5.08919 4.75032 
5.94885 10.6079 1.89637 9.27859 2.17284 2.10318 1.4226 7.38014 
4.79442 1.97002 4.34334 1.05318 8.54282 5.20198 3.09181 9.76022 
6.66708 2.22894 5.99451 2.0841 11.6464 1.70291 3.48772 1.44376 
9.32091 1.13178 1.68527 6.05444 6.38045 4.07158 6.62331 7.16662 
2.73853 3.31927 5.82302 7.66728 2.72127 3.80216 15.8029 5.20198 
1.6155 3.46812 3.68235 8.49117 4.35263 5.26628 10.7269 7.46046 
7.8419 9.39133 5.03156 1.50614 5.60155 3.04383 5.18055 3.62421 
3.43216 1.47319 3.4678 3.05904 2.65833 13.9332 6.12484 10.0758 
4.78839 5.52475 2.46615 0.985486 13.1287 8.87964 2.9127 1.07082 
2.68939 7.94995 2.83945 2.11975 8.70307 8.06821 2.6751 4.07193 
1.78218 13.6689 3.36442 9.73278 0.840643 9.30931 4.16611 2.48692 
6.40572 2.4168 3.23331 4.88535 4.62469 8.70307 2.15272 5.01477 
1.73957 10.6142 2.45566 3.62308 2.63984 1.79331 5.57965 2.87317 
1.28683 1.23777 1.8548 3.0022 8.29283 4.67558 11.9706 8.30245 
2.37654 3.46547 4.74582 3.27569 3.11402 1.64491 5.7917 2.22166 
3.75316 4.05777 5.4207 3.59177 1.7028 14.4593 5.8171 1.59772 
3.83591 3.60043 2.46355 2.37413 0.4342 13.9033 1.22498 4.75032 
2.85702 2.81642 3.46547 3.28592 5.79872 2.77839 4.59738 4.56413 
3.77007 1.104 5.01547 12.8648 12.9276 4.52102 9.58638 7.14092 
2.05675 3.72457 1.8262 4.20799 9.46999 6.90194 4.92808 3.46712 
2.80667 3.06573 3.42694 2.19955 8.0326 3.96837 6.61559 4.21934 
0.725444 2.39212 2.70764 1.38414 2.44495 1.53363 5.55046 3.88477 
2.58078 1.01117 1.81819 3.45692 3.96837 1.52981 7.17607 4.15231 
3.24708 3.14388 4.42877 2.30617 5.56617 6.79164 4.57827 5.93616 
1.73004 7.11529 7.58714 3.08474 6.21094 2.91448 1.60541 2.84575 
8.90705 1.65246 5.70448 2.77293 2.15154 2.27297 1.78004 3.43295 
6.05813 6.84075 3.47555 5.11081 8.41245 3.64933 5.09877 0.707107 
0.707107 1.90459 2.89278 0 0 0 0 0 
0 0 0 0 0 0 0 0 
0 0 0 0 0 0 0 0 
# LVDC U1 t0 parameters T0 Error 
0 0 0 0 0 0 0 0 
0 0 0 0 0 0 2.76455 0 
1.88389 0 0 0 2.89278 0 1.11536 1.88389 
5.09877 0 7.02947 1.30656 1.90459 8.41245 1.82428 0.536656 
8.41245 1.8235 1.90459 4.27895 4.27895 2.38483 0 14.7354 
1.90459 3.53159 5.72194 11.4399 0.57735 14.7354 0 6.75779 
0.536656 6.10432 4.1153 4.60056 0.921517 1.83152 5.40161 18.2842 
8.38218 5.38458 0.536656 4.58258 1.6299 5.18416 3.56676 13.0002 
1.44016 1.87467 6.48682 8.84145 23.4009 2.16087 2.85543 6.79456 
6.48682 8.17243 8.71942 4.11439 2.10819 7.93301 1.91487 9.4952 
1.75959 2.82505 17.2402 3.91233 0 1.26206 6.26016 4.66864 
10.9859 8.27866 7.36873 7.05623 14.3946 1.1583 1.75959 8.17243 
13.0934 4.05755 16.0227 18.2923 5.77311 0.646128 2.07837 5.11081 
19.0527 2.85412 4.15912 3.89026 0.653281 2.08183 5.4451 8.31021 
10.739 2.79043 3.53337 3.7286 7.97504 1.22474 2.74597 8.63822 
4.68979 1.48583 3.53337 4.6181 4.71492 5.88118 5.70448 7.22241 
5.5243 2.07356 9.60262 2.27695 2.80614 7.67026 14.0512 7.41154 
6.81821 1.0583 2.27256 2.42369 3.82114 8.5791 7.22241 24.8933 
3.17196 2.30441 1.78548 1.42953 4.0487 2.63561 5.48872 0.907389 
2.85543 1.57093 5.5546 0.898236 2.4884 2.85412 5.33935 4.89218 
5.35286 4.30041 4.33464 3.53337 2.45461 4.52956 3.70009 3.61539 
4.36782 1.50375 8.45244 6.81864 5.1479 5.35286 2.43243 0.309961 
3.20334 5.19746 3.47325 2.6267 1.61449 6.03438 0.264222 0.741982 
4.92203 6.39372 2.66021 0.549342 8.66602 2.1741 2.17174 2.2621 
1.72465 0.816497 4.3298 19.0808 1.29019 1.66943 3.76028 5.27676 
14.2827 1.29267 2.85412 2.53976 6.51831 1.62035 4.36782 5.12033 
2.53976 4.89218 1.52108 3.82391 9.39434 2.87266 8.84374 2.58179 
2.41315 3.95016 3.45924 4.36313 7.00385 0.825614 7.494 0.880408 
0.420877 6.81864 1.48583 2.57029 13.9234 8.26294 3.36301 2.63027 
4.3298 2.66021 2.52615 5.80611 0 1.48856 20.3446 3.33756 
2.27919 1.65455 4.33798 6.03531 3.20557 2.52615 2.23159 5.99236 
10.423 2.82955 6.25522 3.51172 3.1373 4.36313 4.87472 4.6181 
5.80611 4.66864 2.39109 1.48583 6.0515 3.3277 4.92203 0.402575 
0.863845 7.68179 4.52956 2.46836 9.50897 4.7746 2.06903 7.12524 
6.95555 5.9277 2.58736 1.39951 1.18285 7.11529 2.52465 1.07829 
17.5089 2.58199 4.20533 3.60489 1.50887 6.20288 1.94149 3.56975 
3.95016 4.7746 8.13148 10.7952 10.4703 7.10027 4.81797 2.89685 
1.42844 9.73441 3.46954 3.05031 2.16087 7.65208 3.31614 2.45689 
5.96162 6.67685 1.86665 2.79225 1.23483 3.91233 2.64966 7.62194 
4.29061 2.69349 1 2.45389 1.60694 2.834 3.11386 3.53159 
3.18049 1.11536 3.67111 0.985211 13.745 0 6.13969 5.03908 
0 5.09877 6.84075 1.49071 3.06663 0 4.22958 4.27895 
2.68135 2.76455 1.8235 2.76455 1.01835 2.76455 1.88389 1.30656 
0 0 0 0 0 0 0 0 
0 0 0 0 0 0 0 0 
0 0 0 0 0 0 0 0 
# LVDC U2 t0 parameters T0 Error 
0 0 0 0 0 0 0 0 
0 0 0 0 0 0 0 0 
0 0 0 0 1.49071 1.49071 2.89278 4.27895 
1.75398 0.707107 0 3.43295 2.89278 1.82428 2.89278 0.707107 
0.982114 0 6.75779 3.13031 1.40833 2.834 2.07356 6.92155 
3.0769 3.40369 2.21437 6.26281 3.43692 2.79043 0 4.55077 
0 5.58198 2.30479 6.44813 1.69678 1.87467 3.51257 3.9629 
2.55647 6.67685 2.31354 8.17243 2.30479 0.653281 4.40367 3.67111 
1.48856 1.87467 6.0626 6.35756 1.65246 0.892755 3.12289 4.68979 
3.05511 11.5577 2.08205 0.932422 2.55726 2.30479 0.863285 5.7016 
2.21437 2.8143 2.42369 3.6874 3.27746 8.27866 0.306186 1.87467 
6.49005 3.31614 0.982114 14.7 8.8832 1.26206 2.37103 6.44813 
2.89685 7.19438 4.18135 0.758947 1.50375 2.31074 1.04601 3.64741 
7.19438 1.38441 6.52259 3.6874 8.04875 2.32352 8.17587 15.7496 
17.2402 5.36898 5.03908 28.384 7.74439 11.0214 2.07837 5.98401 
5.7016 2.58736 4.38719 0.45987 4.0076 8.48986 2.57881 5.98963 
2.57881 1.65654 3.67111 3.91616 5.0455 4.52956 4.01779 2.39109 
4.72918 6.17451 6.49005 3.46954 12.5062 2.08156 3.92306 1.81037 
11.5787 4.62795 2.30889 2.89685 6.48682 1.27323 2.58631 1.96567 
1.98639 5.98401 1.72892 4.01126 4.69443 3.43005 2.48069 5.58019 
8.87512 0.992145 6.47711 0.430331 0.236643 5.06243 10.0312 8.84145 
2.82505 4.68979 4.4952 3.10371 10.9601 5.44289 1.345 1.37105 
2.1741 11.479 3.31614 1.76567 6.0626 2.1455 2.63809 0.66341 
0.622543 1.64728 3.28467 3.15362 1.71555 2.63027 3.0769 2.79043 
1.12688 3.06663 4.44324 5.40161 14.755 0.956058 5.12466 3.89099 
5.14245 2.09043 5.77311 1.69443 1.20356 2.12202 1.40055 7.494 
3.48159 3.47325 0.892755 0.698741 3.1403 5.81656 5.06798 1.45295 
3.3143 3.89009 1.65654 1.14159 1.87467 10.0045 3.44893 6.8328 
0.322431 5.07645 5.61989 2.67317 9.1766 3.19704 0.761252 2.86846 
12.6219 1.64522 1.92579 3.91233 2.09154 9.8236 1.07883 5.94604 
3.20557 2.64102 2.08057 4.17871 1.94912 11.3635 5.77311 5.22653 
7.86333 2.5151 10.498 10.3683 1.44674 9.69501 14.8874 4.67108 
6.16203 0.267078 4.83689 8.26294 1.59047 2.8143 13.7517 5.88118 
12.434 2.43243 3.35358 2.28598 5.23873 1.54143 1.49891 4.71492 
2.74647 2.12202 5.14133 9.19168 4.40102 4.36313 2.57032 4.83283 
2.22166 5.41003 15.3763 5.70448 2.39109 6.35851 4.69443 2.80614 
6.67148 1.39285 6.35851 4.29061 2.02018 1.02738 2.53976 7.83341 
3.45592 4.05755 15.7496 1.0025 3.3277 2.18837 1.95511 6.94445 
3.15362 8.04875 1.79637 5.53413 5.99236 0.918695 2.03492 6.03531 
1.98639 2.80614 2.0078 6.41839 6.28642 8.27866 2.77293 0.353553 
6.68353 1.91491 3.06663 4.70016 6.10432 5.40161 2.03933 5.039 
0.932422 1.40833 4.21768 2.48069 12.3942 5.03908 8.08462 2.76455 
3.13031 6.37802 1.75901 0.832122 4.63885 1.8235 1.8235 1.40833 
6.75779 0.707107 1.29267 1.49071 2.89278 5.65685 0.982114 0 
0 0.707107 0 0 0 0 0 0 
0 0 0 0 0 0 0 0 
# LVDC V1 t0 parameters T0 Error 
0 0 0 0 0 0 0 0 
0 0 0 0 2.76455 0 0 1.90459 
1.30656 2.44949 1.90459 1.88389 3.61068 2.76455 4.37696 1.90459 
8.41245 5.65685 2.89278 4.11439 4.27895 1.40833 5.09877 5.09877 
0 1.8235 0 7.66927 0 0.707107 1.49071 3.43295 
4.18838 3.43295 5.21886 3.47555 20.8928 3.51406 2.63561 1.48263 
1.14159 3.91616 3.27746 4.86209 5.14245 0.941945 2.57881 1.345 
5.07645 1.65246 7.19438 4.6576 1.39951 5.81656 7.53691 1.27323 
2.13593 1.83152 7.63818 5.8586 0.64777 1.60541 2.58736 3.90702 
0.921517 3.06847 5.72194 1.0286 3.06663 4.01126 12.1088 6.25522 
5.1479 3.7852 5.82302 5.36898 1.79085 2.16087 1.57093 4.18135 
9.4952 3.64931 3.85149 0.608581 4.48443 2.62569 11.5577 4.92278 
4.14433 4.40367 7.36873 3.62249 4.66831 7.97504 4.92278 1.4783 
4.75809 1.95511 5.039 5.5546 4.36313 6.90305 2.1741 2.64182 
4.4952 0.302707 1.48583 7.39856 8.27866 7.08787 4.01126 5.06243 
5.44289 0.653281 3.91616 12.5062 10.1344 8.25712 3.17135 1.46349 
1.26206 5.97804 1.5881 5.8586 6.24284 13.0002 1.75803 5.07305 
3.77676 3.7286 1.72737 1.9866 5.77311 13.958 1.11536 1.32886 
1.86665 2.86825 7.58714 3.45592 3.61539 1.58442 4.52477 7.37581 
3.05031 19.7281 7.53691 2.66021 2.87266 13.0934 5.31352 13.0028 
3.17526 3.7672 0.952861 5.58019 4.68162 1.5881 4.68979 2.75689 
1.1477 8.04668 4.29061 6.52259 2.51586 2.46761 2.97965 3.51172 
2.53264 6.21094 9.20032 3.13031 2.39109 9.50897 0.888656 3.92363 
1.82357 1.57694 1.39813 5.30264 1.03491 13.1984 11.3995 1.64031 
1.48856 3.63081 6.19649 5.70448 8.61224 10.247 3.82114 7.93181 
3.02285 1.21141 10.7952 2.82505 6.40572 5.40157 2.48051 3.37759 
10.5844 2.08183 5.14245 1.09689 2.0883 4.66831 13.515 6.72721 
3.11415 10.7597 3.91233 6.03531 2.58736 2.27297 4.62795 2.27695 
2.45461 0.921517 3.76844 5.18416 1.71407 3.73106 1.89445 4.0076 
6.01294 2.5151 1.46349 8.41955 2.62149 3.39622 4.03627 3.91616 
6.51831 2.69002 6.40149 0.918695 2.30538 1.03491 2.52615 3.98919 
3.61101 5.06933 1.68628 9.58377 4.72918 3.5415 4.34702 2.51172 
2.1076 3.3277 2.79043 7.53691 5.44553 3.12502 1.79085 2.33778 
4.60466 9.55335 4.21207 2.17162 1.39951 5.95673 3.06412 3.08671 
5.56616 4.25202 1.04601 1.89567 0.667972 4.91772 2.19955 2.43023 
1.42068 2.95732 3.89099 5.12466 7.68179 3.55078 7.82736 2.80614 
0.593286 1.53819 2.0078 6.55013 3.19704 2.91448 0.998722 6.67685 
15.6506 2.40145 4.76918 12.0642 10.5372 0 10.7241 1.86665 
10.432 6.03438 5.03908 2.834 5.03908 2.30479 0.982114 2.60726 
6.92155 3.89026 5.07645 1.29267 3.94541 1.07883 3.59815 7.9576 
3.11386 9.41238 1 2.37134 4.11439 3.61068 2.44949 1.40833 
2.48069 7.02947 1.40833 2.76455 0.951057 5.09877 9.55595 0 
0.536656 0 0 0 0 0 0 0 
0 0 0 0 0 0 0 0 
0 0 0 0 0 0 0 0 
0 0 0 0 0 0 0 0 
# LVDC V2 t0 parameters T0 Error 
0 0 0 0 0 0 0 0 
0 0 0 0 0 0 0 0 
0 0 0 4.27895 3.61068 5.65685 0 4.27895 
4.27895 0 0 2.68135 5.09877 10.064 3.43295 9.55595 
4.37696 18.2842 8.31021 1.44016 9.04036 1.75901 1.65246 1.07883 
1.20325 6.88815 2.60726 2.74695 2.834 1.69678 1.89021 1.26206 
8.92544 0.892755 4.4952 13.6646 6.44813 2.89685 1.54042 6.44813 
7.492 4.37696 4.26367 2.30898 8.08462 3.05511 2.13593 1.60541 
15.1688 4.91517 0.675869 4.4952 0.646128 2.10819 3.47325 8.47163 
7.16707 3.9629 4.26367 2.69002 23.489 1.75959 5.74395 3.7286 
2.03492 0.524599 5.45614 4.76918 4.6576 1 1.68628 6.84075 
1.3575 2.30479 29.2319 2.57881 2.48051 1.69678 2.88347 36.0955 
1.38441 7.53691 6.92575 7.492 5.36898 4.51633 2.62149 1.49891 
1.65455 11.0214 1.73205 5.7016 6.16203 3.20557 4.6576 6.81864 
6.24284 4.29061 6.68353 17.1577 6.80053 3.36301 3.61539 1.09204 
1.27682 7.9013 2.93844 2.2621 2.31183 6.81864 3.45443 6.56095 
7.11529 4.52956 7.34096 2.88347 4.05471 18.4146 5.40161 2.1455 
7.9013 4.47892 2.62149 5.98963 6.81864 10.432 2.57881 2.27297 
1.7104 9.41261 4.40367 3.3886 1.57093 10.1866 1.41978 1.72737 
8.98245 4.82764 2.77293 5.0455 7.36873 4.44324 4.86797 3.01987 
3.66637 5.70448 0.866189 3.3368 3.17779 4.66831 5.80611 12.0111 
0.358162 3.94541 3.45592 1.58442 4.05755 3.04274 4.03658 5.70448 
4.21207 1.75082 1.345 3.89009 1.86223 0.798021 2.37134 1.67724 
8.12443 3.82114 1.3495 2.39109 1.96567 4.36782 11.3995 1.65654 
12.4091 2.2621 0.941945 4.15912 2.48069 5.78287 4.11694 4.19075 
6.58247 4.35905 0.549342 5.96162 10.501 2.27256 3.82114 7.81613 
1.4824 2.80614 8.04875 4.29061 7.19438 0.236643 3.95016 1.75959 
2.89685 2.62149 19.0808 2.67317 1.78548 2.89731 3.53337 7.29964 
13.0092 4.35905 8.25712 3.0842 6.71689 13.8136 5.62594 3.89009 
5.06243 3.48159 3.672 5.19746 4.62795 3.60778 2.3988 0.663259 
2.84575 13.0934 12.7201 2.67337 3.18308 7.83341 4.21608 10.7952 
1.53933 2.77492 2.37103 1.50375 7.58263 2.1076 3.71691 2.67337 
6.72442 6.94445 3.3143 1.49295 7.7199 3.89009 10.7011 2.95494 
2.85412 15.3006 2.3988 1.62259 6.46697 2.69002 0.430331 3.56975 
2.75689 1.63975 12.6156 5.97804 3.49558 1.1262 14.8874 3.52618 
9.01989 1.56819 3.45924 1.6378 5.25923 2.41315 4.99896 6.72721 
5.54375 5.95673 7.17607 2.86825 3.33756 1.91669 7.39856 2.3321 
2.9427 6.25522 2.4884 7.44382 6.72721 5.20602 5.19746 0.798021 
5.17749 4.6576 2.08156 1.03009 3.47325 1.48263 0.430331 2.64182 
2.71224 4.66831 5.14245 1.22474 1.79085 4.35905 2.37103 4.21768 
5.13616 14.3084 7.05507 1.83152 0.379886 2.63561 12.0642 1.29267 
5.8586 2.30479 2.30479 6.67685 1.09689 2.68135 12.6496 10.5618 
4.37696 0.681626 3.51257 0.982114 9.76434 0.918695 1.88389 3.61068 
3.53159 0.707107 5.09877 3.53159 0 0 1.01835 1.90459 
0 0 0 0 0 0 0 0 
0 0 0 0 0 0 0 0 
