R.vdc.u1.tdc.offsets=
   0.0    0.0    0.0    0.0    0.0    0.0    0.0    0.0 
   0.0    0.0    0.0    0.0    0.0    0.0    0.0    0.0 
   0.0    0.0    0.0    0.0    0.0    0.0    0.0    0.0 
   0.0    0.0    0.0    0.0    0.0    0.0    0.0    0.0 
2644.2 2644.2 2644.2 2644.2 2644.2 2644.2 2644.2 2644.2 
2644.2 2644.2 2644.2 2644.2 2644.2 2644.2 2644.2 2644.2 
2643.2 2643.2 2643.2 2643.2 2643.2 2643.2 2643.2 2643.2 
2643.2 2643.2 2643.2 2643.2 2643.2 2643.2 2643.2 2643.2 
2644.2 2644.2 2644.2 2644.2 2644.2 2644.2 2644.2 2644.2 
2644.2 2644.2 2644.2 2644.2 2644.2 2644.2 2644.2 2644.2 
2640.4 2640.4 2640.4 2640.4 2640.4 2640.4 2640.4 2640.4 
2640.4 2640.4 2640.4 2640.4 2640.4 2640.4 2640.4 2640.4 
2644.6 2644.6 2644.6 2644.6 2644.6 2644.6 2644.6 2644.6 
2644.6 2644.6 2644.6 2644.6 2644.6 2644.6 2644.6 2644.6 
2644.5 2644.5 2644.5 2644.5 2644.5 2644.5 2644.5 2644.5 
2644.5 2644.5 2644.5 2644.5 2644.5 2644.5 2644.5 2644.5 
2644.9 2644.9 2644.9 2644.9 2644.9 2644.9 2644.9 2644.9 
2644.9 2644.9 2644.9 2644.9 2644.9 2644.9 2644.9 2644.9 
2645.4 2645.4 2645.4 2645.4 2645.4 2645.4 2645.4 2645.4 
2645.4 2645.4 2645.4 2645.4 2645.4 2645.4 2645.4 2645.4 
2646.7 2646.7 2646.7 2646.7 2646.7 2646.7 2646.7 2646.7 
2646.7 2646.7 2646.7 2646.7 2646.7 2646.7 2646.7 2646.7 
2649.6 2649.6 2649.6 2649.6 2649.6 2649.6 2649.6 2649.6 
2649.6 2649.6 2649.6 2649.6 2649.6 2649.6 2649.6 2649.6 
2649.5 2649.5 2649.5 2649.5 2649.5 2649.5 2649.5 2649.5 
2649.5 2649.5 2649.5 2649.5 2649.5 2649.5 2649.5 2649.5 
2648.1 2648.1 2648.1 2648.1 2648.1 2648.1 2648.1 2648.1 
2648.1 2648.1 2648.1 2648.1 2648.1 2648.1 2648.1 2648.1 
2646.8 2646.8 2646.8 2646.8 2646.8 2646.8 2646.8 2646.8 
2646.8 2646.8 2646.8 2646.8 2646.8 2646.8 2646.8 2646.8 
2646.9 2646.9 2646.9 2646.9 2646.9 2646.9 2646.9 2646.9 
2646.9 2646.9 2646.9 2646.9 2646.9 2646.9 2646.9 2646.9 
2649.3 2649.3 2649.3 2649.3 2649.3 2649.3 2649.3 2649.3 
2649.3 2649.3 2649.3 2649.3 2649.3 2649.3 2649.3 2649.3 
2644.8 2644.8 2644.8 2644.8 2644.8 2644.8 2644.8 2644.8 
2644.8 2644.8 2644.8 2644.8 2644.8 2644.8 2644.8 2644.8 
2654.5 2654.5 2654.5 2654.5 2654.5 2654.5 2654.5 2654.5 
2654.5 2654.5 2654.5 2654.5 2654.5 2654.5 2654.5 2654.5 
2650.4 2650.4 2650.4 2650.4 2650.4 2650.4 2650.4 2650.4 
2650.4 2650.4 2650.4 2650.4 2650.4 2650.4 2650.4 2650.4 
   0.0    0.0    0.0    0.0    0.0    0.0    0.0    0.0 
   0.0    0.0    0.0    0.0    0.0    0.0    0.0    0.0 
   0.0    0.0    0.0    0.0    0.0    0.0    0.0    0.0 
   0.0    0.0    0.0    0.0    0.0    0.0    0.0    0.0 
   0.0    0.0    0.0    0.0    0.0    0.0    0.0    0.0 
   0.0    0.0    0.0    0.0    0.0    0.0    0.0    0.0 

R.vdc.v1.tdc.offsets=
   0.0    0.0    0.0    0.0    0.0    0.0    0.0    0.0 
   0.0    0.0    0.0    0.0    0.0    0.0    0.0    0.0 
   0.0    0.0    0.0    0.0    0.0    0.0    0.0    0.0 
   0.0    0.0    0.0    0.0    0.0    0.0    0.0    0.0 
2649.8 2649.8 2649.8 2649.8 2649.8 2649.8 2649.8 2649.8 
2649.8 2649.8 2649.8 2649.8 2649.8 2649.8 2649.8 2649.8 
2648.7 2648.7 2648.7 2648.7 2648.7 2648.7 2648.7 2648.7 
2648.7 2648.7 2648.7 2648.7 2648.7 2648.7 2648.7 2648.7 
2648.3 2648.3 2648.3 2648.3 2648.3 2648.3 2648.3 2648.3 
2648.3 2648.3 2648.3 2648.3 2648.3 2648.3 2648.3 2648.3 
2645.8 2645.8 2645.8 2645.8 2645.8 2645.8 2645.8 2645.8 
2645.8 2645.8 2645.8 2645.8 2645.8 2645.8 2645.8 2645.8 
2649.7 2649.7 2649.7 2649.7 2649.7 2649.7 2649.7 2649.7 
2649.7 2649.7 2649.7 2649.7 2649.7 2649.7 2649.7 2649.7 
2648.6 2648.6 2648.6 2648.6 2648.6 2648.6 2648.6 2648.6 
2648.6 2648.6 2648.6 2648.6 2648.6 2648.6 2648.6 2648.6 
2650.8 2650.8 2650.8 2650.8 2650.8 2650.8 2650.8 2650.8 
2650.8 2650.8 2650.8 2650.8 2650.8 2650.8 2650.8 2650.8 
2647.3 2647.3 2647.3 2647.3 2647.3 2647.3 2647.3 2647.3 
2647.3 2647.3 2647.3 2647.3 2647.3 2647.3 2647.3 2647.3 
2653.0 2653.0 2653.0 2653.0 2653.0 2653.0 2653.0 2653.0 
2653.0 2653.0 2653.0 2653.0 2653.0 2653.0 2653.0 2653.0 
2648.8 2648.8 2648.8 2648.8 2648.8 2648.8 2648.8 2648.8 
2648.8 2648.8 2648.8 2648.8 2648.8 2648.8 2648.8 2648.8 
2654.4 2654.4 2654.4 2654.4 2654.4 2654.4 2654.4 2654.4 
2654.4 2654.4 2654.4 2654.4 2654.4 2654.4 2654.4 2654.4 
2652.9 2652.9 2652.9 2652.9 2652.9 2652.9 2652.9 2652.9 
2652.9 2652.9 2652.9 2652.9 2652.9 2652.9 2652.9 2652.9 
2653.3 2653.3 2653.3 2653.3 2653.3 2653.3 2653.3 2653.3 
2653.3 2653.3 2653.3 2653.3 2653.3 2653.3 2653.3 2653.3 
2652.2 2652.2 2652.2 2652.2 2652.2 2652.2 2652.2 2652.2 
2652.2 2652.2 2652.2 2652.2 2652.2 2652.2 2652.2 2652.2 
2652.6 2652.6 2652.6 2652.6 2652.6 2652.6 2652.6 2652.6 
2652.6 2652.6 2652.6 2652.6 2652.6 2652.6 2652.6 2652.6 
2650.8 2650.8 2650.8 2650.8 2650.8 2650.8 2650.8 2650.8 
2650.8 2650.8 2650.8 2650.8 2650.8 2650.8 2650.8 2650.8 
2655.9 2655.9 2655.9 2655.9 2655.9 2655.9 2655.9 2655.9 
2655.9 2655.9 2655.9 2655.9 2655.9 2655.9 2655.9 2655.9 
2654.1 2654.1 2654.1 2654.1 2654.1 2654.1 2654.1 2654.1 
2654.1 2654.1 2654.1 2654.1 2654.1 2654.1 2654.1 2654.1 
   0.0    0.0    0.0    0.0    0.0    0.0    0.0    0.0 
   0.0    0.0    0.0    0.0    0.0    0.0    0.0    0.0 
   0.0    0.0    0.0    0.0    0.0    0.0    0.0    0.0 
   0.0    0.0    0.0    0.0    0.0    0.0    0.0    0.0 
   0.0    0.0    0.0    0.0    0.0    0.0    0.0    0.0 
   0.0    0.0    0.0    0.0    0.0    0.0    0.0    0.0 

R.vdc.u2.tdc.offsets=
   0.0    0.0    0.0    0.0    0.0    0.0    0.0    0.0 
   0.0    0.0    0.0    0.0    0.0    0.0    0.0    0.0 
2636.0 2636.0 2636.0 2636.0 2636.0 2636.0 2636.0 2636.0 
2636.0 2636.0 2636.0 2636.0 2636.0 2636.0 2636.0 2636.0 
2633.0 2633.0 2633.0 2633.0 2633.0 2633.0 2633.0 2633.0 
2633.0 2633.0 2633.0 2633.0 2633.0 2633.0 2633.0 2633.0 
2631.7 2631.7 2631.7 2631.7 2631.7 2631.7 2631.7 2631.7 
2631.7 2631.7 2631.7 2631.7 2631.7 2631.7 2631.7 2631.7 
2631.8 2631.8 2631.8 2631.8 2631.8 2631.8 2631.8 2631.8 
2631.8 2631.8 2631.8 2631.8 2631.8 2631.8 2631.8 2631.8 
2632.1 2632.1 2632.1 2632.1 2632.1 2632.1 2632.1 2632.1 
2632.1 2632.1 2632.1 2632.1 2632.1 2632.1 2632.1 2632.1 
2639.0 2639.0 2639.0 2639.0 2639.0 2639.0 2639.0 2639.0 
2639.0 2639.0 2639.0 2639.0 2639.0 2639.0 2639.0 2639.0 
2639.1 2639.1 2639.1 2639.1 2639.1 2639.1 2639.1 2639.1 
2639.1 2639.1 2639.1 2639.1 2639.1 2639.1 2639.1 2639.1 
2639.3 2639.3 2639.3 2639.3 2639.3 2639.3 2639.3 2639.3 
2639.3 2639.3 2639.3 2639.3 2639.3 2639.3 2639.3 2639.3 
2640.3 2640.3 2640.3 2640.3 2640.3 2640.3 2640.3 2640.3 
2640.3 2640.3 2640.3 2640.3 2640.3 2640.3 2640.3 2640.3 
2640.9 2640.9 2640.9 2640.9 2640.9 2640.9 2640.9 2640.9 
2640.9 2640.9 2640.9 2640.9 2640.9 2640.9 2640.9 2640.9 
2640.1 2640.1 2640.1 2640.1 2640.1 2640.1 2640.1 2640.1 
2640.1 2640.1 2640.1 2640.1 2640.1 2640.1 2640.1 2640.1 
2640.5 2640.5 2640.5 2640.5 2640.5 2640.5 2640.5 2640.5 
2640.5 2640.5 2640.5 2640.5 2640.5 2640.5 2640.5 2640.5 
2639.6 2639.6 2639.6 2639.6 2639.6 2639.6 2639.6 2639.6 
2639.6 2639.6 2639.6 2639.6 2639.6 2639.6 2639.6 2639.6 
2640.5 2640.5 2640.5 2640.5 2640.5 2640.5 2640.5 2640.5 
2640.5 2640.5 2640.5 2640.5 2640.5 2640.5 2640.5 2640.5 
2639.7 2639.7 2639.7 2639.7 2639.7 2639.7 2639.7 2639.7 
2639.7 2639.7 2639.7 2639.7 2639.7 2639.7 2639.7 2639.7 
2641.7 2641.7 2641.7 2641.7 2641.7 2641.7 2641.7 2641.7 
2641.7 2641.7 2641.7 2641.7 2641.7 2641.7 2641.7 2641.7 
2641.3 2641.3 2641.3 2641.3 2641.3 2641.3 2641.3 2641.3 
2641.3 2641.3 2641.3 2641.3 2641.3 2641.3 2641.3 2641.3 
2643.1 2643.1 2643.1 2643.1 2643.1 2643.1 2643.1 2643.1 
2643.1 2643.1 2643.1 2643.1 2643.1 2643.1 2643.1 2643.1 
2644.2 2644.2 2644.2 2644.2 2644.2 2644.2 2644.2 2644.2 
2644.2 2644.2 2644.2 2644.2 2644.2 2644.2 2644.2 2644.2 
2647.2 2647.2 2647.2 2647.2 2647.2 2647.2 2647.2 2647.2 
2647.2 2647.2 2647.2 2647.2 2647.2 2647.2 2647.2 2647.2 
2646.6 2646.6 2646.6 2646.6 2646.6 2646.6 2646.6 2646.6 
2646.6 2646.6 2646.6 2646.6 2646.6 2646.6 2646.6 2646.6 
   0.0    0.0    0.0    0.0    0.0    0.0    0.0    0.0 
   0.0    0.0    0.0    0.0    0.0    0.0    0.0    0.0 

R.vdc.v2.tdc.offsets=
   0.0    0.0    0.0    0.0    0.0    0.0    0.0    0.0 
   0.0    0.0    0.0    0.0    0.0    0.0    0.0    0.0 
2650.1 2650.1 2650.1 2650.1 2650.1 2650.1 2650.1 2650.1 
2650.1 2650.1 2650.1 2650.1 2650.1 2650.1 2650.1 2650.1 
2647.6 2647.6 2647.6 2647.6 2647.6 2647.6 2647.6 2647.6 
2647.6 2647.6 2647.6 2647.6 2647.6 2647.6 2647.6 2647.6 
2647.5 2647.5 2647.5 2647.5 2647.5 2647.5 2647.5 2647.5 
2647.5 2647.5 2647.5 2647.5 2647.5 2647.5 2647.5 2647.5 
2646.5 2646.5 2646.5 2646.5 2646.5 2646.5 2646.5 2646.5 
2646.5 2646.5 2646.5 2646.5 2646.5 2646.5 2646.5 2646.5 
2641.7 2641.7 2641.7 2641.7 2641.7 2641.7 2641.7 2641.7 
2641.7 2641.7 2641.7 2641.7 2641.7 2641.7 2641.7 2641.7 
2647.6 2647.6 2647.6 2647.6 2647.6 2647.6 2647.6 2647.6 
2647.6 2647.6 2647.6 2647.6 2647.6 2647.6 2647.6 2647.6 
2642.6 2642.6 2642.6 2642.6 2642.6 2642.6 2642.6 2642.6 
2642.6 2642.6 2642.6 2642.6 2642.6 2642.6 2642.6 2642.6 
2644.3 2644.3 2644.3 2644.3 2644.3 2644.3 2644.3 2644.3 
2644.3 2644.3 2644.3 2644.3 2644.3 2644.3 2644.3 2644.3 
2646.9 2646.9 2646.9 2646.9 2646.9 2646.9 2646.9 2646.9 
2646.9 2646.9 2646.9 2646.9 2646.9 2646.9 2646.9 2646.9 
2646.0 2646.0 2646.0 2646.0 2646.0 2646.0 2646.0 2646.0 
2646.0 2646.0 2646.0 2646.0 2646.0 2646.0 2646.0 2646.0 
2645.2 2645.2 2645.2 2645.2 2645.2 2645.2 2645.2 2645.2 
2645.2 2645.2 2645.2 2645.2 2645.2 2645.2 2645.2 2645.2 
2650.1 2650.1 2650.1 2650.1 2650.1 2650.1 2650.1 2650.1 
2650.1 2650.1 2650.1 2650.1 2650.1 2650.1 2650.1 2650.1 
2647.8 2647.8 2647.8 2647.8 2647.8 2647.8 2647.8 2647.8 
2647.8 2647.8 2647.8 2647.8 2647.8 2647.8 2647.8 2647.8 
2648.1 2648.1 2648.1 2648.1 2648.1 2648.1 2648.1 2648.1 
2648.1 2648.1 2648.1 2648.1 2648.1 2648.1 2648.1 2648.1 
2646.6 2646.6 2646.6 2646.6 2646.6 2646.6 2646.6 2646.6 
2646.6 2646.6 2646.6 2646.6 2646.6 2646.6 2646.6 2646.6 
2649.0 2649.0 2649.0 2649.0 2649.0 2649.0 2649.0 2649.0 
2649.0 2649.0 2649.0 2649.0 2649.0 2649.0 2649.0 2649.0 
2646.0 2646.0 2646.0 2646.0 2646.0 2646.0 2646.0 2646.0 
2646.0 2646.0 2646.0 2646.0 2646.0 2646.0 2646.0 2646.0 
2655.9 2655.9 2655.9 2655.9 2655.9 2655.9 2655.9 2655.9 
2655.9 2655.9 2655.9 2655.9 2655.9 2655.9 2655.9 2655.9 
2655.8 2655.8 2655.8 2655.8 2655.8 2655.8 2655.8 2655.8 
2655.8 2655.8 2655.8 2655.8 2655.8 2655.8 2655.8 2655.8 
2651.1 2651.1 2651.1 2651.1 2651.1 2651.1 2651.1 2651.1 
2651.1 2651.1 2651.1 2651.1 2651.1 2651.1 2651.1 2651.1 
   0.0    0.0    0.0    0.0    0.0    0.0    0.0    0.0 
   0.0    0.0    0.0    0.0    0.0    0.0    0.0    0.0 
   0.0    0.0    0.0    0.0    0.0    0.0    0.0    0.0 
   0.0    0.0    0.0    0.0    0.0    0.0    0.0    0.0 

