R.vdc.u1.tdc.offsets=
   0.0    0.0    0.0    0.0    0.0    0.0    0.0    0.0 
   0.0    0.0    0.0    0.0    0.0    0.0    0.0    0.0 
2643.6 2643.6 2643.6 2643.6 2643.6 2643.6 2643.6 2643.6 
2643.6 2643.6 2643.6 2643.6 2643.6 2643.6 2643.6 2643.6 
2642.3 2642.3 2642.3 2642.3 2642.3 2642.3 2642.3 2642.3 
2642.3 2642.3 2642.3 2642.3 2642.3 2642.3 2642.3 2642.3 
2644.6 2644.6 2644.6 2644.6 2644.6 2644.6 2644.6 2644.6 
2644.6 2644.6 2644.6 2644.6 2644.6 2644.6 2644.6 2644.6 
2645.3 2645.3 2645.3 2645.3 2645.3 2645.3 2645.3 2645.3 
2645.3 2645.3 2645.3 2645.3 2645.3 2645.3 2645.3 2645.3 
2640.4 2640.4 2640.4 2640.4 2640.4 2640.4 2640.4 2640.4 
2640.4 2640.4 2640.4 2640.4 2640.4 2640.4 2640.4 2640.4 
2643.7 2643.7 2643.7 2643.7 2643.7 2643.7 2643.7 2643.7 
2643.7 2643.7 2643.7 2643.7 2643.7 2643.7 2643.7 2643.7 
2644.4 2644.4 2644.4 2644.4 2644.4 2644.4 2644.4 2644.4 
2644.4 2644.4 2644.4 2644.4 2644.4 2644.4 2644.4 2644.4 
2647.3 2647.3 2647.3 2647.3 2647.3 2647.3 2647.3 2647.3 
2647.3 2647.3 2647.3 2647.3 2647.3 2647.3 2647.3 2647.3 
2644.8 2644.8 2644.8 2644.8 2644.8 2644.8 2644.8 2644.8 
2644.8 2644.8 2644.8 2644.8 2644.8 2644.8 2644.8 2644.8 
2646.3 2646.3 2646.3 2646.3 2646.3 2646.3 2646.3 2646.3 
2646.3 2646.3 2646.3 2646.3 2646.3 2646.3 2646.3 2646.3 
2646.8 2646.8 2646.8 2646.8 2646.8 2646.8 2646.8 2646.8 
2646.8 2646.8 2646.8 2646.8 2646.8 2646.8 2646.8 2646.8 
2650.7 2650.7 2650.7 2650.7 2650.7 2650.7 2650.7 2650.7 
2650.7 2650.7 2650.7 2650.7 2650.7 2650.7 2650.7 2650.7 
2647.4 2647.4 2647.4 2647.4 2647.4 2647.4 2647.4 2647.4 
2647.4 2647.4 2647.4 2647.4 2647.4 2647.4 2647.4 2647.4 
2647.5 2647.5 2647.5 2647.5 2647.5 2647.5 2647.5 2647.5 
2647.5 2647.5 2647.5 2647.5 2647.5 2647.5 2647.5 2647.5 
2647.5 2647.5 2647.5 2647.5 2647.5 2647.5 2647.5 2647.5 
2647.5 2647.5 2647.5 2647.5 2647.5 2647.5 2647.5 2647.5 
2652.8 2652.8 2652.8 2652.8 2652.8 2652.8 2652.8 2652.8 
2652.8 2652.8 2652.8 2652.8 2652.8 2652.8 2652.8 2652.8 
2647.6 2647.6 2647.6 2647.6 2647.6 2647.6 2647.6 2647.6 
2647.6 2647.6 2647.6 2647.6 2647.6 2647.6 2647.6 2647.6 
2654.0 2654.0 2654.0 2654.0 2654.0 2654.0 2654.0 2654.0 
2654.0 2654.0 2654.0 2654.0 2654.0 2654.0 2654.0 2654.0 
2654.8 2654.8 2654.8 2654.8 2654.8 2654.8 2654.8 2654.8 
2654.8 2654.8 2654.8 2654.8 2654.8 2654.8 2654.8 2654.8 
2659.0 2659.0 2659.0 2659.0 2659.0 2659.0 2659.0 2659.0 
2659.0 2659.0 2659.0 2659.0 2659.0 2659.0 2659.0 2659.0 
   0.0    0.0    0.0    0.0    0.0    0.0    0.0    0.0 
   0.0    0.0    0.0    0.0    0.0    0.0    0.0    0.0 
   0.0    0.0    0.0    0.0    0.0    0.0    0.0    0.0 
   0.0    0.0    0.0    0.0    0.0    0.0    0.0    0.0 

R.vdc.v1.tdc.offsets=
   0.0    0.0    0.0    0.0    0.0    0.0    0.0    0.0 
   0.0    0.0    0.0    0.0    0.0    0.0    0.0    0.0 
2653.3 2653.3 2653.3 2653.3 2653.3 2653.3 2653.3 2653.3 
2653.3 2653.3 2653.3 2653.3 2653.3 2653.3 2653.3 2653.3 
2652.1 2652.1 2652.1 2652.1 2652.1 2652.1 2652.1 2652.1 
2652.1 2652.1 2652.1 2652.1 2652.1 2652.1 2652.1 2652.1 
2650.1 2650.1 2650.1 2650.1 2650.1 2650.1 2650.1 2650.1 
2650.1 2650.1 2650.1 2650.1 2650.1 2650.1 2650.1 2650.1 
2648.2 2648.2 2648.2 2648.2 2648.2 2648.2 2648.2 2648.2 
2648.2 2648.2 2648.2 2648.2 2648.2 2648.2 2648.2 2648.2 
2647.4 2647.4 2647.4 2647.4 2647.4 2647.4 2647.4 2647.4 
2647.4 2647.4 2647.4 2647.4 2647.4 2647.4 2647.4 2647.4 
2649.5 2649.5 2649.5 2649.5 2649.5 2649.5 2649.5 2649.5 
2649.5 2649.5 2649.5 2649.5 2649.5 2649.5 2649.5 2649.5 
2650.0 2650.0 2650.0 2650.0 2650.0 2650.0 2650.0 2650.0 
2650.0 2650.0 2650.0 2650.0 2650.0 2650.0 2650.0 2650.0 
2650.1 2650.1 2650.1 2650.1 2650.1 2650.1 2650.1 2650.1 
2650.1 2650.1 2650.1 2650.1 2650.1 2650.1 2650.1 2650.1 
2649.0 2649.0 2649.0 2649.0 2649.0 2649.0 2649.0 2649.0 
2649.0 2649.0 2649.0 2649.0 2649.0 2649.0 2649.0 2649.0 
2653.4 2653.4 2653.4 2653.4 2653.4 2653.4 2653.4 2653.4 
2653.4 2653.4 2653.4 2653.4 2653.4 2653.4 2653.4 2653.4 
2652.3 2652.3 2652.3 2652.3 2652.3 2652.3 2652.3 2652.3 
2652.3 2652.3 2652.3 2652.3 2652.3 2652.3 2652.3 2652.3 
2654.7 2654.7 2654.7 2654.7 2654.7 2654.7 2654.7 2654.7 
2654.7 2654.7 2654.7 2654.7 2654.7 2654.7 2654.7 2654.7 
2654.2 2654.2 2654.2 2654.2 2654.2 2654.2 2654.2 2654.2 
2654.2 2654.2 2654.2 2654.2 2654.2 2654.2 2654.2 2654.2 
2650.1 2650.1 2650.1 2650.1 2650.1 2650.1 2650.1 2650.1 
2650.1 2650.1 2650.1 2650.1 2650.1 2650.1 2650.1 2650.1 
2654.1 2654.1 2654.1 2654.1 2654.1 2654.1 2654.1 2654.1 
2654.1 2654.1 2654.1 2654.1 2654.1 2654.1 2654.1 2654.1 
2653.8 2653.8 2653.8 2653.8 2653.8 2653.8 2653.8 2653.8 
2653.8 2653.8 2653.8 2653.8 2653.8 2653.8 2653.8 2653.8 
2649.4 2649.4 2649.4 2649.4 2649.4 2649.4 2649.4 2649.4 
2649.4 2649.4 2649.4 2649.4 2649.4 2649.4 2649.4 2649.4 
2656.8 2656.8 2656.8 2656.8 2656.8 2656.8 2656.8 2656.8 
2656.8 2656.8 2656.8 2656.8 2656.8 2656.8 2656.8 2656.8 
2655.2 2655.2 2655.2 2655.2 2655.2 2655.2 2655.2 2655.2 
2655.2 2655.2 2655.2 2655.2 2655.2 2655.2 2655.2 2655.2 
2656.4 2656.4 2656.4 2656.4 2656.4 2656.4 2656.4 2656.4 
2656.4 2656.4 2656.4 2656.4 2656.4 2656.4 2656.4 2656.4 
   0.0    0.0    0.0    0.0    0.0    0.0    0.0    0.0 
   0.0    0.0    0.0    0.0    0.0    0.0    0.0    0.0 
   0.0    0.0    0.0    0.0    0.0    0.0    0.0    0.0 
   0.0    0.0    0.0    0.0    0.0    0.0    0.0    0.0 

R.vdc.u2.tdc.offsets=
   0.0    0.0    0.0    0.0    0.0    0.0    0.0    0.0 
   0.0    0.0    0.0    0.0    0.0    0.0    0.0    0.0 
2634.1 2634.1 2634.1 2634.1 2634.1 2634.1 2634.1 2634.1 
2634.1 2634.1 2634.1 2634.1 2634.1 2634.1 2634.1 2634.1 
2637.9 2637.9 2637.9 2637.9 2637.9 2637.9 2637.9 2637.9 
2637.9 2637.9 2637.9 2637.9 2637.9 2637.9 2637.9 2637.9 
2634.1 2634.1 2634.1 2634.1 2634.1 2634.1 2634.1 2634.1 
2634.1 2634.1 2634.1 2634.1 2634.1 2634.1 2634.1 2634.1 
2632.5 2632.5 2632.5 2632.5 2632.5 2632.5 2632.5 2632.5 
2632.5 2632.5 2632.5 2632.5 2632.5 2632.5 2632.5 2632.5 
2631.7 2631.7 2631.7 2631.7 2631.7 2631.7 2631.7 2631.7 
2631.7 2631.7 2631.7 2631.7 2631.7 2631.7 2631.7 2631.7 
2639.5 2639.5 2639.5 2639.5 2639.5 2639.5 2639.5 2639.5 
2639.5 2639.5 2639.5 2639.5 2639.5 2639.5 2639.5 2639.5 
2639.2 2639.2 2639.2 2639.2 2639.2 2639.2 2639.2 2639.2 
2639.2 2639.2 2639.2 2639.2 2639.2 2639.2 2639.2 2639.2 
2639.7 2639.7 2639.7 2639.7 2639.7 2639.7 2639.7 2639.7 
2639.7 2639.7 2639.7 2639.7 2639.7 2639.7 2639.7 2639.7 
2639.4 2639.4 2639.4 2639.4 2639.4 2639.4 2639.4 2639.4 
2639.4 2639.4 2639.4 2639.4 2639.4 2639.4 2639.4 2639.4 
2639.9 2639.9 2639.9 2639.9 2639.9 2639.9 2639.9 2639.9 
2639.9 2639.9 2639.9 2639.9 2639.9 2639.9 2639.9 2639.9 
2640.4 2640.4 2640.4 2640.4 2640.4 2640.4 2640.4 2640.4 
2640.4 2640.4 2640.4 2640.4 2640.4 2640.4 2640.4 2640.4 
2641.5 2641.5 2641.5 2641.5 2641.5 2641.5 2641.5 2641.5 
2641.5 2641.5 2641.5 2641.5 2641.5 2641.5 2641.5 2641.5 
2640.4 2640.4 2640.4 2640.4 2640.4 2640.4 2640.4 2640.4 
2640.4 2640.4 2640.4 2640.4 2640.4 2640.4 2640.4 2640.4 
2641.3 2641.3 2641.3 2641.3 2641.3 2641.3 2641.3 2641.3 
2641.3 2641.3 2641.3 2641.3 2641.3 2641.3 2641.3 2641.3 
2639.5 2639.5 2639.5 2639.5 2639.5 2639.5 2639.5 2639.5 
2639.5 2639.5 2639.5 2639.5 2639.5 2639.5 2639.5 2639.5 
2641.6 2641.6 2641.6 2641.6 2641.6 2641.6 2641.6 2641.6 
2641.6 2641.6 2641.6 2641.6 2641.6 2641.6 2641.6 2641.6 
2640.9 2640.9 2640.9 2640.9 2640.9 2640.9 2640.9 2640.9 
2640.9 2640.9 2640.9 2640.9 2640.9 2640.9 2640.9 2640.9 
2644.6 2644.6 2644.6 2644.6 2644.6 2644.6 2644.6 2644.6 
2644.6 2644.6 2644.6 2644.6 2644.6 2644.6 2644.6 2644.6 
2645.1 2645.1 2645.1 2645.1 2645.1 2645.1 2645.1 2645.1 
2645.1 2645.1 2645.1 2645.1 2645.1 2645.1 2645.1 2645.1 
2645.2 2645.2 2645.2 2645.2 2645.2 2645.2 2645.2 2645.2 
2645.2 2645.2 2645.2 2645.2 2645.2 2645.2 2645.2 2645.2 
2645.0 2645.0 2645.0 2645.0 2645.0 2645.0 2645.0 2645.0 
2645.0 2645.0 2645.0 2645.0 2645.0 2645.0 2645.0 2645.0 
   0.0    0.0    0.0    0.0    0.0    0.0    0.0    0.0 
   0.0    0.0    0.0    0.0    0.0    0.0    0.0    0.0 

R.vdc.v2.tdc.offsets=
   0.0    0.0    0.0    0.0    0.0    0.0    0.0    0.0 
   0.0    0.0    0.0    0.0    0.0    0.0    0.0    0.0 
2648.8 2648.8 2648.8 2648.8 2648.8 2648.8 2648.8 2648.8 
2648.8 2648.8 2648.8 2648.8 2648.8 2648.8 2648.8 2648.8 
2646.7 2646.7 2646.7 2646.7 2646.7 2646.7 2646.7 2646.7 
2646.7 2646.7 2646.7 2646.7 2646.7 2646.7 2646.7 2646.7 
2645.3 2645.3 2645.3 2645.3 2645.3 2645.3 2645.3 2645.3 
2645.3 2645.3 2645.3 2645.3 2645.3 2645.3 2645.3 2645.3 
2644.9 2644.9 2644.9 2644.9 2644.9 2644.9 2644.9 2644.9 
2644.9 2644.9 2644.9 2644.9 2644.9 2644.9 2644.9 2644.9 
2643.8 2643.8 2643.8 2643.8 2643.8 2643.8 2643.8 2643.8 
2643.8 2643.8 2643.8 2643.8 2643.8 2643.8 2643.8 2643.8 
2647.4 2647.4 2647.4 2647.4 2647.4 2647.4 2647.4 2647.4 
2647.4 2647.4 2647.4 2647.4 2647.4 2647.4 2647.4 2647.4 
2644.6 2644.6 2644.6 2644.6 2644.6 2644.6 2644.6 2644.6 
2644.6 2644.6 2644.6 2644.6 2644.6 2644.6 2644.6 2644.6 
2643.7 2643.7 2643.7 2643.7 2643.7 2643.7 2643.7 2643.7 
2643.7 2643.7 2643.7 2643.7 2643.7 2643.7 2643.7 2643.7 
2646.1 2646.1 2646.1 2646.1 2646.1 2646.1 2646.1 2646.1 
2646.1 2646.1 2646.1 2646.1 2646.1 2646.1 2646.1 2646.1 
2646.5 2646.5 2646.5 2646.5 2646.5 2646.5 2646.5 2646.5 
2646.5 2646.5 2646.5 2646.5 2646.5 2646.5 2646.5 2646.5 
2643.6 2643.6 2643.6 2643.6 2643.6 2643.6 2643.6 2643.6 
2643.6 2643.6 2643.6 2643.6 2643.6 2643.6 2643.6 2643.6 
2648.7 2648.7 2648.7 2648.7 2648.7 2648.7 2648.7 2648.7 
2648.7 2648.7 2648.7 2648.7 2648.7 2648.7 2648.7 2648.7 
2646.3 2646.3 2646.3 2646.3 2646.3 2646.3 2646.3 2646.3 
2646.3 2646.3 2646.3 2646.3 2646.3 2646.3 2646.3 2646.3 
2648.7 2648.7 2648.7 2648.7 2648.7 2648.7 2648.7 2648.7 
2648.7 2648.7 2648.7 2648.7 2648.7 2648.7 2648.7 2648.7 
2645.8 2645.8 2645.8 2645.8 2645.8 2645.8 2645.8 2645.8 
2645.8 2645.8 2645.8 2645.8 2645.8 2645.8 2645.8 2645.8 
2648.4 2648.4 2648.4 2648.4 2648.4 2648.4 2648.4 2648.4 
2648.4 2648.4 2648.4 2648.4 2648.4 2648.4 2648.4 2648.4 
2646.6 2646.6 2646.6 2646.6 2646.6 2646.6 2646.6 2646.6 
2646.6 2646.6 2646.6 2646.6 2646.6 2646.6 2646.6 2646.6 
2654.5 2654.5 2654.5 2654.5 2654.5 2654.5 2654.5 2654.5 
2654.5 2654.5 2654.5 2654.5 2654.5 2654.5 2654.5 2654.5 
2654.2 2654.2 2654.2 2654.2 2654.2 2654.2 2654.2 2654.2 
2654.2 2654.2 2654.2 2654.2 2654.2 2654.2 2654.2 2654.2 
2649.7 2649.7 2649.7 2649.7 2649.7 2649.7 2649.7 2649.7 
2649.7 2649.7 2649.7 2649.7 2649.7 2649.7 2649.7 2649.7 
2647.3 2647.3 2647.3 2647.3 2647.3 2647.3 2647.3 2647.3 
2647.3 2647.3 2647.3 2647.3 2647.3 2647.3 2647.3 2647.3 
   0.0    0.0    0.0    0.0    0.0    0.0    0.0    0.0 
   0.0    0.0    0.0    0.0    0.0    0.0    0.0    0.0 

