# RVDC U1 t0 parameters T0 max error 
0 0 0 0 0 0 0 0 
0 0 0 2350.2 2621.26 2298.95 2441.24 2243.7 
2428.72 2566.82 2183.41 2641.96 2672.47 2220.89 2343.56 2649.55 
2673.81 2558.51 2672.38 2571.32 2680.82 2657.92 2668.32 2355.24 
2688.01 2689.29 2608.44 2458.2 2689.09 2693.5 2671.58 2704.97 
2578.4 2694.57 2694.99 2692.94 2689.05 2697.42 2688.13 2694.87 
2708.13 2703.5 2696.26 2730.04 2694.93 2699.94 2694.25 2694.79 
2691.46 2690.34 2694.42 2694.73 2692.96 2690.77 2694.22 2709.49 
2702.76 2700.55 2701.04 2696.09 2798.92 2689.34 2696.49 2690.27 
2701.26 3981.65 2705.25 2689.42 2693.25 2697.1 2696.95 2693.85 
2704.75 2684.02 2700.64 2689.31 2692.1 2690.73 2692.56 2698.21 
2698.21 2697.56 2688.59 2701.55 2695.38 2688.99 2685.43 2683.91 
2696.21 2694.55 2691.93 2692.81 2698.27 2696.98 2693.92 2688.38 
2693.83 2693.76 2702.94 2692.05 2777.36 2696.77 2694.07 2699.09 
2698.98 2695.12 2692.4 2692.3 2698.11 2695.46 2697.45 2702.68 
2702.63 2691.63 2700.13 2692.43 2699.4 2698.7 2699.32 2703.93 
2701.36 2700.95 2702.04 2696.47 2695.22 2699.2 2694.23 2709.91 
2700.4 2699.27 2701.42 2706.7 2697.86 2702.4 2696.23 2697.07 
2698.88 2696.25 2703.07 2695.74 2693.48 2708.15 2697.49 2701.41 
2701.74 2694.96 2695.64 2695.55 2694.59 2696.56 2700.99 2690.65 
2700.92 2697.82 2697.74 2696.91 2705.25 2718.49 2701.77 2708.76 
2701.65 2701.42 2701.15 2699.05 2696.31 2696.77 2698.18 2697.16 
2709.59 2696.15 2702.67 2697.76 2703.6 2699.55 2701.29 2701.05 
2712.17 2697.03 2707.72 2700.44 2695.68 2703.64 2694.92 2694.8 
2703.53 2695.99 2701.49 2703.78 2719.69 2715.42 2709.31 2705.32 
2703.37 2707.54 2701.28 2701.44 2701.54 2699.21 2700.46 2694.98 
2700.21 2718.1 2699.37 2696.49 2700.11 2700.11 2699.25 2700.19 
2698.68 2695.63 2702.67 2700.26 2697.69 2700.25 2702.35 2696.3 
2703.97 2698.61 2697.01 2699.77 2700.47 2701.34 2700.23 2702.33 
2707.95 2706.63 2705.08 2700.41 2713.91 2708.81 2706.87 2693.86 
2692.24 2701.5 2688.87 2696.78 2696.74 2699.96 2700.59 2699.81 
2696.26 2697.85 2707.51 2697.05 2753.12 2699.42 2696.12 2710.54 
2711.32 2699.07 2703.71 2697.1 2700.88 2703.51 2704.99 2705.57 
2704.08 2709.89 2701.83 2702.48 2711.07 2700.29 2699.55 2697.1 
2703.76 2699.22 2697.6 2698.78 2703.75 2693.35 2698.04 2703.08 
2695.8 2688.85 2715.51 2695.57 2701.84 2695.57 2698.43 2695.87 
2705.26 2712.58 2709.86 2708.17 2705.46 2711.08 2782.05 2727.9 
2701.93 2703.86 2714.03 2693.08 2704.19 2700.79 2702.57 2700.08 
2716.29 2699.51 2703.46 2704.49 2702.3 2709.49 2704.31 2709.16 
2700.83 2693.69 2702.3 2724.9 2696.35 2696.78 2705.98 2695.37 
2663.77 2710.65 2588.21 2700.24 2687.92 2692.22 2700.34 2709.2 
2695.4 2704.9 2647.7 2659.94 2693.27 2686.02 2679.01 2629.88 
2638.29 2429.35 2272.8 2669.35 2670.56 2418.18 2602.45 2639.13 
2658.4 2665.18 2197.24 2662.44 0 0 0 0 
0 0 0 0 0 0 0 0 
0 0 0 0 0 0 0 0 
# RVDC U2 t0 parameters T0 max error 
0 0 0 0 0 0 2506.06 2170.59 
2356.55 2657.07 2184.58 2559.61 2251.99 2633.01 2636.97 2660.18 
2677.92 2667.78 2646.02 2551.31 2679.68 2615.98 2514.68 2686.73 
2673.98 2674.66 2674.3 2694.38 2726.61 2692.68 2679.95 2678 
2695.67 2649.94 2681.41 2685.32 2689.24 2681.86 2685.19 2684.68 
2682.96 2683.56 2691.97 2687.91 2682.52 2684.73 2573.75 2688.93 
2688.09 2682.26 2690.66 2687.4 2684.28 2573.86 2714.4 2685.13 
2685.97 2690.32 2712.49 2684.19 2688.39 2687.64 2689.99 2746.53 
2688.35 2680.05 2683.55 2688.34 2681.25 2705.15 2685.15 2683.75 
2691.4 2684.02 2682.52 2739.49 2686.7 2678.94 2682.46 2730.38 
2688.94 2681.89 2695.86 2682.7 2686.53 2683.72 2685.69 2732.41 
2682.71 2699.23 2682.7 2709.99 2687.93 2686.89 2680.45 2680.39 
2687.82 2694.44 2686.99 2689.39 2688.16 2684.4 2690.28 2699.03 
2696.44 2692.62 2691.54 2687.31 2689.26 2681.45 2691.47 2686.8 
2691.21 2685.4 2690.83 2695.15 2704.09 2687.4 2691.68 2689.3 
2732.05 2687.04 2690.23 2737.95 2688.08 2685.53 2688.99 2688.11 
2689.34 2688.8 2688.25 2687.63 2691.98 2688.33 2739.07 2692.69 
2703.03 2695.21 2689.7 2686.4 2683.94 2709.13 2691.25 2709.92 
2689.18 2688.68 2689.34 2687.91 2697.68 2691.44 2687.89 2689.95 
2689.59 2685.69 2690.55 2687.45 2687.24 2692.33 2687.3 2685.32 
2694.61 2688.99 2690.71 2687.78 2697.93 2688.03 2686.27 2708 
2702.8 2687.94 2687.51 2695.94 2688.28 2690.42 2687.92 2690.44 
2688.36 2681.95 2698.82 2687.41 2700.39 2696.18 2693.73 2692.5 
2690.38 2695.79 2693.32 2688.53 2691.23 2680.53 2688.02 2685.3 
2692.25 2699.37 2685.11 2688.01 2693.21 2692.01 2686.86 2691.05 
2728.68 2683.71 2682.97 2689.64 2694.13 2682.91 2687.18 2690.6 
2694.08 2695.49 2689.13 2682.89 2687.94 2691.15 2692.52 2692.8 
2687.45 2690.07 2688.42 2687.67 2684.96 2686.19 2688.86 2688.02 
2694.79 2693 2692.16 2696.49 2689.45 2691.04 2702.75 2696.96 
2691.3 2690.97 2686.74 2688.88 2688.1 2697.75 2691.72 2690.4 
2692.63 2680.91 2686.44 2685.77 2685.98 2690.25 2690.31 2690.54 
2688.11 2731.82 2690.5 2691.09 2683.63 2693.33 2684.26 2687.28 
2695.58 2700.91 2689.47 2693 2694.02 2697.59 2697.54 2695.13 
2694.97 2700 2696.09 2692.62 2698.18 2694.49 2692.18 2700.52 
2688.78 2697.96 2695.79 2694.46 2692.79 2685.79 2699.87 2693.4 
2684.4 2682.77 2689.78 2695.44 2687.5 2692.31 2686.73 2689.93 
2696.81 2779.61 2689.73 2705.68 2697.92 2698.32 2715.01 2709.93 
2699.43 2694.58 2700.89 2695.54 2707.6 2700.65 2697.91 2698.09 
2731.7 2703.41 2700.36 2709.58 2701.83 2701.61 2697.53 2714.59 
2691.66 2719.97 2696.53 2705.9 2697.19 2693.95 2696.68 2698.98 
2699.96 2702.5 2703.47 2696.4 2629.04 2721.36 2692.2 2701.06 
2689.11 2696.39 2689.99 2693.68 2700.41 2955.75 2670.15 2669.08 
2664.52 2696.63 2678.9 2697.32 2693.81 2691.95 2695.06 2664.03 
2672.24 2672.14 2663.67 2692.03 2686.2 2656.05 2649.62 2671.21 
2660.25 2656.05 2579.04 2622.21 2094.77 0 0 0 
0 0 0 0 0 0 0 0 
# RVDC V1 t0 parameters T0 max error 
0 0 0 0 0 0 0 0 
0 0 2539.11 2489.9 2621.2 2645.28 2570.81 2124.94 
2667.78 2596.73 2665.05 2643.9 2460.37 2234.55 2419.93 2670.06 
2649.11 2654.73 2680.54 2711.61 2695.73 2680.02 2567.98 2691.48 
2695.11 2663.51 2699.69 2698.29 2699.13 2699.93 2700.36 2705.52 
2700.2 2720.3 2721.28 2694.24 2701.65 2713.8 2696.35 2692.85 
2708.23 2699.32 2703.17 2708.06 2697.77 2698.65 2732.84 2707.06 
2695.62 2697.14 2721.07 2699.92 2704.21 2698.61 2699.01 2700.46 
2702.18 2731.01 2717.27 2703.36 2706.2 2697.62 2697.13 2702.49 
2721.39 2701.5 2711.05 2697.91 2697.76 2703.44 2696.69 2703.51 
2700.3 2698.45 2706.07 2704.36 2697.06 2699.19 2697.91 2698.74 
2698.67 2698.58 2697.16 2697.58 2697.56 2700.77 2695.5 2693.93 
2708.59 2701.38 2701.59 2696.66 2701.01 2712.34 2697.64 2698.37 
2699.73 2704.42 2700.89 2724.69 2700.34 2701.45 2703.22 2701.51 
2714.29 2706.47 2706.23 2703.5 2700.88 2713.06 2701.59 2699.11 
2702.43 2699.38 2700.74 2702.18 2695.96 2699.56 2699.7 2701.52 
2704.02 2698.99 2696.85 2700.18 2724.59 2702.25 2701.65 2706.44 
2699.17 2702.31 2711.27 2701.22 2705.63 2700.95 2702.51 2704.17 
2725.24 2700.51 2699.57 2698.01 2706.54 2709.96 2702.22 2709.49 
2703.73 2700.33 2697.68 2700.9 2699.4 2699.73 2700.68 2700.04 
2704.32 2706.23 2709.17 2701.9 2703.66 2703.99 2703.8 2699.18 
2705.94 2701.11 2700.52 2711.81 2711.87 2702.19 2704.56 2699.27 
2705.23 2701.68 2696.88 2709.01 2712.44 2707.97 2702.81 2701.77 
2698.22 2700.98 2700.84 2738.83 2701.04 2697.85 2702.02 2700.74 
2708.37 2703.93 2703.06 2711.56 2737.77 2712.57 2701.31 2701.96 
2717.5 2701.05 2702.59 2703.06 2710.9 2699.5 2707.53 2703.58 
2709.67 2703.74 2704.09 2701.91 2707.99 2697.68 2711.02 2705.34 
2697.84 2709.37 2705.96 2703.69 2706.11 2700.64 2702.35 2693.78 
2704.38 2706.68 2724.55 2701.87 2700.72 2703.58 2704.35 2701.19 
2700.09 2714.38 2700.55 2700.38 2699.32 2703.09 2701.51 2699.3 
2700.9 2699.66 2705.09 2697.46 2704.41 2699.5 2702.21 2704.61 
2700.82 2697.48 2699.5 2702.35 2698.83 2700.17 2701.84 2699.87 
2706.24 2721.21 2716.53 2701.38 2697.5 2726.03 2708.68 2702.8 
2700.68 2702.87 2698.4 2700.59 2709.56 2707.28 2700.84 2700.96 
2704.99 2701.81 2700.46 2704.41 2704.47 2708.9 2703.24 2702.14 
2698.91 2699.41 2704.41 2704.42 2696.64 2700.61 2701.62 2700.69 
2714.55 2706.13 2707.43 2706.81 2704.28 2708.32 2707.44 2704.18 
2712.95 2701.82 2708.21 2704.75 2690.69 2703.77 2708.55 2704.18 
2702.39 2702.46 2720.56 2704.23 2701.82 2706.8 2704.24 2710.14 
2728.1 2790.96 2706.65 2702.46 2699.86 2697.21 2726.84 2701.9 
2703.3 2643.5 2847.79 2657.27 2688.25 2687.18 2689.77 2695.87 
2602.08 2666.66 2680.77 2653.18 2696.81 2640.3 2423.99 2682.63 
2699.34 2694.59 2193.75 2320.42 2174.47 2621.59 2652.03 2269.92 
2627.37 0 0 0 0 0 0 0 
0 0 0 0 0 0 0 0 
0 0 0 0 0 0 0 0 
# RVDC V2 t0 parameters T0 max error 
0 0 0 0 0 0 2421.93 2161.62 
2241.56 2189.71 2658.72 2185.01 2697.46 2670.76 2655.98 2669.12 
2676.51 2657.97 2634.16 2513.17 2657.81 2697.02 2780.3 2684.9 
2694.91 2743.64 2671.46 2669.07 2672 2692.58 2727.4 2725.04 
2704.89 2694.71 2696.93 2700.9 2696.16 2694.55 2699.37 2702.43 
2698.9 2695.98 2695.02 2709.5 2698.59 2697.47 2706.55 2698.41 
2708.22 2696.18 2698.03 2697.69 2704.85 2696.45 2698.1 2697.52 
2693.53 2770.07 2710.98 2711.51 2696.9 2700.71 2741.27 2692.82 
2699.06 2694.61 2699.01 2696.18 2693.51 2692.78 2699.84 2693.03 
2688.01 2699.25 2694.39 2694.94 2696.53 2693.39 2698.76 2696.69 
2696.77 2692.5 2699.74 2695.87 2698.79 2697.92 2699.33 2713.7 
2691.77 2737.48 2692.97 2700.75 2692.97 2692.03 2693.27 2695.21 
2699 2699.06 2700.63 2701.09 2698.29 2695.48 2698.75 2693.93 
2700.97 2699.7 2706.97 2696.55 2713.93 2698.09 2699.2 2702 
2710.72 2705.52 2692.58 2969.71 2692.31 2692.44 2696.52 2696.54 
2696.64 2691.9 2697.39 2697.9 2722.58 2696.14 2691.99 2694.55 
2692.63 2689.03 2693.27 2692.34 2694.09 2694.09 2693.93 2705.12 
2705.8 2696.59 2694.52 2693.32 2692.32 2697.07 2697.25 2692.12 
2708.71 2697.86 2705.7 2700.13 2695.62 2691.65 2716.42 2708.75 
2696.28 2693.36 2742.54 2690.47 2697.86 2690.07 2696.66 2696.62 
2698.12 2694.71 2696.04 2691.52 2697.18 2696.32 2696.77 2695.48 
2697.1 2699.93 2694.38 2706.24 2698.68 2699.96 2698.19 2699.97 
2698.41 2717.21 2696.55 2694.85 2699.43 2696.87 2697.8 2695.12 
2695.7 2690.21 2701.01 2705.65 2693.71 2695.34 2689.94 2695.2 
2699.23 2706.18 2705.55 2697.52 2697.66 2698.37 2701.71 2700.26 
2698.16 2698.51 2703.6 2700.12 2703.34 2704.07 2700.28 2699.42 
2699.27 2701.35 2701.02 2704.65 2694.88 2698.83 2691.92 2692.84 
2697.9 2708.89 2693.99 2697.69 2694.73 2696.97 2698.46 2696.77 
2709.66 2703.62 2707.86 2708.84 2703.05 2718.34 2700.92 2697.49 
2716.96 2705.47 2701.58 2701.1 2698.9 2696.08 2704.1 2698.26 
2699.79 2699.97 2693.86 2700.46 2696.38 2695.52 2697.38 2701.4 
2698.66 2690.98 2689.42 2701.65 2694.01 2720.41 2694.81 2699.63 
2702.05 2701.24 2700.17 2706.58 2701.28 2695.22 2701.43 2706.75 
2705.23 2700.37 2698.52 2699.73 2702.2 2697.05 2697.24 2699.56 
2698.3 2700.06 2696.18 2697.91 2707.93 2709.67 2701.04 2694.71 
2695.07 2694.74 2698.11 2699.02 2706.36 2697.49 2699.58 2694.87 
2708.1 2706.24 2710.77 2707.98 2707.57 2707.67 2723.26 2705.71 
2703.28 2707.84 2704.05 2702.72 2702.53 2710.77 2700.04 2704.36 
2692.91 2683.59 2701.7 2694.36 2695.47 2698.53 2692.15 2702.47 
2704.41 2704.72 2706.4 2704.07 2703.68 2706.13 2699.88 2705.85 
2703.5 3283.58 2697.91 2696.67 2708.58 2591.44 2701.4 2699.24 
2691.84 2700.78 2697.13 2699.32 2764.89 2758.64 2696.16 2696.87 
2703.66 2697.46 2776.16 2702.33 2674.3 2689.89 2696.62 2648.09 
2742.06 2693.25 2676.48 2644.48 2660.08 2261.05 2412.12 2668.76 
2647.52 2625.54 2202.94 2646.56 0 0 0 0 
0 0 0 0 0 0 0 0 
# LVDC U1 t0 parameters T0 max error 
0 0 0 0 2977.65 2849.38 2965.72 2901.43 
2965.61 2577.61 2941.75 2979.75 2694.06 2943.49 2821.47 2975.7 
2956.09 2966.05 2965 2802.68 2961.21 2968.52 2936.43 2918.37 
2737.42 2940.98 2894.77 2960.73 2944.8 2939.96 2969.33 2828.53 
2955.05 2850.42 2934.83 2915.35 2922.54 2973.83 3153.65 2947.54 
2978.84 2954.04 2951.54 2861.19 2974.73 2976.04 2985.74 2980.87 
2931.59 2972.15 2974.5 2864.83 2937.73 2992.58 2974.26 2941.35 
2974.32 2978.53 2849.91 2977.97 2978.75 2971.87 2996.07 3005.67 
2979.47 2992.25 2980.21 2977.81 2981.73 2980.92 3003.7 2979.33 
2987.93 2986.92 2984.18 2989.92 2978.96 3004.78 2964.9 2978.52 
2934 2986.38 2978.13 2994.81 2905.85 2986.76 3267.54 3005.13 
2979.85 2977.62 2973.39 2983.25 2974.67 2992.97 2974.38 2976.79 
3011.27 2984.56 3011.58 2988.88 3162.64 2995.89 3008.51 2998.05 
2985.33 2985.99 2985.75 2983.2 2994.52 2987.62 2988.68 3610.51 
2986.02 2999.62 2962.68 2990.44 2989.89 2986.46 2986.46 2988.04 
2999.96 2990.29 2984.27 3012.95 2987.37 2989.54 2983.31 2876.2 
2869.75 2987.96 2987.09 3029.71 2983.47 2987.04 2985.3 2981.77 
2983.62 3000.04 2988.9 2987.17 2982.46 2976.72 2981.23 2983.74 
2985.13 2981.03 2986.32 2983.19 2983.69 2985.34 3004.73 2998.65 
2983.62 2972.53 2981.53 2977.68 2975.44 2931.81 2978.01 2982.7 
2978.49 2982.58 2975.79 2982.27 2993.9 2990.5 2975.03 2987.91 
2987.97 2983.38 3022.36 3066.58 2978.17 2979.84 2982.49 3011.34 
2989.67 3002.65 2996.33 2979.74 2903.12 2986.38 3032.68 2976.04 
2989.15 2988.26 2980.14 2978.94 2970.96 2994.39 2983.4 2982.81 
2989.32 2985.08 2983.63 2982.05 2985.25 3072.95 2990.32 2985.56 
3025.5 2994.88 2982.84 3016.27 2984.23 2983.5 2989.31 2979.95 
2979.28 2982.78 3129.36 2975.59 2985.59 2979.97 3145.19 2989.68 
2979.13 2984.04 2982.7 2981.86 2998 2990.92 2984.32 2981.97 
2995.4 2983.31 2992.84 2985.23 2990.23 2986.22 3000.47 2994.05 
2987.02 2986.32 2990.34 3101.46 2993.96 2984.66 2986.73 2994.77 
2983.5 2974.89 2989.49 2992.12 2990.95 2982.89 3022.67 2984.93 
2979.96 2974.93 2982.33 2979.6 2975.77 2984.47 3009.51 3012.34 
3008.44 2987.46 2994.94 2997.45 2989.95 2990.42 2987.17 2986.44 
3001.43 2982.7 2988.59 2991.39 2992.39 2991.33 2983.1 2982.53 
2988.18 2986.52 3005.54 2988.67 2990.07 3600.9 2987.6 2986.51 
2987.85 2984.18 3129.75 2997.77 2978.46 2986.58 2977.32 2999.67 
2997.21 3001.62 2988.9 2993.45 2990.46 2997.42 2990.37 3001.77 
2996.22 2988.8 2988.14 2995.8 2987.61 3062.15 2988.03 2979.54 
2984.03 2981.06 2986.28 3002.78 2990.42 2980.86 2991.92 2984.36 
2989.88 2978.9 2981.91 2997 2977.66 2963.23 2981.36 2976.6 
3017.94 2944.78 2989.04 2982.19 2953.88 2975.41 2969.84 2919.55 
2977.45 2984.11 2972.62 2943.31 2962.09 3011.98 2979.64 2977.26 
2959.27 2966.05 2950.76 2688.4 2980.48 2952.57 2965.03 2964 
2929.25 2930.2 2973.83 2972.85 2914.6 2966.38 2917.57 2963.35 
2974.21 2968.01 0 0 0 0 0 0 
0 0 0 0 0 0 0 0 
# LVDC U2 t0 parameters T0 max error 
0 0 0 0 2873.59 2824.33 2761.55 2934.17 
2537.21 2970.5 2828.42 2874.11 2933.49 2831.12 2956.59 2931.66 
2848.21 2926.49 2950.95 2887.1 2952.7 2934.32 3016.66 2890.05 
2936.97 2959.3 2953.16 2948.85 2775.6 2945.16 2784.09 2964.58 
2964.58 2902.45 2872.16 2968.72 2911.37 2974.65 2925.61 2995.47 
3024.07 2971.87 2924.53 2971.44 2872.8 2983.42 2977.65 3946.49 
2970.57 2959.32 2918.4 2948.1 2963.69 2975.22 2968.19 2913.84 
2963.4 2960.09 2978.65 2993.61 3015.24 2968.51 2967.18 2999.7 
2914.39 2961.53 2933.4 2972.12 2971.2 3017.72 2969.58 2970.62 
2977.07 2971.08 2951.01 2987.6 3016.51 2944.5 2971.35 2972.9 
2972.15 2942.5 2967.8 2966.98 2973.61 2970.13 2974.81 2976.21 
2978.21 2986.26 2967.53 2972.47 2965.46 2979.36 2972.99 2968.71 
2981.79 2940.19 2989.95 2987.81 2981.95 2867.33 2982.08 2991.48 
3011.17 2982.76 2962.37 2980.88 2983.21 2983.74 2986.79 2983.22 
2981.76 2993.51 2983.22 2984.66 2985.42 2978.01 2983.29 2980.34 
2976.64 2980.5 3000.82 2983.49 3008.64 3059.96 2895.97 2973.24 
2977.63 3006.22 2979.75 3067.39 2976.55 2983.35 2975.52 2976.75 
2980.53 2863.09 2972.95 3055.57 2937.12 2979.21 2971.5 2916.18 
2983.46 2971.37 2978.52 2999.47 3020.34 2971.72 3018.36 2966.45 
2970.87 2978.17 3034.94 2973.55 2971.1 2977.79 2974.14 3000.01 
2978.89 2971.56 2855.07 2971.61 2980.16 2987.28 2988.42 2985.2 
2977.27 2861.45 2975.05 2988.5 2860.08 2975.62 2979.71 2972.1 
2978.89 2987.96 2974.91 2980.32 2923.58 3008.62 2975.02 2976.28 
2975.69 2967.92 2978.94 2976.45 2973.14 2982.48 2976.93 2962.8 
2980.78 2981.72 2975.01 2972.19 3208.69 2979.56 3015.11 2978.83 
2979.49 3013.44 2985.3 2985.1 2980.71 3023.09 2970.68 2968.72 
2999.74 2983.17 2862.2 2972.68 2978.28 2995.33 2973.66 2977.96 
2981.04 2976.45 2974.12 2979.06 2978.76 2898.48 2976.79 2985.77 
2977.53 2988.85 2986.22 3123.7 2977.25 2948.65 2984.68 2985.66 
3004.42 2981.39 2981.33 2981.34 2978.52 2984.14 3001.44 2980.98 
2975.58 2982.13 2997.72 2953.04 2979.63 2981.29 2980.65 2990.88 
2973.74 2860.23 2981.76 2974.89 2976.15 3081.88 2971.42 2977.94 
2986.08 2978.39 2983.06 2981.68 2985.02 2969.99 2987.86 2940.3 
2978.86 3022.17 2987.09 2976.79 2980.14 2984.83 2976.95 2980.63 
3010.26 2976.68 2980.58 2978.15 2994.18 2991.96 2987.09 2983.8 
2973.05 2978.08 2982.68 2923.83 2985.66 2981.47 2968.35 2976.88 
2981.89 2935.03 2990.92 2994.22 2989.04 3015.69 2981.6 2992.91 
2995.52 2996.46 3025.16 2993.66 2990.54 2997.42 2991.27 2985.17 
3007.44 2984.64 3120.93 2982.27 2980.58 2981.97 2978.49 3026.18 
2999.83 2980.39 2984.52 2978.77 2979.41 2999.03 2984.81 2995.46 
2939.92 2989.88 2984.41 2980.06 2988.34 2994.96 2983.48 2986.58 
2968.53 2981.69 2979.13 2982.26 3053.91 2946.24 2986.78 2955.65 
2977.22 2971.63 2985.7 2922.55 2951.39 2978.68 2981.51 2982.6 
2812.87 2963.75 2977.4 2959.33 2985.84 2934.63 2940.04 2950.59 
2971.39 2962.97 2937.71 3057.91 2966.38 2964.66 2977.86 2991.31 
2944.13 0 0 0 0 0 0 0 
# LVDC V1 t0 parameters T0 max error 
0 0 0 0 2625.3 2521.21 2698.31 2949.82 
2982.73 2956.9 2687.72 2946.02 2962.94 2979.96 2777.6 2908.23 
2909.8 2955.91 2533.46 2841.14 2963.65 2960.12 2956.08 2949.44 
2954.18 2888.6 2963.61 2957.74 2969.2 2945.04 2970.06 2965.64 
2916.06 2981.23 2981.19 2706.58 2944.01 2981.7 2958.33 2974.24 
2578.29 3021.27 2977.28 2963.41 3033.64 2975.36 2870.32 2940.47 
2979.08 2983.74 2986.87 3059 2986.18 2993.74 2963.22 2982.28 
2976.51 2980.17 2987.82 3008.38 2998.19 2991.2 2984.78 2978.04 
3156.29 2986.17 2987.64 2868.9 2985.74 3025.55 2984.8 2991.88 
2989.12 2988.76 2955.87 2939.42 3025.42 2916.28 2983.93 3003.11 
2990.49 2991.36 2985.61 2971.28 3000.47 2981.56 2988.31 2987.79 
2980.32 2987.59 2979.86 2987.89 2984.27 2995.85 2971.44 2982.26 
2988.76 2942.3 3006.34 2987.88 2997.11 2986.68 2995.91 2993.7 
2985.18 2998.72 3010.77 2988.52 2991.13 3004.49 2990.16 2991.46 
2993.86 2987 2982.89 2983 2934.44 2991.47 2983.96 2995.41 
2989.22 3011.22 2994.87 2978.95 2983 2991.39 2986.95 2999.15 
2997.77 2996.89 2992.36 2991.11 2990.77 2989.92 3078.11 2997.09 
2988.52 2990.97 2990.18 3167.81 2989.31 2990.76 2989.44 2984.01 
3006.81 2980.03 3049.27 3004.15 3013.67 2983.74 2992.31 2996.62 
2987.36 3031.96 2979.15 2984.17 2989.51 2987.63 2984.24 2990.07 
2982.96 3002.65 3010.05 2994.59 2986.31 3020.89 2999.47 2993.01 
2993.44 2996.29 2994.42 2985.7 2983.42 3336.55 3010.99 2986.53 
2990.41 2986.11 2994.39 2990.63 3076.09 2994.67 2988.96 2993.05 
2979.39 3060.72 3080.23 2981.87 2978.73 2986.38 2986.11 2988.65 
2998.74 2986.47 3008.32 2917.65 2991.84 2984.71 2989.55 2990.62 
2988.62 2991.03 3006.23 6125.56 2985.04 2986 3015.34 2984.57 
2997.41 3031.76 2990.54 2990.01 3002.85 2991.54 2986.13 3033.87 
3011.55 2984.35 2990.11 3050.37 2989.42 2992.75 2987.23 2931.45 
2985.59 2987.19 2988.91 3004.35 3005.44 2985.57 2987.12 3178.81 
3004.72 2980.51 2990.46 2988.22 2989.55 2984.23 3349.02 2981.34 
2993.64 2993.67 2989.32 2999.43 2964.17 2992.62 2991.86 2949.14 
3004.53 2992.16 2992.01 2875.54 2987.67 2986.22 2982.13 2988.73 
3017.04 2995.68 2995.21 3007.78 2994.57 2990.1 3001.94 3003.1 
2991.22 3001.5 3000.8 2992.99 2942.28 2990.4 2991.64 2989.12 
3024.52 2925.66 2992.59 2999.85 2993.23 2995.58 3048.27 3001.13 
2997.33 2997.69 2991.55 2989.81 3000.19 2993.08 3010.47 3003.43 
3101.06 2996.75 3005.21 3018.09 3048.5 3007.08 2989.35 2998.6 
2987.03 2990.74 3017.65 2995.26 2990.54 2987.82 2992.74 2994.52 
3000.54 3013.57 2993.44 2975.12 2992.16 3077.75 3001.41 2988.89 
2994.51 2998.08 2990.11 2954.18 2953.18 2969.93 2962.27 2914.07 
2953.63 2961.93 2917.34 2992.29 2949.24 2956.15 2945.03 2976.36 
2988.88 2981.54 2970.08 2993.41 2927.42 2944.97 2919.49 2979.15 
2978.11 2965.32 2963.68 2969.84 2916.28 2948.53 2530.3 2937.05 
2953.89 2914.02 2997.83 2978.57 2972.65 2949.68 2977.67 2972.36 
2945.39 0 0 0 0 0 0 0 
0 0 0 0 0 0 0 0 
# LVDC V2 t0 parameters T0 max error 
0 0 0 0 0 2562.62 2947.59 2941.24 
2947.8 2971.28 2862.5 2616.31 2963.95 2883.42 2934.2 2642.91 
2865.01 2628.66 2630.33 2967.11 2981.13 3054.27 2896.52 2959.23 
2920.64 2959.7 3148.54 2978.45 2789.45 2955.45 2985.29 2964.04 
2863.14 2908.56 2965.15 2879.3 2986.39 3006.7 2884.46 2965.86 
2957.7 2982.35 3017.6 3003.72 2985.96 3008.14 2863.73 2979.01 
2983.76 2926.22 2984.31 2981.18 2994.05 3009.45 2975.22 2984.72 
2987.36 2975.71 2982.3 2983.7 2970.23 3054.01 2999.66 2985.9 
2986.99 2985.06 2991.37 2978.78 2988.96 2977.78 2982 2914.97 
2990.57 2921.9 2979.02 2973.66 2979.02 2984.19 2982.65 3002.76 
2982.72 2943.38 2863.49 2977.84 2986.32 2979.85 2983.06 2988.66 
2973.9 2857.85 3013.04 2862.21 2986.9 2981.64 2978.04 2987.82 
3008.55 2997.43 2987.53 2983.29 2985.65 2981.98 3036.44 2984.49 
2990.86 2984.94 2992.26 2981.72 2908.76 2988.87 2988.19 2987.9 
2989.99 2984.24 2984.93 2985.6 2982.8 3011.19 2985.95 2989.52 
2986.88 2984.33 3000.45 3004.29 2985.38 2985.39 2989.82 3012.21 
2986.41 2975.83 3014.22 3054.17 4688.32 2984.96 2970.73 2997.1 
2981.85 2984.77 2989.77 2974.34 2977.01 2974.49 2966.43 2977.16 
2981.82 2983.54 2985.69 2985.34 2982.04 2982.22 2986.77 2976.58 
3035.79 2965.37 2984.08 2975.21 2973.12 2975.27 2976.66 2979.98 
2989.53 2987.59 2945.17 2986.9 2983.91 2990.12 2971.12 2981.66 
2981.68 2982.88 3030.92 2980.82 2979.97 3012.61 3076.18 2983.47 
2974.01 2976.21 2987.11 2998.73 2989.14 2982.47 2981.49 2988.59 
2985.22 2855.63 2987.27 2980.36 3003.79 2980.94 3010.96 2978.96 
2988.1 3119.65 2988.58 2982.82 2985.86 2983.23 2988.03 2991.43 
3027.43 4546.73 2989.39 2986.31 5252.81 3037.1 2985.5 2978.39 
2989.14 2976.47 2955.05 2984.97 2982.02 2867.78 3039.01 2989.12 
3004.28 2890.18 2988.48 2970.89 2984.08 3274.82 2983.12 2978.04 
3018.49 3050.03 2986.65 2979.19 2982.33 2986.97 3004.71 2868.7 
2987.02 2883.23 3019.34 2986.09 3270.8 2981.91 2984.74 2976.36 
2992.27 2993.32 2986.96 2980.04 2996.67 2985.73 2993.48 2993.02 
2869.59 2986.6 2979.03 3000.96 2992.99 3014.22 3011.42 2977.82 
2987.88 2996.92 2982.51 3033.12 2980.04 2991.14 3105.85 2989.38 
2981.6 2988.3 3004.92 2983.47 2983.39 2987.76 2990.19 2982.95 
2982.69 3008.24 3059.54 2982.35 2998.25 2983.66 2980.98 2987.45 
2986.37 2957.78 2983.7 2977.02 3095.9 2948.91 2979.03 2989.26 
2995.17 2987.57 2996.91 2989.35 2993.99 2993.14 2998.47 2990.78 
2995.04 2997.68 2999.13 2985.07 2940.03 2986.64 3021.48 2995.78 
2987.19 2977.35 3001.86 2989.45 2998.78 2993.25 2992.2 3054.18 
3000.66 2985.42 2993.81 2985.9 2991.04 2979.8 2978.49 2981.4 
2997.21 3194.58 2981.59 2981.14 2996.99 2976.44 2998.42 2977.54 
2965.89 2960.58 2986.91 2980.77 2984.55 2981.34 2983.1 2971.73 
2986.25 2987.39 2984.89 2971.57 2853.03 2984.27 2984.91 2984.32 
2955.18 2939.18 2959.79 2984.49 2985.82 2969.37 2955.5 2930.47 
2938.84 2818.66 2944.57 2945.6 2953.68 2909.95 2951.83 2932.54 
2944.58 2951.52 0 0 0 0 0 0 
