3.25989 0 0 0 0 0
2.25577 1 0 0 0 0
-2.43006 0 1 0 0 0
-0.186587 0 0 1 0 0
0.750105 0 0 0 1 0
0.579463 0 0 0 0 1
1.00645 2 0 0 0 0
-1.18133 1 1 0 0 0
-0.11901 0 2 0 0 0
0.533237 1 0 1 0 0
0.590897 0 1 1 0 0
-0.298206 0 0 2 0 0
0.19844 1 0 0 1 0
-1.04785 0 1 0 1 0
-0.553165 0 0 1 1 0
-0.883104 0 0 0 2 0
0.130959 1 0 0 0 1
-0.438594 0 1 0 0 1
-0.213292 0 0 1 0 1
-0.0214258 0 0 0 1 1
-0.301167 0 0 0 0 2
-1.44004 3 0 0 0 0
0.140904 2 1 0 0 0
0.0358322 1 2 0 0 0
1.08021 0 3 0 0 0
-0.413019 2 0 1 0 0
0.340315 1 1 1 0 0
0.782138 0 2 1 0 0
-0.530547 1 0 2 0 0
-0.915824 0 1 2 0 0
-1.78935 0 0 3 0 0
0.331298 2 0 0 1 0
-1.32655 1 1 0 1 0
0.85168 0 2 0 1 0
-0.464983 1 0 1 1 0
1.6165 0 1 1 1 0
-0.234157 0 0 2 1 0
-0.68114 1 0 0 2 0
1.15721 0 1 0 2 0
0.26383 0 0 1 2 0
0.0741191 0 0 0 3 0
-0.868664 2 0 0 0 1
0.45803 1 1 0 0 1
0.251689 0 2 0 0 1
-0.548351 1 0 1 0 1
-0.286369 0 1 1 0 1
0.594423 0 0 2 0 1
0.363548 1 0 0 1 1
0.579857 0 1 0 1 1
0.141737 0 0 1 1 1
0.0724827 0 0 0 2 1
-0.592408 1 0 0 0 2
0.817306 0 1 0 0 2
0.150233 0 0 1 0 2
-0.066183 0 0 0 1 2
2.09569 0 0 0 0 3
-0.412005 4 0 0 0 0
0.805174 3 1 0 0 0
-0.540224 2 2 0 0 0
-0.627446 1 3 0 0 0
0.456337 0 4 0 0 0
2.53894 3 0 1 0 0
-0.146922 2 1 1 0 0
-2.14324 1 2 1 0 0
-0.583861 0 3 1 0 0
2.21058 2 0 2 0 0
-2.72792 1 1 2 0 0
3.55105 0 2 2 0 0
2.99559 1 0 3 0 0
-1.98041 0 1 3 0 0
0.312456 0 0 4 0 0
-0.0427329 3 0 0 1 0
0.699685 2 1 0 1 0
-0.234696 1 2 0 1 0
0.158177 0 3 0 1 0
-2.11127 2 0 1 1 0
2.00664 1 1 1 1 0
-0.964822 0 2 1 1 0
-0.849933 1 0 2 1 0
0.848223 0 1 2 1 0
1.2224 0 0 3 1 0
0.0852652 2 0 0 2 0
0.189879 1 1 0 2 0
-0.0732267 0 2 0 2 0
-0.276752 1 0 1 2 0
-0.370218 0 1 1 2 0
0.102084 0 0 2 2 0
0.0935832 1 0 0 3 0
-0.173682 0 1 0 3 0
-0.0823757 0 0 1 3 0
0.03348 0 0 0 4 0
-0.98328 3 0 0 0 1
1.37765 2 1 0 0 1
0.507466 1 2 0 0 1
-1.38586 0 3 0 0 1
1.88132 2 0 1 0 1
-1.75399 1 1 1 0 1
-0.728266 0 2 1 0 1
3.3699 1 0 2 0 1
-6.23929 0 1 2 0 1
-1.84215 0 0 3 0 1
0.238712 2 0 0 1 1
0.0437495 1 1 0 1 1
-0.862834 0 2 0 1 1
-0.000663014 1 0 1 1 1
0.421589 0 1 1 1 1
-0.248225 0 0 2 1 1
-0.267638 1 0 0 2 1
0.104152 0 1 0 2 1
0.138985 0 0 1 2 1
-0.0016951 0 0 0 3 1
0.897574 2 0 0 0 2
1.76737 1 1 0 0 2
-1.0642 0 2 0 0 2
0.0114182 1 0 1 0 2
4.58903 0 1 1 0 2
1.24376 0 0 2 0 2
-0.55297 1 0 0 1 2
0.125197 0 1 0 1 2
0.424496 0 0 1 1 2
-0.101692 0 0 0 2 2
-0.477952 1 0 0 0 3
-1.31956 0 1 0 0 3
-3.1038 0 0 1 0 3
-0.327773 0 0 0 1 3
0.300081 0 0 0 0 4
0 5 0 0 0 0
-0.408065 4 1 0 0 0
-0.142983 3 2 0 0 0
0.303093 2 3 0 0 0
0.378316 1 4 0 0 0
0.0585982 0 5 0 0 0
0.225224 4 0 1 0 0
-0.425874 3 1 1 0 0
0.0326634 2 2 1 0 0
0.259402 1 3 1 0 0
-0.299992 0 4 1 0 0
-0.2475 3 0 2 0 0
-0.394544 2 1 2 0 0
0.281967 1 2 2 0 0
0.399113 0 3 2 0 0
0.537684 2 0 3 0 0
0.961167 1 1 3 0 0
0.885459 0 2 3 0 0
0.209223 1 0 4 0 0
-0.0362266 0 1 4 0 0
-0.0368831 0 0 5 0 0
0.241751 4 0 0 1 0
0.018761 3 1 0 1 0
-0.00600265 2 2 0 1 0
-0.0865945 1 3 0 1 0
-0.30122 0 4 0 1 0
-0.0736411 3 0 1 1 0
-0.0289663 2 1 1 1 0
0.0520272 1 2 1 1 0
-0.212961 0 3 1 1 0
-0.452847 2 0 2 1 0
-0.152751 1 1 2 1 0
-0.115322 0 2 2 1 0
-0.115172 1 0 3 1 0
-0.0543705 0 1 3 1 0
0.0630247 0 0 4 1 0
0.0315344 3 0 0 2 0
0.0526703 2 1 0 2 0
0.0672003 1 2 0 2 0
0.0149797 0 3 0 2 0
-0.0318434 2 0 1 2 0
0.0429057 1 1 1 2 0
-0.039663 0 2 1 2 0
-0.116235 1 0 2 2 0
-0.0580308 0 1 2 2 0
0.023023 0 0 3 2 0
-0.0163024 2 0 0 3 0
0.0205249 1 1 0 3 0
0.0239928 0 2 0 3 0
0.0268737 1 0 1 3 0
0.011757 0 1 1 3 0
-0.0406304 0 0 2 3 0
-0.0105305 1 0 0 4 0
0.00332967 0 1 0 4 0
0.0113016 0 0 1 4 0
-0.00406168 0 0 0 5 0
0.370112 4 0 0 0 1
-0.15366 3 1 0 0 1
-0.221278 2 2 0 0 1
-0.225101 1 3 0 0 1
-0.249531 0 4 0 0 1
-1.97274 3 0 1 0 1
0.948556 2 1 1 0 1
2.17392 1 2 1 0 1
0.855731 0 3 1 0 1
2.00006 2 0 2 0 1
-0.556381 1 1 2 0 1
-3.91564 0 2 2 0 1
-3.02452 1 0 3 0 1
-0.43447 0 1 3 0 1
-0.401539 0 0 4 0 1
-0.250327 3 0 0 1 1
-0.0805044 2 1 0 1 1
0.0184356 1 2 0 1 1
-0.0065903 0 3 0 1 1
0.293496 2 0 1 1 1
0.177611 1 1 1 1 1
-0.775619 0 2 1 1 1
1.26019 1 0 2 1 1
1.19687 0 1 2 1 1
-0.0419768 0 0 3 1 1
-0.0984094 2 0 0 2 1
-0.055146 1 1 0 2 1
-0.0759255 0 2 0 2 1
0.382084 1 0 1 2 1
0.124054 0 1 1 2 1
0.114069 0 0 2 2 1
-0.0449176 1 0 0 3 1
0.00479066 0 1 0 3 1
0.104477 0 0 1 3 1
0.00793665 0 0 0 4 1
0.0801325 3 0 0 0 2
-0.179885 2 1 0 0 2
0.0392399 1 2 0 0 2
0.738071 0 3 0 0 2
-0.394345 2 0 1 0 2
1.76146 1 1 1 0 2
1.17046 0 2 1 0 2
0.453413 1 0 2 0 2
0.718009 0 1 2 0 2
2.64564 0 0 3 0 2
0.0874687 2 0 0 1 2
0.0528072 1 1 0 1 2
0.125012 0 2 0 1 2
-1.37391 1 0 1 1 2
-1.65373 0 1 1 1 2
-1.74665 0 0 2 1 2
-0.125799 1 0 0 2 2
0.0497797 0 1 0 2 2
-0.506443 0 0 1 2 2
0.0185408 0 0 0 3 2
0.474683 2 0 0 0 3
-0.660109 1 1 0 0 3
-0.719579 0 2 0 0 3
-0.00345406 1 0 1 0 3
0.316437 0 1 1 0 3
1.86766 0 0 2 0 3
0.778761 1 0 0 1 3
0.883981 0 1 0 1 3
-0.474446 0 0 1 1 3
0.238548 0 0 0 2 3
0.0202331 1 0 0 0 4
-1.64715 0 1 0 0 4
3.16511 0 0 1 0 4
-0.774604 0 0 0 1 4
0 0 0 0 0 5
